200 30 9 1 5
0 0.25
38454 38454 38454 38454 38454 38454 38454 38454 38454 38454 38454 38454 38454 38454 38454 38454 38454 38454 38454 38454 38454 38454 38454 38454 38454 38454 38454 38454 38454 38454
w1 0.5
3001 3001 3001 3001 3001 3001 3001 3001 3001 3001 3001 3001 3001 3001 3001 3001 3001 3001 3001 3001 3001 3001 3001 3001 3001 3001 3001 3001 3001 3001
w2 0.5
1532 1532 1532 1532 1532 1532 1532 1532 1532 1532 1532 1532 1532 1532 1532 1532 1532 1532 1532 1532 1532 1532 1532 1532 1532 1532 1532 1532 1532 1532
w3 0.5
1921 1921 1921 1921 1921 1921 1921 1921 1921 1921 1921 1921 1921 1921 1921 1921 1921 1921 1921 1921 1921 1921 1921 1921 1921 1921 1921 1921 1921 1921
w4 0.5
4422 4422 4422 4422 4422 4422 4422 4422 4422 4422 4422 4422 4422 4422 4422 4422 4422 4422 4422 4422 4422 4422 4422 4422 4422 4422 4422 4422 4422 4422
w5 0.5
2560 2560 2560 2560 2560 2560 2560 2560 2560 2560 2560 2560 2560 2560 2560 2560 2560 2560 2560 2560 2560 2560 2560 2560 2560 2560 2560 2560 2560 2560
r1 0.634919
15 15 15 15 15 15 15 15 15 15 15 15 15 15 15 15 15 15 15 15 15 15 15 15 15 15 15 15 15 15
29 64 50 72 89 57 63 89 35 88 47 42 20 6 48 70 30 75 86 27 85 5 29 49 8 38 57 52 93 52
r2 0.568476
19 19 19 19 19 19 19 19 19 19 19 19 19 19 19 19 19 19 19 19 19 19 19 19 19 19 19 19 19 19
14 10 86 98 59 47 84 86 32 31 28 48 33 71 15 55 46 96 74 28 93 99 70 93 37 27 45 28 75 99
r3 0.807939
84 84 84 84 84 84 84 84 84 84 84 84 84 84 84 84 84 84 84 84 84 84 84 84 84 84 84 84 84 84
9 29 79 60 71 63 46 98 86 69 43 16 40 53 67 78 46 38 7 36 37 72 29 67 94 69 87 66 66 29
r4 0.696219
70 70 70 70 70 70 70 70 70 70 70 70 70 70 70 70 70 70 70 70 70 70 70 70 70 70 70 70 70 70
50 26 28 18 81 69 14 65 39 52 76 74 98 40 53 41 74 55 73 8 24 97 70 15 64 54 77 30 79 21
r5 0.609759
26 26 26 26 26 26 26 26 26 26 26 26 26 26 26 26 26 26 26 26 26 26 26 26 26 26 26 26 26 26
43 20 37 21 85 46 81 24 90 55 90 85 90 43 27 64 90 95 68 11 89 35 22 53 85 91 75 61 12 68
r6 0.659391
50 50 50 50 50 50 50 50 50 50 50 50 50 50 50 50 50 50 50 50 50 50 50 50 50 50 50 50 50 50
83 16 64 68 57 42 84 45 92 75 30 83 15 52 47 98 44 12 9 34 40 26 79 22 17 55 75 25 23 54
r7 0.890206
6 6 6 6 6 6 6 6 6 6 6 6 6 6 6 6 6 6 6 6 6 6 6 6 6 6 6 6 6 6
66 28 67 20 66 48 60 58 23 86 41 31 38 81 29 75 85 33 9 25 52 83 39 61 35 14 78 53 64 43
r8 0.790197
27 27 27 27 27 27 27 27 27 27 27 27 27 27 27 27 27 27 27 27 27 27 27 27 27 27 27 27 27 27
66 16 42 32 59 95 83 75 81 21 6 16 97 27 83 80 52 87 97 96 68 37 58 98 46 33 49 7 71 96
r9 0.681992
35 35 35 35 35 35 35 35 35 35 35 35 35 35 35 35 35 35 35 35 35 35 35 35 35 35 35 35 35 35
9 64 62 63 59 42 35 37 59 33 45 53 55 29 33 8 13 31 96 76 63 54 72 6 80 21 9 51 17 33
r10 0.946686
21 21 21 21 21 21 21 21 21 21 21 21 21 21 21 21 21 21 21 21 21 21 21 21 21 21 21 21 21 21
92 41 76 48 75 12 80 34 40 23 83 88 44 13 88 52 39 84 29 94 36 96 96 16 14 5 59 26 33 41
r11 0.929398
23 23 23 23 23 23 23 23 23 23 23 23 23 23 23 23 23 23 23 23 23 23 23 23 23 23 23 23 23 23
74 12 66 49 16 44 76 49 59 56 37 98 64 22 50 99 6 71 93 37 64 89 48 73 86 5 91 20 38 30
r12 0.763285
12 12 12 12 12 12 12 12 12 12 12 12 12 12 12 12 12 12 12 12 12 12 12 12 12 12 12 12 12 12
35 93 53 46 34 26 87 88 77 24 86 42 38 34 38 40 5 31 69 65 18 15 38 99 15 30 16 48 52 43
r13 0.544359
79 79 79 79 79 79 79 79 79 79 79 79 79 79 79 79 79 79 79 79 79 79 79 79 79 79 79 79 79 79
37 5 26 66 24 10 52 96 30 38 35 60 64 68 95 65 92 65 30 7 72 60 98 82 85 15 30 35 50 77
r14 0.772384
79 79 79 79 79 79 79 79 79 79 79 79 79 79 79 79 79 79 79 79 79 79 79 79 79 79 79 79 79 79
74 32 43 93 38 90 87 60 25 19 20 85 83 13 50 72 70 72 74 42 32 72 24 15 79 46 42 30 20 51
r15 0.877568
89 89 89 89 89 89 89 89 89 89 89 89 89 89 89 89 89 89 89 89 89 89 89 89 89 89 89 89 89 89
76 47 80 14 34 64 69 55 78 81 40 61 89 82 30 59 54 99 96 78 72 17 85 51 58 27 73 70 71 75
r16 0.904817
47 47 47 47 47 47 47 47 47 47 47 47 47 47 47 47 47 47 47 47 47 47 47 47 47 47 47 47 47 47
19 37 56 49 96 22 99 71 98 36 30 85 18 55 41 64 55 35 39 27 47 25 70 98 47 41 68 18 16 25
r17 0.575133
30 30 30 30 30 30 30 30 30 30 30 30 30 30 30 30 30 30 30 30 30 30 30 30 30 30 30 30 30 30
54 13 74 50 27 70 22 23 6 47 8 16 94 44 72 49 74 12 68 19 29 36 14 68 72 77 79 83 95 36
r18 0.948512
49 49 49 49 49 49 49 49 49 49 49 49 49 49 49 49 49 49 49 49 49 49 49 49 49 49 49 49 49 49
42 80 92 64 50 11 82 49 50 82 57 44 24 30 89 93 34 57 9 55 85 18 23 57 88 97 40 83 31 46
r19 0.621297
68 68 68 68 68 68 68 68 68 68 68 68 68 68 68 68 68 68 68 68 68 68 68 68 68 68 68 68 68 68
23 21 32 68 27 12 14 72 86 67 14 10 89 98 96 23 52 5 70 38 19 88 87 99 83 28 82 14 66 8
r20 0.801396
84 84 84 84 84 84 84 84 84 84 84 84 84 84 84 84 84 84 84 84 84 84 84 84 84 84 84 84 84 84
25 6 49 44 10 59 14 92 23 23 97 12 18 90 27 62 91 92 92 7 77 80 6 60 5 80 69 63 83 43
r21 0.976434
5 5 5 5 5 5 5 5 5 5 5 5 5 5 5 5 5 5 5 5 5 5 5 5 5 5 5 5 5 5
45 88 45 47 44 51 39 62 66 34 66 79 24 85 38 12 74 31 14 52 8 12 12 8 87 74 66 68 17 10
r22 0.939444
57 57 57 57 57 57 57 57 57 57 57 57 57 57 57 57 57 57 57 57 57 57 57 57 57 57 57 57 57 57
90 10 97 35 53 36 89 19 62 53 93 82 35 32 89 10 55 96 57 58 8 61 58 88 35 21 56 45 23 21
r23 0.515648
13 13 13 13 13 13 13 13 13 13 13 13 13 13 13 13 13 13 13 13 13 13 13 13 13 13 13 13 13 13
24 91 40 72 28 27 87 85 72 77 64 7 6 51 12 56 47 61 11 47 23 64 35 50 77 83 90 95 5 85
r24 0.863088
21 21 21 21 21 21 21 21 21 21 21 21 21 21 21 21 21 21 21 21 21 21 21 21 21 21 21 21 21 21
76 41 88 96 63 72 79 35 47 43 38 48 89 42 97 33 99 8 76 19 65 8 61 42 87 49 38 84 31 39
r25 0.852852
7 7 7 7 7 7 7 7 7 7 7 7 7 7 7 7 7 7 7 7 7 7 7 7 7 7 7 7 7 7
75 85 96 36 55 75 66 97 15 96 45 97 36 42 27 35 43 98 46 5 99 99 42 86 48 72 67 74 8 67
r26 0.88216
76 76 76 76 76 76 76 76 76 76 76 76 76 76 76 76 76 76 76 76 76 76 76 76 76 76 76 76 76 76
49 67 12 99 39 70 96 49 67 39 43 95 73 66 27 16 61 68 13 60 64 51 43 13 20 10 79 24 69 50
r27 0.973626
16 16 16 16 16 16 16 16 16 16 16 16 16 16 16 16 16 16 16 16 16 16 16 16 16 16 16 16 16 16
17 99 15 51 69 9 93 33 43 36 28 16 97 50 25 59 15 33 16 75 76 55 80 89 57 59 10 24 7 5
r28 0.545566
19 19 19 19 19 19 19 19 19 19 19 19 19 19 19 19 19 19 19 19 19 19 19 19 19 19 19 19 19 19
96 45 63 65 46 56 91 84 84 16 93 82 62 18 38 69 43 46 44 20 93 21 9 51 73 14 70 75 11 5
r29 0.952717
99 99 99 99 99 99 99 99 99 99 99 99 99 99 99 99 99 99 99 99 99 99 99 99 99 99 99 99 99 99
42 49 61 84 5 52 65 85 64 58 64 23 68 94 87 12 40 29 24 34 45 25 77 18 31 44 88 34 44 75
r30 0.668842
78 78 78 78 78 78 78 78 78 78 78 78 78 78 78 78 78 78 78 78 78 78 78 78 78 78 78 78 78 78
24 89 62 22 42 28 99 98 78 60 21 47 54 8 51 86 32 70 17 70 90 89 83 18 33 69 47 69 44 75
r31 0.565977
60 60 60 60 60 60 60 60 60 60 60 60 60 60 60 60 60 60 60 60 60 60 60 60 60 60 60 60 60 60
64 99 77 98 27 73 96 98 33 14 45 79 18 88 66 42 58 78 12 45 65 88 58 90 57 5 57 93 72 97
r32 0.792477
36 36 36 36 36 36 36 36 36 36 36 36 36 36 36 36 36 36 36 36 36 36 36 36 36 36 36 36 36 36
96 28 32 21 93 25 19 27 35 56 98 45 44 64 79 94 40 84 39 97 72 92 87 26 89 41 19 61 38 64
r33 0.652413
35 35 35 35 35 35 35 35 35 35 35 35 35 35 35 35 35 35 35 35 35 35 35 35 35 35 35 35 35 35
87 21 48 81 39 62 5 69 15 98 11 54 60 85 45 92 69 79 89 38 68 73 59 57 15 70 18 45 35 99
r34 0.547122
19 19 19 19 19 19 19 19 19 19 19 19 19 19 19 19 19 19 19 19 19 19 19 19 19 19 19 19 19 19
18 20 92 52 77 92 18 84 88 24 35 48 9 75 37 71 54 26 9 22 91 61 71 98 31 81 44 58 81 16
r35 0.878696
94 94 94 94 94 94 94 94 94 94 94 94 94 94 94 94 94 94 94 94 94 94 94 94 94 94 94 94 94 94
29 65 46 98 55 59 83 43 75 18 83 76 89 20 47 40 41 49 55 29 7 26 25 30 8 61 84 84 69 54
r36 0.975162
93 93 93 93 93 93 93 93 93 93 93 93 93 93 93 93 93 93 93 93 93 93 93 93 93 93 93 93 93 93
16 21 92 66 72 75 9 47 85 87 23 74 99 63 12 37 12 62 62 14 83 82 36 83 43 20 67 12 69 42
r37 0.550422
81 81 81 81 81 81 81 81 81 81 81 81 81 81 81 81 81 81 81 81 81 81 81 81 81 81 81 81 81 81
55 90 44 27 65 46 69 50 30 85 22 30 48 29 62 52 83 21 58 66 95 89 50 38 7 14 43 71 49 41
r38 0.859443
99 99 99 99 99 99 99 99 99 99 99 99 99 99 99 99 99 99 99 99 99 99 99 99 99 99 99 99 99 99
28 89 27 85 32 88 32 57 70 49 82 18 70 45 62 53 58 20 17 54 7 59 84 9 68 27 72 17 60 19
r39 0.707191
80 80 80 80 80 80 80 80 80 80 80 80 80 80 80 80 80 80 80 80 80 80 80 80 80 80 80 80 80 80
5 33 65 32 18 93 84 84 39 64 94 7 6 57 52 59 69 64 13 68 20 93 72 84 17 45 93 73 59 99
r40 0.582953
59 59 59 59 59 59 59 59 59 59 59 59 59 59 59 59 59 59 59 59 59 59 59 59 59 59 59 59 59 59
32 16 83 46 6 67 27 40 31 21 39 32 70 87 87 40 48 95 8 64 85 73 45 98 15 35 68 69 35 18
r41 0.835325
59 59 59 59 59 59 59 59 59 59 59 59 59 59 59 59 59 59 59 59 59 59 59 59 59 59 59 59 59 59
29 8 97 27 67 24 60 94 41 94 23 11 78 7 43 27 98 44 83 80 17 25 78 27 52 46 88 79 60 10
r42 0.864197
81 81 81 81 81 81 81 81 81 81 81 81 81 81 81 81 81 81 81 81 81 81 81 81 81 81 81 81 81 81
13 33 9 72 53 64 66 86 58 82 89 34 84 30 56 79 69 36 60 78 53 38 5 5 80 85 80 37 90 16
r43 0.761648
95 95 95 95 95 95 95 95 95 95 95 95 95 95 95 95 95 95 95 95 95 95 95 95 95 95 95 95 95 95
44 19 67 92 78 31 75 34 13 65 63 92 90 16 72 56 44 29 34 92 62 31 92 39 16 69 71 6 80 85
r44 0.633358
25 25 25 25 25 25 25 25 25 25 25 25 25 25 25 25 25 25 25 25 25 25 25 25 25 25 25 25 25 25
99 60 14 75 86 85 9 91 47 64 84 34 72 53 85 16 77 19 5 36 42 92 71 53 59 42 51 39 24 44
r45 0.689983
21 21 21 21 21 21 21 21 21 21 21 21 21 21 21 21 21 21 21 21 21 21 21 21 21 21 21 21 21 21
96 66 91 80 48 92 71 87 56 52 21 28 5 98 36 74 17 36 11 54 25 77 99 79 16 50 16 36 86 67
r46 0.735977
82 82 82 82 82 82 82 82 82 82 82 82 82 82 82 82 82 82 82 82 82 82 82 82 82 82 82 82 82 82
30 43 62 70 32 31 57 83 78 70 8 76 68 36 50 77 67 56 28 84 30 27 64 42 69 75 70 55 39 22
r47 0.734701
65 65 65 65 65 65 65 65 65 65 65 65 65 65 65 65 65 65 65 65 65 65 65 65 65 65 65 65 65 65
57 89 35 84 20 85 64 94 55 64 70 24 95 17 96 59 66 22 43 91 44 99 30 14 74 95 61 11 14 91
r48 0.828439
63 63 63 63 63 63 63 63 63 63 63 63 63 63 63 63 63 63 63 63 63 63 63 63 63 63 63 63 63 63
78 98 47 93 80 8 84 36 67 51 52 59 64 45 15 27 62 54 18 7 50 41 13 25 33 69 28 40 58 94
r49 0.6046
36 36 36 36 36 36 36 36 36 36 36 36 36 36 36 36 36 36 36 36 36 36 36 36 36 36 36 36 36 36
89 43 26 70 46 8 6 11 51 50 62 15 90 73 34 50 24 45 49 69 81 57 86 14 23 14 49 73 5 45
r50 0.697213
90 90 90 90 90 90 90 90 90 90 90 90 90 90 90 90 90 90 90 90 90 90 90 90 90 90 90 90 90 90
83 25 60 29 28 58 32 74 5 90 82 90 60 16 37 76 56 81 45 34 35 29 41 51 35 82 24 36 27 23
r51 0.952543
10 10 10 10 10 10 10 10 10 10 10 10 10 10 10 10 10 10 10 10 10 10 10 10 10 10 10 10 10 10
43 78 32 66 33 56 37 33 43 19 20 98 28 53 74 76 34 17 11 62 41 47 13 71 29 29 99 49 47 22
r52 0.51488
85 85 85 85 85 85 85 85 85 85 85 85 85 85 85 85 85 85 85 85 85 85 85 85 85 85 85 85 85 85
95 78 48 25 35 81 53 70 92 69 69 20 22 40 92 48 52 98 7 85 42 15 54 63 40 53 12 79 71 59
r53 0.770097
63 63 63 63 63 63 63 63 63 63 63 63 63 63 63 63 63 63 63 63 63 63 63 63 63 63 63 63 63 63
34 13 84 61 89 34 32 82 98 93 94 17 33 86 58 78 81 60 60 20 68 11 79 5 60 83 79 28 42 44
r54 0.628168
69 69 69 69 69 69 69 69 69 69 69 69 69 69 69 69 69 69 69 69 69 69 69 69 69 69 69 69 69 69
50 67 30 36 94 54 15 92 47 10 7 76 88 57 51 67 17 11 79 77 18 58 77 70 39 54 90 76 90 73
r55 0.583266
40 40 40 40 40 40 40 40 40 40 40 40 40 40 40 40 40 40 40 40 40 40 40 40 40 40 40 40 40 40
38 68 69 32 22 79 21 65 81 23 38 67 72 81 31 82 84 10 59 94 61 34 61 95 83 51 68 73 22 11
r56 0.687185
55 55 55 55 55 55 55 55 55 55 55 55 55 55 55 55 55 55 55 55 55 55 55 55 55 55 55 55 55 55
71 75 79 88 51 95 50 30 16 80 89 83 58 20 65 43 22 22 37 78 51 94 73 34 42 42 99 59 45 10
r57 0.950433
16 16 16 16 16 16 16 16 16 16 16 16 16 16 16 16 16 16 16 16 16 16 16 16 16 16 16 16 16 16
77 85 96 26 78 47 51 89 24 40 69 78 52 32 18 69 49 50 48 92 41 18 23 79 52 22 35 92 25 42
r58 0.956002
97 97 97 97 97 97 97 97 97 97 97 97 97 97 97 97 97 97 97 97 97 97 97 97 97 97 97 97 97 97
27 97 23 5 44 66 86 60 98 56 35 50 80 48 17 26 91 57 18 29 70 36 8 20 50 36 12 70 73 13
r59 0.677462
95 95 95 95 95 95 95 95 95 95 95 95 95 95 95 95 95 95 95 95 95 95 95 95 95 95 95 95 95 95
10 80 96 46 47 82 98 42 35 34 88 15 74 97 36 65 54 46 90 21 74 90 36 25 26 41 90 94 46 52
r60 0.547708
48 48 48 48 48 48 48 48 48 48 48 48 48 48 48 48 48 48 48 48 48 48 48 48 48 48 48 48 48 48
33 83 86 72 62 84 14 90 15 94 5 85 91 34 47 42 72 37 59 47 25 87 67 46 28 54 38 66 7 25
r61 0.874434
35 35 35 35 35 35 35 35 35 35 35 35 35 35 35 35 35 35 35 35 35 35 35 35 35 35 35 35 35 35
5 95 99 62 77 13 49 84 5 50 69 88 76 14 31 48 46 82 90 63 69 54 7 90 9 40 53 8 57 60
r62 0.592348
57 57 57 57 57 57 57 57 57 57 57 57 57 57 57 57 57 57 57 57 57 57 57 57 57 57 57 57 57 57
52 34 16 29 39 61 14 36 8 75 25 76 84 48 24 28 30 12 86 91 58 88 78 62 25 29 62 77 84 92
r63 0.898955
36 36 36 36 36 36 36 36 36 36 36 36 36 36 36 36 36 36 36 36 36 36 36 36 36 36 36 36 36 36
26 40 61 58 93 67 89 93 39 11 69 24 54 85 44 76 89 27 65 48 16 43 7 33 67 65 8 48 57 31
r64 0.582806
76 76 76 76 76 76 76 76 76 76 76 76 76 76 76 76 76 76 76 76 76 76 76 76 76 76 76 76 76 76
66 41 34 56 5 23 49 39 30 18 55 76 96 94 53 85 22 18 33 30 53 36 58 18 96 58 61 53 85 41
r65 0.879967
48 48 48 48 48 48 48 48 48 48 48 48 48 48 48 48 48 48 48 48 48 48 48 48 48 48 48 48 48 48
74 55 97 71 71 46 11 96 57 61 69 53 53 22 38 70 32 64 92 78 95 47 88 91 6 46 41 83 80 63
r66 0.768276
54 54 54 54 54 54 54 54 54 54 54 54 54 54 54 54 54 54 54 54 54 54 54 54 54 54 54 54 54 54
18 25 23 84 64 26 77 18 79 47 66 32 61 96 94 86 60 86 61 52 31 49 40 32 90 77 12 70 37 32
r67 0.863595
50 50 50 50 50 50 50 50 50 50 50 50 50 50 50 50 50 50 50 50 50 50 50 50 50 50 50 50 50 50
53 37 32 14 58 9 27 37 48 85 65 7 78 56 88 36 43 49 83 69 90 24 93 77 93 97 48 30 29 62
r68 0.702133
74 74 74 74 74 74 74 74 74 74 74 74 74 74 74 74 74 74 74 74 74 74 74 74 74 74 74 74 74 74
94 99 83 52 6 7 84 49 84 46 51 63 98 36 94 38 77 74 99 67 90 89 45 80 86 85 7 12 44 75
r69 0.76964
38 38 38 38 38 38 38 38 38 38 38 38 38 38 38 38 38 38 38 38 38 38 38 38 38 38 38 38 38 38
71 62 82 72 62 63 22 46 10 68 9 5 97 95 38 74 67 37 42 57 26 79 35 9 64 37 16 5 12 93
r70 0.833405
76 76 76 76 76 76 76 76 76 76 76 76 76 76 76 76 76 76 76 76 76 76 76 76 76 76 76 76 76 76
53 20 48 15 75 65 56 80 31 58 80 28 50 15 94 17 44 36 67 65 12 97 66 68 34 78 68 39 71 6
r71 0.903409
21 21 21 21 21 21 21 21 21 21 21 21 21 21 21 21 21 21 21 21 21 21 21 21 21 21 21 21 21 21
18 58 31 86 21 80 66 44 38 44 67 80 51 61 93 91 90 60 56 94 54 23 63 80 93 31 16 61 30 26
r72 0.625697
40 40 40 40 40 40 40 40 40 40 40 40 40 40 40 40 40 40 40 40 40 40 40 40 40 40 40 40 40 40
77 9 26 90 81 85 34 19 26 93 92 72 51 85 63 38 42 17 33 88 32 91 68 25 19 80 81 41 98 59
r73 0.940534
72 72 72 72 72 72 72 72 72 72 72 72 72 72 72 72 72 72 72 72 72 72 72 72 72 72 72 72 72 72
61 95 62 42 77 91 54 98 81 46 71 33 28 31 66 62 43 91 50 70 82 15 87 94 90 69 35 89 25 9
r74 0.889159
78 78 78 78 78 78 78 78 78 78 78 78 78 78 78 78 78 78 78 78 78 78 78 78 78 78 78 78 78 78
5 21 18 74 12 64 73 86 7 41 19 30 67 77 84 11 69 34 73 48 44 61 42 32 27 73 21 44 74 74
r75 0.54635
71 71 71 71 71 71 71 71 71 71 71 71 71 71 71 71 71 71 71 71 71 71 71 71 71 71 71 71 71 71
90 33 46 95 92 19 78 94 52 92 21 19 66 5 25 35 31 91 79 70 52 18 94 71 83 12 15 58 82 27
r76 0.547673
69 69 69 69 69 69 69 69 69 69 69 69 69 69 69 69 69 69 69 69 69 69 69 69 69 69 69 69 69 69
55 67 61 44 78 39 38 30 28 51 45 90 51 62 22 77 53 93 45 97 12 39 68 90 47 76 45 26 98 67
r77 0.949717
51 51 51 51 51 51 51 51 51 51 51 51 51 51 51 51 51 51 51 51 51 51 51 51 51 51 51 51 51 51
31 49 90 10 83 26 32 9 72 69 94 24 32 16 93 77 10 38 75 14 70 40 96 17 13 42 35 9 6 22
r78 0.929485
32 32 32 32 32 32 32 32 32 32 32 32 32 32 32 32 32 32 32 32 32 32 32 32 32 32 32 32 32 32
66 42 34 47 63 59 51 36 28 42 52 52 53 42 30 55 76 97 64 43 34 61 52 40 95 82 44 93 99 91
r79 0.56526
63 63 63 63 63 63 63 63 63 63 63 63 63 63 63 63 63 63 63 63 63 63 63 63 63 63 63 63 63 63
30 52 10 89 11 56 22 31 93 69 79 43 11 6 91 79 95 55 19 29 13 66 61 5 48 97 93 45 88 13
r80 0.682619
19 19 19 19 19 19 19 19 19 19 19 19 19 19 19 19 19 19 19 19 19 19 19 19 19 19 19 19 19 19
60 13 5 63 61 22 86 51 83 65 89 86 63 80 63 58 33 77 80 38 41 41 36 81 39 26 26 24 34 29
r81 0.766294
86 86 86 86 86 86 86 86 86 86 86 86 86 86 86 86 86 86 86 86 86 86 86 86 86 86 86 86 86 86
34 32 46 90 49 33 38 29 90 25 13 54 97 68 12 30 42 84 61 78 26 89 60 57 15 81 73 45 8 9
r82 0.636827
34 34 34 34 34 34 34 34 34 34 34 34 34 34 34 34 34 34 34 34 34 34 34 34 34 34 34 34 34 34
36 70 22 78 98 55 99 88 75 12 39 73 75 47 95 18 28 56 88 49 42 48 98 53 27 72 90 27 76 18
r83 0.693172
9 9 9 9 9 9 9 9 9 9 9 9 9 9 9 9 9 9 9 9 9 9 9 9 9 9 9 9 9 9
80 73 82 78 29 79 64 96 86 95 69 59 42 62 69 63 15 57 12 53 98 11 6 22 75 91 44 51 6 95
r84 0.722584
82 82 82 82 82 82 82 82 82 82 82 82 82 82 82 82 82 82 82 82 82 82 82 82 82 82 82 82 82 82
66 32 57 87 11 18 83 89 14 50 48 48 12 14 11 22 64 16 70 62 19 68 79 89 56 20 37 55 15 84
r85 0.869429
73 73 73 73 73 73 73 73 73 73 73 73 73 73 73 73 73 73 73 73 73 73 73 73 73 73 73 73 73 73
13 86 60 19 5 44 9 11 86 49 54 93 59 58 12 20 69 75 77 83 43 53 69 95 68 6 50 75 82 79
r86 0.935003
91 91 91 91 91 91 91 91 91 91 91 91 91 91 91 91 91 91 91 91 91 91 91 91 91 91 91 91 91 91
65 6 10 62 42 11 65 28 53 17 21 12 70 26 27 36 96 96 16 39 46 80 31 14 81 73 81 63 52 27
r87 0.98015
15 15 15 15 15 15 15 15 15 15 15 15 15 15 15 15 15 15 15 15 15 15 15 15 15 15 15 15 15 15
29 57 69 66 60 35 90 13 47 8 17 14 29 39 45 22 32 56 57 73 36 80 79 14 54 58 69 6 80 21
r88 0.799639
6 6 6 6 6 6 6 6 6 6 6 6 6 6 6 6 6 6 6 6 6 6 6 6 6 6 6 6 6 6
73 75 65 30 10 52 39 49 52 51 58 74 83 95 91 15 51 48 81 79 29 57 85 75 15 54 73 88 67 82
r89 0.774009
37 37 37 37 37 37 37 37 37 37 37 37 37 37 37 37 37 37 37 37 37 37 37 37 37 37 37 37 37 37
57 48 63 59 95 97 8 48 45 58 22 28 50 10 36 96 51 17 72 72 66 54 47 74 5 20 59 68 94 45
r90 0.70139
48 48 48 48 48 48 48 48 48 48 48 48 48 48 48 48 48 48 48 48 48 48 48 48 48 48 48 48 48 48
89 63 7 81 57 7 29 98 57 43 26 7 46 54 95 92 63 64 64 30 18 8 99 19 23 58 82 18 95 79
r91 0.925139
81 81 81 81 81 81 81 81 81 81 81 81 81 81 81 81 81 81 81 81 81 81 81 81 81 81 81 81 81 81
40 61 63 92 63 84 90 21 25 14 20 66 63 16 55 27 75 16 52 89 19 48 5 37 98 79 47 90 58 6
r92 0.879726
93 93 93 93 93 93 93 93 93 93 93 93 93 93 93 93 93 93 93 93 93 93 93 93 93 93 93 93 93 93
62 32 86 22 13 73 35 33 79 51 91 43 62 46 65 34 54 14 20 68 54 20 6 49 94 45 39 50 46 8
r93 0.970394
5 5 5 5 5 5 5 5 5 5 5 5 5 5 5 5 5 5 5 5 5 5 5 5 5 5 5 5 5 5
35 26 20 44 92 50 69 71 93 58 11 52 96 71 82 51 77 97 19 28 15 17 72 9 58 9 51 96 12 87
r94 0.811097
40 40 40 40 40 40 40 40 40 40 40 40 40 40 40 40 40 40 40 40 40 40 40 40 40 40 40 40 40 40
10 14 79 97 56 45 66 47 98 72 94 95 41 73 46 18 68 57 39 78 70 11 79 25 15 31 18 20 18 12
r95 0.676309
23 23 23 23 23 23 23 23 23 23 23 23 23 23 23 23 23 23 23 23 23 23 23 23 23 23 23 23 23 23
18 31 18 67 71 79 11 67 51 5 62 87 71 5 98 36 57 37 14 27 40 85 47 48 16 58 63 26 65 18
r96 0.783028
76 76 76 76 76 76 76 76 76 76 76 76 76 76 76 76 76 76 76 76 76 76 76 76 76 76 76 76 76 76
41 55 43 12 31 46 74 77 46 33 62 14 33 60 45 83 89 51 10 29 37 50 69 45 5 32 64 65 42 6
r97 0.569764
78 78 78 78 78 78 78 78 78 78 78 78 78 78 78 78 78 78 78 78 78 78 78 78 78 78 78 78 78 78
53 73 83 76 19 54 50 58 83 12 67 13 64 10 91 53 56 94 75 85 41 44 28 41 69 87 98 8 85 37
r98 0.954417
38 38 38 38 38 38 38 38 38 38 38 38 38 38 38 38 38 38 38 38 38 38 38 38 38 38 38 38 38 38
10 62 14 25 16 59 75 91 64 42 97 28 44 88 74 96 79 46 78 17 82 6 50 51 88 49 55 73 78 34
r99 0.84519
80 80 80 80 80 80 80 80 80 80 80 80 80 80 80 80 80 80 80 80 80 80 80 80 80 80 80 80 80 80
88 14 97 99 66 72 88 27 12 85 50 51 70 21 44 50 62 23 59 45 21 10 88 10 51 40 75 26 66 76
r100 0.820801
54 54 54 54 54 54 54 54 54 54 54 54 54 54 54 54 54 54 54 54 54 54 54 54 54 54 54 54 54 54
82 96 51 48 68 39 70 75 24 18 27 89 34 66 36 89 81 88 34 98 93 19 5 41 55 72 62 21 45 60
r101 0.683669
28 28 28 28 28 28 28 28 28 28 28 28 28 28 28 28 28 28 28 28 28 28 28 28 28 28 28 28 28 28
56 19 71 25 50 39 92 66 49 19 55 78 78 84 64 56 72 90 51 62 10 51 98 57 21 57 73 61 17 38
r102 0.760983
69 69 69 69 69 69 69 69 69 69 69 69 69 69 69 69 69 69 69 69 69 69 69 69 69 69 69 69 69 69
52 53 86 94 84 78 60 33 90 13 11 68 92 68 21 61 58 68 23 63 16 18 20 32 67 86 86 79 24 70
r103 0.791089
69 69 69 69 69 69 69 69 69 69 69 69 69 69 69 69 69 69 69 69 69 69 69 69 69 69 69 69 69 69
23 31 60 7 7 21 32 92 29 36 57 18 99 73 74 57 38 89 21 50 99 33 74 66 19 60 42 36 31 80
r104 0.653348
46 46 46 46 46 46 46 46 46 46 46 46 46 46 46 46 46 46 46 46 46 46 46 46 46 46 46 46 46 46
8 57 46 10 73 73 94 97 9 51 12 8 22 81 58 55 67 74 97 66 7 72 29 19 32 64 47 55 44 44
r105 0.880069
47 47 47 47 47 47 47 47 47 47 47 47 47 47 47 47 47 47 47 47 47 47 47 47 47 47 47 47 47 47
96 40 53 67 13 47 61 15 91 69 15 10 47 68 60 15 39 55 73 39 27 95 53 54 59 92 10 98 36 99
r106 0.559021
29 29 29 29 29 29 29 29 29 29 29 29 29 29 29 29 29 29 29 29 29 29 29 29 29 29 29 29 29 29
39 90 91 44 35 53 51 23 19 59 28 61 27 80 71 59 35 42 93 57 37 43 9 88 35 11 86 66 10 25
r107 0.649247
41 41 41 41 41 41 41 41 41 41 41 41 41 41 41 41 41 41 41 41 41 41 41 41 41 41 41 41 41 41
16 79 77 43 29 26 58 40 80 81 96 99 58 65 58 89 99 51 43 36 86 47 24 21 50 7 79 52 27 67
r108 0.513688
35 35 35 35 35 35 35 35 35 35 35 35 35 35 35 35 35 35 35 35 35 35 35 35 35 35 35 35 35 35
43 63 70 64 81 25 99 58 6 92 57 57 54 13 46 53 56 81 84 43 29 5 59 74 99 39 24 24 98 9
r109 0.639744
38 38 38 38 38 38 38 38 38 38 38 38 38 38 38 38 38 38 38 38 38 38 38 38 38 38 38 38 38 38
64 22 97 45 42 93 98 41 82 53 90 37 61 36 85 14 17 67 52 38 67 12 10 64 43 29 83 38 33 31
r110 0.857767
93 93 93 93 93 93 93 93 93 93 93 93 93 93 93 93 93 93 93 93 93 93 93 93 93 93 93 93 93 93
45 65 35 80 55 31 21 37 76 11 69 34 39 55 43 48 22 91 79 81 95 81 42 35 7 25 68 32 52 36
r111 0.630486
92 92 92 92 92 92 92 92 92 92 92 92 92 92 92 92 92 92 92 92 92 92 92 92 92 92 92 92 92 92
96 53 69 48 76 85 80 52 88 47 81 24 94 24 65 13 12 41 89 7 22 32 37 24 49 97 48 93 33 66
r112 0.803614
26 26 26 26 26 26 26 26 26 26 26 26 26 26 26 26 26 26 26 26 26 26 26 26 26 26 26 26 26 26
16 52 69 87 35 47 36 20 89 17 37 83 33 97 88 38 38 77 37 52 6 70 68 48 64 16 38 93 74 21
r113 0.582042
85 85 85 85 85 85 85 85 85 85 85 85 85 85 85 85 85 85 85 85 85 85 85 85 85 85 85 85 85 85
66 81 72 96 25 5 13 14 14 45 89 43 39 77 73 72 51 10 21 50 75 84 93 37 93 31 30 67 45 38
r114 0.784078
11 11 11 11 11 11 11 11 11 11 11 11 11 11 11 11 11 11 11 11 11 11 11 11 11 11 11 11 11 11
19 22 99 39 23 12 45 32 50 31 67 84 8 40 54 52 46 70 97 18 52 90 50 45 18 72 12 58 11 57
r115 0.686623
22 22 22 22 22 22 22 22 22 22 22 22 22 22 22 22 22 22 22 22 22 22 22 22 22 22 22 22 22 22
72 60 54 90 65 91 19 15 23 82 91 23 19 45 70 57 13 67 68 60 57 15 97 68 80 6 23 83 59 80
r116 0.986501
31 31 31 31 31 31 31 31 31 31 31 31 31 31 31 31 31 31 31 31 31 31 31 31 31 31 31 31 31 31
37 51 18 97 43 32 9 58 11 93 76 23 38 47 75 43 14 40 98 64 51 92 32 31 94 50 14 50 27 11
r117 0.95297
60 60 60 60 60 60 60 60 60 60 60 60 60 60 60 60 60 60 60 60 60 60 60 60 60 60 60 60 60 60
55 86 54 90 15 56 48 22 49 24 37 79 63 9 23 73 45 21 34 91 11 58 22 5 5 28 50 28 34 23
r118 0.591158
81 81 81 81 81 81 81 81 81 81 81 81 81 81 81 81 81 81 81 81 81 81 81 81 81 81 81 81 81 81
9 34 71 19 82 19 33 31 36 62 11 94 67 26 64 12 39 90 98 45 48 17 45 49 40 87 69 66 10 49
r119 0.899924
11 11 11 11 11 11 11 11 11 11 11 11 11 11 11 11 11 11 11 11 11 11 11 11 11 11 11 11 11 11
75 16 23 58 28 48 84 59 11 87 50 73 10 12 80 45 97 78 85 43 87 31 87 27 15 56 85 21 5 30
r120 0.948285
75 75 75 75 75 75 75 75 75 75 75 75 75 75 75 75 75 75 75 75 75 75 75 75 75 75 75 75 75 75
42 42 30 65 86 12 21 92 91 63 65 97 70 42 42 65 20 27 8 7 50 87 26 61 40 11 74 37 37 93
r121 0.61735
71 71 71 71 71 71 71 71 71 71 71 71 71 71 71 71 71 71 71 71 71 71 71 71 71 71 71 71 71 71
36 35 36 22 42 52 11 33 12 71 30 75 13 64 40 25 87 40 24 34 24 42 87 59 45 61 91 74 55 92
r122 0.738412
83 83 83 83 83 83 83 83 83 83 83 83 83 83 83 83 83 83 83 83 83 83 83 83 83 83 83 83 83 83
27 73 5 61 22 8 90 30 74 17 5 79 77 37 96 61 72 17 87 88 51 75 47 91 33 35 66 83 27 8
r123 0.538086
47 47 47 47 47 47 47 47 47 47 47 47 47 47 47 47 47 47 47 47 47 47 47 47 47 47 47 47 47 47
77 63 8 94 63 90 24 37 8 21 13 77 53 6 38 22 15 25 10 61 92 49 50 26 79 16 9 99 16 65
r124 0.907339
88 88 88 88 88 88 88 88 88 88 88 88 88 88 88 88 88 88 88 88 88 88 88 88 88 88 88 88 88 88
25 46 83 84 37 99 21 40 21 27 17 69 25 47 87 33 64 89 89 57 39 39 78 18 47 79 14 59 44 52
r125 0.509074
65 65 65 65 65 65 65 65 65 65 65 65 65 65 65 65 65 65 65 65 65 65 65 65 65 65 65 65 65 65
94 27 49 31 24 62 63 40 81 72 6 99 19 85 32 75 75 21 32 14 53 10 24 92 82 34 51 26 81 91
r126 0.669219
75 75 75 75 75 75 75 75 75 75 75 75 75 75 75 75 75 75 75 75 75 75 75 75 75 75 75 75 75 75
15 32 98 34 87 61 66 68 30 65 67 41 50 91 17 25 10 44 34 58 47 54 47 26 80 94 44 61 82 28
r127 0.616193
89 89 89 89 89 89 89 89 89 89 89 89 89 89 89 89 89 89 89 89 89 89 89 89 89 89 89 89 89 89
52 32 21 39 86 79 5 16 44 64 53 90 56 62 12 61 98 42 16 42 88 58 63 68 49 8 29 28 28 55
r128 0.544298
75 75 75 75 75 75 75 75 75 75 75 75 75 75 75 75 75 75 75 75 75 75 75 75 75 75 75 75 75 75
83 31 12 66 7 9 77 47 68 27 34 21 81 41 74 80 78 85 19 63 41 78 31 85 78 53 11 98 8 21
r129 0.891602
83 83 83 83 83 83 83 83 83 83 83 83 83 83 83 83 83 83 83 83 83 83 83 83 83 83 83 83 83 83
47 77 49 49 81 24 88 50 43 22 63 22 59 38 94 34 23 13 93 59 83 21 42 58 66 48 56 67 64 27
r130 0.998291
8 8 8 8 8 8 8 8 8 8 8 8 8 8 8 8 8 8 8 8 8 8 8 8 8 8 8 8 8 8
99 92 49 81 13 35 28 48 52 86 65 8 24 59 35 40 65 25 94 48 41 33 7 5 73 55 67 37 77 14
r131 0.820071
77 77 77 77 77 77 77 77 77 77 77 77 77 77 77 77 77 77 77 77 77 77 77 77 77 77 77 77 77 77
98 79 58 8 14 78 52 58 64 14 62 84 66 92 21 28 17 12 71 50 41 70 47 14 26 14 44 98 21 73
r132 0.628702
16 16 16 16 16 16 16 16 16 16 16 16 16 16 16 16 16 16 16 16 16 16 16 16 16 16 16 16 16 16
52 27 20 58 5 64 17 65 70 74 46 36 63 62 59 72 69 28 19 7 90 62 14 13 68 53 9 84 23 76
r133 0.832912
71 71 71 71 71 71 71 71 71 71 71 71 71 71 71 71 71 71 71 71 71 71 71 71 71 71 71 71 71 71
99 13 29 99 72 41 61 42 12 99 71 67 61 27 36 28 50 51 27 38 13 36 46 73 81 50 58 5 24 51
r134 0.6498
23 23 23 23 23 23 23 23 23 23 23 23 23 23 23 23 23 23 23 23 23 23 23 23 23 23 23 23 23 23
59 92 19 31 31 76 65 35 75 36 95 34 59 31 54 6 74 73 39 79 7 81 53 83 28 8 80 47 54 48
r135 0.949089
10 10 10 10 10 10 10 10 10 10 10 10 10 10 10 10 10 10 10 10 10 10 10 10 10 10 10 10 10 10
38 77 36 61 53 93 88 25 30 80 51 84 9 97 85 78 71 25 58 73 98 8 53 26 11 34 66 57 74 28
r136 0.861126
12 12 12 12 12 12 12 12 12 12 12 12 12 12 12 12 12 12 12 12 12 12 12 12 12 12 12 12 12 12
5 90 65 50 83 51 71 13 31 19 89 35 17 72 11 83 92 61 56 87 64 6 10 67 35 71 21 10 95 78
r137 0.814393
92 92 92 92 92 92 92 92 92 92 92 92 92 92 92 92 92 92 92 92 92 92 92 92 92 92 92 92 92 92
65 72 43 45 23 11 54 49 25 40 77 37 12 83 20 96 44 68 83 8 70 86 67 97 54 83 99 49 61 14
r138 0.616753
23 23 23 23 23 23 23 23 23 23 23 23 23 23 23 23 23 23 23 23 23 23 23 23 23 23 23 23 23 23
81 77 63 96 83 14 45 8 50 19 38 54 97 50 51 41 19 31 41 81 17 8 78 67 86 78 13 44 84 47
r139 0.938337
62 62 62 62 62 62 62 62 62 62 62 62 62 62 62 62 62 62 62 62 62 62 62 62 62 62 62 62 62 62
21 23 58 96 32 95 97 74 15 35 29 12 80 72 49 91 98 82 69 13 86 48 75 69 23 80 14 99 25 68
r140 0.789225
38 38 38 38 38 38 38 38 38 38 38 38 38 38 38 38 38 38 38 38 38 38 38 38 38 38 38 38 38 38
86 16 35 16 11 32 85 21 59 11 26 36 78 67 28 77 49 92 85 32 37 57 97 52 34 8 51 51 71 12
r141 0.633584
55 55 55 55 55 55 55 55 55 55 55 55 55 55 55 55 55 55 55 55 55 55 55 55 55 55 55 55 55 55
20 20 66 27 44 48 40 95 55 61 31 33 25 54 7 67 44 84 94 76 38 91 29 68 94 72 19 63 77 99
r142 0.509679
92 92 92 92 92 92 92 92 92 92 92 92 92 92 92 92 92 92 92 92 92 92 92 92 92 92 92 92 92 92
16 76 19 52 21 52 47 71 10 74 97 31 25 96 93 64 81 84 38 19 76 59 82 67 31 94 30 8 90 40
r143 0.66307
7 7 7 7 7 7 7 7 7 7 7 7 7 7 7 7 7 7 7 7 7 7 7 7 7 7 7 7 7 7
13 9 51 27 56 94 90 62 65 87 85 85 84 75 50 62 59 80 76 32 39 56 95 62 50 22 63 40 55 56
r144 0.863106
60 60 60 60 60 60 60 60 60 60 60 60 60 60 60 60 60 60 60 60 60 60 60 60 60 60 60 60 60 60
60 86 82 14 77 73 68 42 57 53 27 38 25 69 92 79 49 69 12 80 25 99 43 67 18 6 7 68 54 39
r145 0.989329
11 11 11 11 11 11 11 11 11 11 11 11 11 11 11 11 11 11 11 11 11 11 11 11 11 11 11 11 11 11
22 8 20 91 73 83 33 28 33 52 58 53 19 51 30 60 20 34 41 37 30 76 99 43 74 98 12 28 34 33
r146 0.862896
48 48 48 48 48 48 48 48 48 48 48 48 48 48 48 48 48 48 48 48 48 48 48 48 48 48 48 48 48 48
33 47 39 99 30 64 27 56 17 80 6 31 28 28 83 40 57 24 72 82 92 68 23 66 64 27 89 93 52 21
r147 0.56005
80 80 80 80 80 80 80 80 80 80 80 80 80 80 80 80 80 80 80 80 80 80 80 80 80 80 80 80 80 80
63 73 79 85 38 98 38 47 76 40 70 99 60 53 37 18 70 9 92 62 70 12 29 31 34 15 21 81 28 55
r148 0.702497
83 83 83 83 83 83 83 83 83 83 83 83 83 83 83 83 83 83 83 83 83 83 83 83 83 83 83 83 83 83
29 35 66 59 34 99 6 10 36 71 6 92 24 38 7 89 40 91 49 7 99 73 33 30 80 49 12 9 97 63
r149 0.962821
26 26 26 26 26 26 26 26 26 26 26 26 26 26 26 26 26 26 26 26 26 26 26 26 26 26 26 26 26 26
93 53 77 27 50 78 29 81 46 28 70 62 58 72 49 93 61 93 92 60 63 25 85 43 67 89 44 64 52 29
r150 0.80985
46 46 46 46 46 46 46 46 46 46 46 46 46 46 46 46 46 46 46 46 46 46 46 46 46 46 46 46 46 46
74 59 65 24 34 87 98 75 12 68 34 65 38 78 56 94 71 48 51 34 69 36 70 33 23 11 92 70 35 71
r151 0.871321
7 7 7 7 7 7 7 7 7 7 7 7 7 7 7 7 7 7 7 7 7 7 7 7 7 7 7 7 7 7
27 71 26 53 55 21 28 62 82 57 24 17 33 75 11 99 24 54 31 85 85 93 18 5 99 7 68 35 70 76
r152 0.972173
92 92 92 92 92 92 92 92 92 92 92 92 92 92 92 92 92 92 92 92 92 92 92 92 92 92 92 92 92 92
44 55 45 94 69 65 53 51 19 73 63 47 48 66 47 64 20 70 49 97 63 59 98 62 61 63 89 31 39 23
r153 0.542864
76 76 76 76 76 76 76 76 76 76 76 76 76 76 76 76 76 76 76 76 76 76 76 76 76 76 76 76 76 76
71 60 67 40 25 21 83 37 86 43 79 31 9 23 91 21 88 37 18 48 92 13 11 50 71 92 77 8 16 89
r154 0.992258
82 82 82 82 82 82 82 82 82 82 82 82 82 82 82 82 82 82 82 82 82 82 82 82 82 82 82 82 82 82
50 43 19 67 56 97 99 42 37 76 66 41 94 54 57 80 86 67 28 75 73 34 26 41 24 95 44 35 84 20
r155 0.818522
34 34 34 34 34 34 34 34 34 34 34 34 34 34 34 34 34 34 34 34 34 34 34 34 34 34 34 34 34 34
59 25 94 12 22 93 50 54 69 13 87 61 62 41 41 48 5 64 24 73 91 42 15 15 37 51 42 21 67 48
r156 0.852466
23 23 23 23 23 23 23 23 23 23 23 23 23 23 23 23 23 23 23 23 23 23 23 23 23 23 23 23 23 23
68 39 30 82 32 72 33 94 77 20 52 39 53 88 83 50 49 99 24 40 41 31 47 70 74 81 83 38 29 31
r157 0.573947
89 89 89 89 89 89 89 89 89 89 89 89 89 89 89 89 89 89 89 89 89 89 89 89 89 89 89 89 89 89
65 76 71 90 45 99 81 23 16 33 57 61 18 37 12 62 36 28 95 69 51 39 39 25 21 20 59 42 46 12
r158 0.678282
9 9 9 9 9 9 9 9 9 9 9 9 9 9 9 9 9 9 9 9 9 9 9 9 9 9 9 9 9 9
83 98 91 29 95 72 47 11 97 96 65 15 34 72 69 62 95 64 32 46 99 63 66 17 78 22 54 22 27 81
r159 0.714531
10 10 10 10 10 10 10 10 10 10 10 10 10 10 10 10 10 10 10 10 10 10 10 10 10 10 10 10 10 10
77 14 31 69 78 70 72 72 67 37 82 93 9 48 55 99 13 79 42 9 40 6 21 15 23 67 29 45 46 47
r160 0.857556
20 20 20 20 20 20 20 20 20 20 20 20 20 20 20 20 20 20 20 20 20 20 20 20 20 20 20 20 20 20
53 71 84 28 39 56 95 98 89 74 91 93 23 43 90 28 23 29 29 55 30 45 65 46 9 87 83 47 31 28
r161 0.665015
80 80 80 80 80 80 80 80 80 80 80 80 80 80 80 80 80 80 80 80 80 80 80 80 80 80 80 80 80 80
95 46 8 34 95 96 32 84 70 20 74 85 58 61 10 73 86 34 28 13 71 86 51 76 73 35 23 99 58 81
r162 0.553677
53 53 53 53 53 53 53 53 53 53 53 53 53 53 53 53 53 53 53 53 53 53 53 53 53 53 53 53 53 53
24 80 79 19 73 8 95 40 23 70 26 74 28 31 47 14 61 71 20 32 57 66 5 27 93 21 26 52 97 98
r163 0.775804
18 18 18 18 18 18 18 18 18 18 18 18 18 18 18 18 18 18 18 18 18 18 18 18 18 18 18 18 18 18
75 74 30 45 77 25 80 93 87 98 67 16 30 14 22 83 77 37 12 34 96 10 56 89 26 75 38 20 70 36
r164 0.8433
45 45 45 45 45 45 45 45 45 45 45 45 45 45 45 45 45 45 45 45 45 45 45 45 45 45 45 45 45 45
10 58 85 79 76 62 69 63 61 36 71 83 43 89 66 20 23 70 50 19 75 98 6 96 70 39 16 40 67 42
r165 0.506499
69 69 69 69 69 69 69 69 69 69 69 69 69 69 69 69 69 69 69 69 69 69 69 69 69 69 69 69 69 69
92 62 49 68 22 15 29 78 47 95 61 85 84 27 97 8 89 47 19 65 43 20 58 13 52 70 49 19 9 26
r166 0.523169
96 96 96 96 96 96 96 96 96 96 96 96 96 96 96 96 96 96 96 96 96 96 96 96 96 96 96 96 96 96
81 27 62 98 37 86 73 79 81 34 61 63 53 59 63 42 98 74 99 38 87 58 44 39 25 88 50 29 11 31
r167 0.749309
84 84 84 84 84 84 84 84 84 84 84 84 84 84 84 84 84 84 84 84 84 84 84 84 84 84 84 84 84 84
53 82 79 86 68 52 62 47 78 21 7 31 75 62 69 70 36 65 9 20 23 48 51 43 33 97 67 36 25 85
r168 0.777115
74 74 74 74 74 74 74 74 74 74 74 74 74 74 74 74 74 74 74 74 74 74 74 74 74 74 74 74 74 74
67 89 57 33 42 16 72 17 32 71 44 99 30 10 70 58 70 71 74 89 16 25 29 41 19 89 72 40 74 82
r169 0.793646
38 38 38 38 38 38 38 38 38 38 38 38 38 38 38 38 38 38 38 38 38 38 38 38 38 38 38 38 38 38
72 60 63 11 71 32 23 96 95 62 95 25 64 62 79 35 33 50 21 41 70 45 77 82 31 47 22 97 29 25
r170 0.602651
93 93 93 93 93 93 93 93 93 93 93 93 93 93 93 93 93 93 93 93 93 93 93 93 93 93 93 93 93 93
80 88 99 48 21 20 44 13 74 40 34 39 97 10 66 28 55 82 64 22 24 39 96 51 81 18 48 10 35 76
r171 0.612648
12 12 12 12 12 12 12 12 12 12 12 12 12 12 12 12 12 12 12 12 12 12 12 12 12 12 12 12 12 12
62 92 56 78 12 95 83 79 32 14 15 27 19 76 47 66 58 11 81 77 42 77 25 23 88 66 26 20 39 22
r172 0.544651
96 96 96 96 96 96 96 96 96 96 96 96 96 96 96 96 96 96 96 96 96 96 96 96 96 96 96 96 96 96
14 79 71 19 71 55 93 99 64 8 26 76 76 68 39 31 71 17 8 14 90 26 29 75 87 50 90 26 64 18
r173 0.539405
74 74 74 74 74 74 74 74 74 74 74 74 74 74 74 74 74 74 74 74 74 74 74 74 74 74 74 74 74 74
89 86 85 61 41 75 60 98 75 78 74 51 43 13 77 11 26 77 17 13 95 42 80 82 84 70 6 49 81 21
r174 0.62219
70 70 70 70 70 70 70 70 70 70 70 70 70 70 70 70 70 70 70 70 70 70 70 70 70 70 70 70 70 70
7 5 31 41 75 83 39 47 58 10 93 96 15 67 8 36 44 17 41 40 54 21 19 39 84 17 83 65 33 95
r175 0.602391
33 33 33 33 33 33 33 33 33 33 33 33 33 33 33 33 33 33 33 33 33 33 33 33 33 33 33 33 33 33
95 59 66 67 39 5 11 93 10 99 86 20 63 89 49 99 99 82 39 53 99 51 84 80 63 64 45 89 59 69
r176 0.932958
51 51 51 51 51 51 51 51 51 51 51 51 51 51 51 51 51 51 51 51 51 51 51 51 51 51 51 51 51 51
25 83 18 60 80 24 53 82 20 39 94 78 26 43 78 25 23 14 70 22 57 55 94 21 19 39 7 74 5 21
r177 0.887583
26 26 26 26 26 26 26 26 26 26 26 26 26 26 26 26 26 26 26 26 26 26 26 26 26 26 26 26 26 26
99 36 81 76 52 31 58 65 62 52 40 83 88 15 5 11 25 71 25 74 23 19 90 37 50 89 8 50 10 26
r178 0.989004
6 6 6 6 6 6 6 6 6 6 6 6 6 6 6 6 6 6 6 6 6 6 6 6 6 6 6 6 6 6
57 49 77 6 75 32 66 38 77 7 18 65 17 16 68 34 82 85 9 5 96 91 34 46 81 38 88 86 56 57
r179 0.869621
13 13 13 13 13 13 13 13 13 13 13 13 13 13 13 13 13 13 13 13 13 13 13 13 13 13 13 13 13 13
98 62 11 71 90 73 9 67 72 19 29 81 30 89 13 9 74 17 6 67 5 36 10 78 66 93 65 22 47 50
r180 0.911199
43 43 43 43 43 43 43 43 43 43 43 43 43 43 43 43 43 43 43 43 43 43 43 43 43 43 43 43 43 43
12 30 14 94 98 18 61 67 29 82 46 52 71 54 56 42 63 58 9 63 86 14 42 49 5 99 63 44 49 82
r181 0.90775
53 53 53 53 53 53 53 53 53 53 53 53 53 53 53 53 53 53 53 53 53 53 53 53 53 53 53 53 53 53
12 91 48 8 6 6 70 28 84 13 75 55 62 31 90 25 81 91 84 64 98 23 13 95 22 71 39 63 53 19
r182 0.774842
58 58 58 58 58 58 58 58 58 58 58 58 58 58 58 58 58 58 58 58 58 58 58 58 58 58 58 58 58 58
7 59 61 6 61 28 26 42 37 96 89 94 24 79 20 6 71 96 65 66 16 71 61 33 42 92 91 88 8 99
r183 0.958125
11 11 11 11 11 11 11 11 11 11 11 11 11 11 11 11 11 11 11 11 11 11 11 11 11 11 11 11 11 11
56 99 9 14 27 30 51 59 26 40 51 42 17 66 43 80 59 6 46 70 72 7 95 11 91 83 91 95 82 34
r184 0.57412
38 38 38 38 38 38 38 38 38 38 38 38 38 38 38 38 38 38 38 38 38 38 38 38 38 38 38 38 38 38
33 7 44 56 29 90 12 47 28 58 84 40 21 25 17 75 26 58 42 90 57 37 93 48 17 85 43 95 16 38
r185 0.73359
45 45 45 45 45 45 45 45 45 45 45 45 45 45 45 45 45 45 45 45 45 45 45 45 45 45 45 45 45 45
40 70 93 64 57 97 11 80 56 88 17 69 13 29 42 31 79 79 18 36 14 11 77 26 88 17 18 5 51 44
r186 0.512377
86 86 86 86 86 86 86 86 86 86 86 86 86 86 86 86 86 86 86 86 86 86 86 86 86 86 86 86 86 86
11 35 48 63 32 51 41 80 39 50 50 44 72 87 70 51 63 83 80 72 87 57 91 75 66 6 75 17 42 17
r187 0.657396
48 48 48 48 48 48 48 48 48 48 48 48 48 48 48 48 48 48 48 48 48 48 48 48 48 48 48 48 48 48
44 41 9 69 87 42 49 24 87 91 60 59 75 31 8 39 11 83 8 90 37 91 66 98 93 38 16 35 48 9
r188 0.993124
87 87 87 87 87 87 87 87 87 87 87 87 87 87 87 87 87 87 87 87 87 87 87 87 87 87 87 87 87 87
45 80 53 32 22 95 48 6 86 9 58 62 32 61 93 35 44 96 26 73 88 84 71 81 22 79 16 62 83 87
r189 0.617246
28 28 28 28 28 28 28 28 28 28 28 28 28 28 28 28 28 28 28 28 28 28 28 28 28 28 28 28 28 28
64 95 53 78 90 93 80 74 94 38 33 26 94 26 54 35 22 72 5 7 56 71 83 70 48 92 33 28 76 72
r190 0.996248
38 38 38 38 38 38 38 38 38 38 38 38 38 38 38 38 38 38 38 38 38 38 38 38 38 38 38 38 38 38
67 97 16 55 87 91 26 82 26 54 5 20 75 54 47 89 23 47 92 74 16 72 42 56 61 67 79 35 39 28
r191 0.62799
6 6 6 6 6 6 6 6 6 6 6 6 6 6 6 6 6 6 6 6 6 6 6 6 6 6 6 6 6 6
22 79 53 10 68 74 87 89 28 84 7 95 36 46 82 54 89 71 26 97 43 63 53 97 30 32 32 64 53 95
r192 0.600012
70 70 70 70 70 70 70 70 70 70 70 70 70 70 70 70 70 70 70 70 70 70 70 70 70 70 70 70 70 70
71 16 75 39 85 59 29 11 44 28 6 75 69 83 26 55 51 47 49 90 10 97 84 32 27 16 91 75 11 54
r193 0.870756
74 74 74 74 74 74 74 74 74 74 74 74 74 74 74 74 74 74 74 74 74 74 74 74 74 74 74 74 74 74
62 18 14 47 72 35 50 16 58 52 83 24 32 10 75 79 49 21 66 55 19 50 82 38 58 71 10 61 22 50
r194 0.567486
79 79 79 79 79 79 79 79 79 79 79 79 79 79 79 79 79 79 79 79 79 79 79 79 79 79 79 79 79 79
63 44 23 33 71 69 41 29 18 25 46 45 27 18 21 71 34 79 23 45 26 98 78 79 66 83 40 83 31 71
r195 0.709751
86 86 86 86 86 86 86 86 86 86 86 86 86 86 86 86 86 86 86 86 86 86 86 86 86 86 86 86 86 86
12 77 19 79 43 56 5 56 73 46 94 92 59 12 63 86 87 79 31 13 74 10 85 40 85 25 20 16 88 74
r196 0.511409
96 96 96 96 96 96 96 96 96 96 96 96 96 96 96 96 96 96 96 96 96 96 96 96 96 96 96 96 96 96
48 14 75 84 62 75 40 35 19 34 27 70 42 83 56 26 59 80 31 33 82 16 65 67 37 80 76 25 51 71
r197 0.688796
91 91 91 91 91 91 91 91 91 91 91 91 91 91 91 91 91 91 91 91 91 91 91 91 91 91 91 91 91 91
80 85 75 43 61 13 70 72 42 90 42 76 73 91 97 32 71 26 57 53 37 22 20 66 94 88 84 42 59 97
r198 0.72603
37 37 37 37 37 37 37 37 37 37 37 37 37 37 37 37 37 37 37 37 37 37 37 37 37 37 37 37 37 37
83 98 72 41 11 39 13 45 29 47 22 97 38 16 26 9 37 78 54 67 92 67 33 83 55 17 25 12 15 48
r199 0.60067
90 90 90 90 90 90 90 90 90 90 90 90 90 90 90 90 90 90 90 90 90 90 90 90 90 90 90 90 90 90
46 10 31 49 44 36 89 69 78 8 63 17 17 82 18 46 60 68 13 50 35 42 33 82 51 51 89 58 91 30
r200 0.624487
37 37 37 37 37 37 37 37 37 37 37 37 37 37 37 37 37 37 37 37 37 37 37 37 37 37 37 37 37 37
35 74 81 75 7 67 41 81 71 96 90 80 78 8 26 39 68 32 81 98 66 11 81 17 57 67 71 45 93 19
