200 30 5 1 20
0 0.25
34058 34058 34058 34058 34058 34058 34058 34058 34058 34058 34058 34058 34058 34058 34058 34058 34058 34058 34058 34058 34058 34058 34058 34058 34058 34058 34058 34058 34058 34058
w1 0.5
1845 1845 1845 1845 1845 1845 1845 1845 1845 1845 1845 1845 1845 1845 1845 1845 1845 1845 1845 1845 1845 1845 1845 1845 1845 1845 1845 1845 1845 1845
w2 0.5
2912 2912 2912 2912 2912 2912 2912 2912 2912 2912 2912 2912 2912 2912 2912 2912 2912 2912 2912 2912 2912 2912 2912 2912 2912 2912 2912 2912 2912 2912
w3 0.5
3549 3549 3549 3549 3549 3549 3549 3549 3549 3549 3549 3549 3549 3549 3549 3549 3549 3549 3549 3549 3549 3549 3549 3549 3549 3549 3549 3549 3549 3549
w4 0.5
2009 2009 2009 2009 2009 2009 2009 2009 2009 2009 2009 2009 2009 2009 2009 2009 2009 2009 2009 2009 2009 2009 2009 2009 2009 2009 2009 2009 2009 2009
w5 0.5
4095 4095 4095 4095 4095 4095 4095 4095 4095 4095 4095 4095 4095 4095 4095 4095 4095 4095 4095 4095 4095 4095 4095 4095 4095 4095 4095 4095 4095 4095
w6 0.5
3292 3292 3292 3292 3292 3292 3292 3292 3292 3292 3292 3292 3292 3292 3292 3292 3292 3292 3292 3292 3292 3292 3292 3292 3292 3292 3292 3292 3292 3292
w7 0.5
4168 4168 4168 4168 4168 4168 4168 4168 4168 4168 4168 4168 4168 4168 4168 4168 4168 4168 4168 4168 4168 4168 4168 4168 4168 4168 4168 4168 4168 4168
w8 0.5
1505 1505 1505 1505 1505 1505 1505 1505 1505 1505 1505 1505 1505 1505 1505 1505 1505 1505 1505 1505 1505 1505 1505 1505 1505 1505 1505 1505 1505 1505
w9 0.5
1955 1955 1955 1955 1955 1955 1955 1955 1955 1955 1955 1955 1955 1955 1955 1955 1955 1955 1955 1955 1955 1955 1955 1955 1955 1955 1955 1955 1955 1955
w10 0.5
2825 2825 2825 2825 2825 2825 2825 2825 2825 2825 2825 2825 2825 2825 2825 2825 2825 2825 2825 2825 2825 2825 2825 2825 2825 2825 2825 2825 2825 2825
w11 0.5
2747 2747 2747 2747 2747 2747 2747 2747 2747 2747 2747 2747 2747 2747 2747 2747 2747 2747 2747 2747 2747 2747 2747 2747 2747 2747 2747 2747 2747 2747
w12 0.5
2140 2140 2140 2140 2140 2140 2140 2140 2140 2140 2140 2140 2140 2140 2140 2140 2140 2140 2140 2140 2140 2140 2140 2140 2140 2140 2140 2140 2140 2140
w13 0.5
2894 2894 2894 2894 2894 2894 2894 2894 2894 2894 2894 2894 2894 2894 2894 2894 2894 2894 2894 2894 2894 2894 2894 2894 2894 2894 2894 2894 2894 2894
w14 0.5
2261 2261 2261 2261 2261 2261 2261 2261 2261 2261 2261 2261 2261 2261 2261 2261 2261 2261 2261 2261 2261 2261 2261 2261 2261 2261 2261 2261 2261 2261
w15 0.5
2927 2927 2927 2927 2927 2927 2927 2927 2927 2927 2927 2927 2927 2927 2927 2927 2927 2927 2927 2927 2927 2927 2927 2927 2927 2927 2927 2927 2927 2927
w16 0.5
2911 2911 2911 2911 2911 2911 2911 2911 2911 2911 2911 2911 2911 2911 2911 2911 2911 2911 2911 2911 2911 2911 2911 2911 2911 2911 2911 2911 2911 2911
w17 0.5
2299 2299 2299 2299 2299 2299 2299 2299 2299 2299 2299 2299 2299 2299 2299 2299 2299 2299 2299 2299 2299 2299 2299 2299 2299 2299 2299 2299 2299 2299
w18 0.5
2412 2412 2412 2412 2412 2412 2412 2412 2412 2412 2412 2412 2412 2412 2412 2412 2412 2412 2412 2412 2412 2412 2412 2412 2412 2412 2412 2412 2412 2412
w19 0.5
1641 1641 1641 1641 1641 1641 1641 1641 1641 1641 1641 1641 1641 1641 1641 1641 1641 1641 1641 1641 1641 1641 1641 1641 1641 1641 1641 1641 1641 1641
w20 0.5
3879 3879 3879 3879 3879 3879 3879 3879 3879 3879 3879 3879 3879 3879 3879 3879 3879 3879 3879 3879 3879 3879 3879 3879 3879 3879 3879 3879 3879 3879
r1 0.922567
8 8 8 8 8 8 8 8 8 8 8 8 8 8 8 8 8 8 8 8 8 8 8 8 8 8 8 8 8 8
44 61 92 38 73 62 36 77 62 7 19 11 23 5 50 82 7 65 7 99 42 92 65 51 83 7 89 11 93 7
r2 0.798738
35 35 35 35 35 35 35 35 35 35 35 35 35 35 35 35 35 35 35 35 35 35 35 35 35 35 35 35 35 35
64 7 65 37 61 96 12 20 95 26 23 19 23 68 96 25 31 95 21 65 87 79 17 67 78 98 74 68 5 81
r3 0.863356
61 61 61 61 61 61 61 61 61 61 61 61 61 61 61 61 61 61 61 61 61 61 61 61 61 61 61 61 61 61
80 60 94 38 57 98 53 49 24 68 60 40 36 56 57 59 52 71 25 36 50 34 96 25 32 67 88 29 48 84
r4 0.609154
25 25 25 25 25 25 25 25 25 25 25 25 25 25 25 25 25 25 25 25 25 25 25 25 25 25 25 25 25 25
44 77 58 93 75 8 43 94 71 98 31 99 52 84 59 96 52 76 29 97 10 25 19 34 84 7 58 29 86 44
r5 0.793014
31 31 31 31 31 31 31 31 31 31 31 31 31 31 31 31 31 31 31 31 31 31 31 31 31 31 31 31 31 31
21 99 21 91 7 59 83 73 55 11 70 99 87 29 92 39 97 21 33 99 39 47 33 23 50 86 48 33 28 89
r6 0.689804
41 41 41 41 41 41 41 41 41 41 41 41 41 41 41 41 41 41 41 41 41 41 41 41 41 41 41 41 41 41
89 73 33 91 29 13 62 76 19 32 75 7 53 67 41 50 81 67 49 20 14 74 38 56 57 78 85 80 68 38
r7 0.950081
54 54 54 54 54 54 54 54 54 54 54 54 54 54 54 54 54 54 54 54 54 54 54 54 54 54 54 54 54 54
11 47 42 33 52 99 9 63 28 77 65 73 41 99 20 22 66 61 37 72 35 68 29 88 43 11 65 8 44 79
r8 0.812452
48 48 48 48 48 48 48 48 48 48 48 48 48 48 48 48 48 48 48 48 48 48 48 48 48 48 48 48 48 48
23 95 73 70 91 77 34 17 54 91 85 91 87 6 10 53 62 40 23 93 8 44 78 43 50 43 47 86 20 99
r9 0.659774
38 38 38 38 38 38 38 38 38 38 38 38 38 38 38 38 38 38 38 38 38 38 38 38 38 38 38 38 38 38
91 99 9 80 74 35 92 28 26 77 16 11 75 19 59 38 54 74 28 57 18 6 95 63 41 39 47 56 36 73
r10 0.691307
27 27 27 27 27 27 27 27 27 27 27 27 27 27 27 27 27 27 27 27 27 27 27 27 27 27 27 27 27 27
70 88 99 44 23 91 64 41 66 73 47 41 87 99 71 41 70 94 90 84 92 82 44 31 22 86 79 53 57 66
r11 0.696044
27 27 27 27 27 27 27 27 27 27 27 27 27 27 27 27 27 27 27 27 27 27 27 27 27 27 27 27 27 27
54 72 66 69 60 27 8 26 95 47 60 82 43 31 23 14 23 13 90 15 91 34 38 10 18 18 58 70 79 27
r12 0.756945
31 31 31 31 31 31 31 31 31 31 31 31 31 31 31 31 31 31 31 31 31 31 31 31 31 31 31 31 31 31
94 52 92 52 74 95 70 70 40 30 52 78 54 68 84 69 73 74 76 61 9 15 66 19 28 21 84 99 44 70
r13 0.972739
35 35 35 35 35 35 35 35 35 35 35 35 35 35 35 35 35 35 35 35 35 35 35 35 35 35 35 35 35 35
22 20 82 88 12 50 55 47 72 5 23 23 68 99 87 38 74 64 95 75 71 58 89 91 75 70 90 16 40 18
r14 0.561874
54 54 54 54 54 54 54 54 54 54 54 54 54 54 54 54 54 54 54 54 54 54 54 54 54 54 54 54 54 54
33 23 42 40 68 93 80 40 93 95 59 58 94 46 91 68 7 86 40 70 42 26 61 17 91 49 25 28 62 63
r15 0.756555
87 87 87 87 87 87 87 87 87 87 87 87 87 87 87 87 87 87 87 87 87 87 87 87 87 87 87 87 87 87
81 17 24 49 7 96 85 95 91 41 50 86 82 41 51 82 25 87 49 62 13 11 71 97 55 88 25 14 51 98
r16 0.699988
33 33 33 33 33 33 33 33 33 33 33 33 33 33 33 33 33 33 33 33 33 33 33 33 33 33 33 33 33 33
12 14 74 14 11 56 6 97 92 51 80 72 84 32 51 6 16 95 60 21 6 31 18 53 16 39 59 63 34 52
r17 0.73229
38 38 38 38 38 38 38 38 38 38 38 38 38 38 38 38 38 38 38 38 38 38 38 38 38 38 38 38 38 38
62 59 47 65 16 48 62 8 91 43 72 75 67 23 74 78 19 34 94 17 58 13 63 69 44 22 32 70 70 17
r18 0.747886
29 29 29 29 29 29 29 29 29 29 29 29 29 29 29 29 29 29 29 29 29 29 29 29 29 29 29 29 29 29
72 50 89 83 90 48 83 81 83 53 53 50 71 27 28 82 54 23 95 12 28 58 76 64 75 6 34 42 18 34
r19 0.810115
85 85 85 85 85 85 85 85 85 85 85 85 85 85 85 85 85 85 85 85 85 85 85 85 85 85 85 85 85 85
79 49 65 66 93 46 44 76 94 92 27 65 17 47 48 66 65 40 73 85 90 46 49 62 47 78 5 58 12 60
r20 0.629077
83 83 83 83 83 83 83 83 83 83 83 83 83 83 83 83 83 83 83 83 83 83 83 83 83 83 83 83 83 83
10 6 46 95 44 85 68 38 75 87 95 87 35 43 50 92 75 20 78 65 61 24 28 6 95 25 59 99 77 91
r21 0.93962
79 79 79 79 79 79 79 79 79 79 79 79 79 79 79 79 79 79 79 79 79 79 79 79 79 79 79 79 79 79
92 26 74 36 12 40 66 82 27 62 66 57 97 13 47 73 28 25 35 81 44 58 82 36 75 38 36 53 30 19
r22 0.697456
19 19 19 19 19 19 19 19 19 19 19 19 19 19 19 19 19 19 19 19 19 19 19 19 19 19 19 19 19 19
37 99 48 44 39 14 23 61 71 81 16 69 89 58 39 14 75 69 91 16 25 73 48 95 9 79 48 34 90 73
r23 0.945266
27 27 27 27 27 27 27 27 27 27 27 27 27 27 27 27 27 27 27 27 27 27 27 27 27 27 27 27 27 27
72 88 64 11 98 79 64 66 61 75 32 47 30 66 57 97 36 45 14 53 18 54 48 19 33 89 48 20 62 89
r24 0.570793
31 31 31 31 31 31 31 31 31 31 31 31 31 31 31 31 31 31 31 31 31 31 31 31 31 31 31 31 31 31
77 98 37 72 78 93 39 36 69 66 78 91 30 32 89 58 72 95 11 83 49 51 97 74 40 43 89 94 29 28
r25 0.625571
98 98 98 98 98 98 98 98 98 98 98 98 98 98 98 98 98 98 98 98 98 98 98 98 98 98 98 98 98 98
24 51 71 94 45 7 30 11 68 5 97 90 30 83 48 94 78 54 77 27 98 72 96 35 12 82 30 36 8 44
r26 0.920424
27 27 27 27 27 27 27 27 27 27 27 27 27 27 27 27 27 27 27 27 27 27 27 27 27 27 27 27 27 27
91 97 21 36 99 43 39 65 43 36 55 68 20 99 63 93 50 37 18 48 6 14 79 10 92 6 41 95 45 68
r27 0.690852
33 33 33 33 33 33 33 33 33 33 33 33 33 33 33 33 33 33 33 33 33 33 33 33 33 33 33 33 33 33
65 35 61 62 70 95 27 13 32 77 74 44 73 34 34 21 63 47 64 65 57 40 70 46 38 9 38 76 69 52
r28 0.7201
31 31 31 31 31 31 31 31 31 31 31 31 31 31 31 31 31 31 31 31 31 31 31 31 31 31 31 31 31 31
79 66 88 49 61 12 54 85 85 28 29 55 54 59 71 18 98 33 75 55 65 45 93 99 46 28 72 15 75 76
r29 0.843254
51 51 51 51 51 51 51 51 51 51 51 51 51 51 51 51 51 51 51 51 51 51 51 51 51 51 51 51 51 51
42 27 92 96 35 44 81 17 64 8 67 19 59 36 32 57 61 7 10 23 44 95 22 83 24 89 93 91 63 32
r30 0.944844
97 97 97 97 97 97 97 97 97 97 97 97 97 97 97 97 97 97 97 97 97 97 97 97 97 97 97 97 97 97
55 32 93 85 71 72 97 36 72 61 47 31 89 71 80 50 70 82 69 14 78 83 92 97 70 83 88 30 15 28
r31 0.899481
62 62 62 62 62 62 62 62 62 62 62 62 62 62 62 62 62 62 62 62 62 62 62 62 62 62 62 62 62 62
53 18 47 24 82 41 52 54 95 91 77 84 62 54 32 32 37 93 39 12 73 28 6 40 11 89 65 19 15 85
r32 0.53902
63 63 63 63 63 63 63 63 63 63 63 63 63 63 63 63 63 63 63 63 63 63 63 63 63 63 63 63 63 63
95 18 79 77 54 29 28 46 20 97 31 75 48 55 7 80 48 41 84 18 62 85 54 65 72 19 76 79 99 50
r33 0.519832
94 94 94 94 94 94 94 94 94 94 94 94 94 94 94 94 94 94 94 94 94 94 94 94 94 94 94 94 94 94
63 18 68 17 39 88 56 52 85 82 27 34 34 26 11 74 60 88 87 22 73 41 82 45 53 59 24 49 9 55
r34 0.664702
64 64 64 64 64 64 64 64 64 64 64 64 64 64 64 64 64 64 64 64 64 64 64 64 64 64 64 64 64 64
66 9 73 5 90 29 49 75 8 71 6 37 90 10 11 50 93 91 67 66 32 46 9 77 97 25 27 98 76 60
r35 0.684871
42 42 42 42 42 42 42 42 42 42 42 42 42 42 42 42 42 42 42 42 42 42 42 42 42 42 42 42 42 42
61 36 39 51 60 84 27 64 52 25 93 42 30 5 87 23 88 51 82 17 90 83 90 87 5 14 86 73 69 45
r36 0.576072
30 30 30 30 30 30 30 30 30 30 30 30 30 30 30 30 30 30 30 30 30 30 30 30 30 30 30 30 30 30
76 47 77 37 28 96 93 72 21 86 15 44 83 94 62 71 46 41 84 36 21 71 20 22 80 6 87 46 47 95
r37 0.819405
20 20 20 20 20 20 20 20 20 20 20 20 20 20 20 20 20 20 20 20 20 20 20 20 20 20 20 20 20 20
42 45 49 62 41 42 34 55 26 44 94 9 36 53 73 74 87 57 7 8 28 22 22 5 21 10 46 60 5 14
r38 0.963294
39 39 39 39 39 39 39 39 39 39 39 39 39 39 39 39 39 39 39 39 39 39 39 39 39 39 39 39 39 39
55 22 96 88 59 30 43 77 67 37 82 95 83 52 69 70 9 71 73 29 85 91 26 98 96 67 58 93 76 31
r39 0.759956
28 28 28 28 28 28 28 28 28 28 28 28 28 28 28 28 28 28 28 28 28 28 28 28 28 28 28 28 28 28
48 25 17 99 50 55 77 14 85 56 9 68 8 70 38 9 38 8 30 24 91 51 22 84 15 73 77 83 99 6
r40 0.675772
44 44 44 44 44 44 44 44 44 44 44 44 44 44 44 44 44 44 44 44 44 44 44 44 44 44 44 44 44 44
26 24 40 69 71 14 75 56 65 80 21 65 47 51 66 81 55 91 97 43 39 16 28 46 84 97 30 80 99 37
r41 0.546363
25 25 25 25 25 25 25 25 25 25 25 25 25 25 25 25 25 25 25 25 25 25 25 25 25 25 25 25 25 25
53 57 86 24 66 62 73 29 39 89 89 81 41 53 59 88 41 56 28 76 65 51 22 49 46 47 27 45 76 43
r42 0.89633
29 29 29 29 29 29 29 29 29 29 29 29 29 29 29 29 29 29 29 29 29 29 29 29 29 29 29 29 29 29
95 49 46 59 8 19 83 42 8 69 23 41 22 75 26 59 28 50 32 88 93 49 35 39 89 57 76 62 92 36
r43 0.939187
85 85 85 85 85 85 85 85 85 85 85 85 85 85 85 85 85 85 85 85 85 85 85 85 85 85 85 85 85 85
80 33 44 80 44 27 22 47 91 37 81 14 12 7 65 36 52 92 21 46 41 51 77 27 5 54 85 93 85 69
r44 0.8893
62 62 62 62 62 62 62 62 62 62 62 62 62 62 62 62 62 62 62 62 62 62 62 62 62 62 62 62 62 62
94 22 42 38 41 59 77 32 91 58 38 96 58 98 29 7 90 45 45 29 89 23 48 89 72 30 79 54 91 54
r45 0.833472
85 85 85 85 85 85 85 85 85 85 85 85 85 85 85 85 85 85 85 85 85 85 85 85 85 85 85 85 85 85
68 50 20 9 9 90 34 92 45 64 85 98 63 14 6 50 52 43 71 41 61 17 27 30 42 99 79 34 53 87
r46 0.739701
22 22 22 22 22 22 22 22 22 22 22 22 22 22 22 22 22 22 22 22 22 22 22 22 22 22 22 22 22 22
37 29 23 38 19 52 31 59 14 13 55 72 23 53 19 70 91 83 8 50 95 30 75 37 29 55 63 75 42 75
r47 0.990635
75 75 75 75 75 75 75 75 75 75 75 75 75 75 75 75 75 75 75 75 75 75 75 75 75 75 75 75 75 75
99 12 13 15 57 36 66 66 45 21 35 60 66 49 27 55 32 30 5 27 52 75 57 74 30 20 49 65 87 38
r48 0.675272
86 86 86 86 86 86 86 86 86 86 86 86 86 86 86 86 86 86 86 86 86 86 86 86 86 86 86 86 86 86
42 42 93 94 74 60 60 16 73 87 68 37 37 90 87 61 17 87 81 61 59 35 35 82 50 76 47 38 11 76
r49 0.8889
49 49 49 49 49 49 49 49 49 49 49 49 49 49 49 49 49 49 49 49 49 49 49 49 49 49 49 49 49 49
18 15 43 84 67 96 95 37 83 60 69 17 47 56 71 59 40 49 18 95 79 45 77 26 19 21 56 25 92 70
r50 0.503057
10 10 10 10 10 10 10 10 10 10 10 10 10 10 10 10 10 10 10 10 10 10 10 10 10 10 10 10 10 10
77 10 90 41 98 82 73 78 40 43 88 82 94 56 39 32 5 52 27 76 89 96 94 8 17 48 29 9 18 90
r51 0.753193
87 87 87 87 87 87 87 87 87 87 87 87 87 87 87 87 87 87 87 87 87 87 87 87 87 87 87 87 87 87
92 93 28 87 73 96 63 13 39 51 90 31 99 29 58 96 73 77 72 63 73 63 66 82 8 90 83 18 78 89
r52 0.803972
70 70 70 70 70 70 70 70 70 70 70 70 70 70 70 70 70 70 70 70 70 70 70 70 70 70 70 70 70 70
83 25 55 56 22 18 61 53 61 51 76 60 76 31 56 49 8 25 9 73 83 71 55 84 58 38 97 36 25 98
r53 0.722457
5 5 5 5 5 5 5 5 5 5 5 5 5 5 5 5 5 5 5 5 5 5 5 5 5 5 5 5 5 5
23 54 53 37 64 14 83 25 60 59 80 33 83 36 75 83 56 79 57 36 47 9 17 6 40 15 37 57 10 33
r54 0.794321
25 25 25 25 25 25 25 25 25 25 25 25 25 25 25 25 25 25 25 25 25 25 25 25 25 25 25 25 25 25
79 7 58 43 16 38 63 68 89 43 97 72 71 69 56 24 45 13 53 88 14 65 89 49 75 23 6 80 49 55
r55 0.587726
28 28 28 28 28 28 28 28 28 28 28 28 28 28 28 28 28 28 28 28 28 28 28 28 28 28 28 28 28 28
57 53 67 65 86 30 34 75 66 28 48 37 92 96 54 34 6 7 22 15 67 8 57 40 24 55 17 68 8 15
r56 0.61778
60 60 60 60 60 60 60 60 60 60 60 60 60 60 60 60 60 60 60 60 60 60 60 60 60 60 60 60 60 60
63 58 26 46 81 52 22 47 75 62 76 64 55 30 93 56 32 16 66 92 19 20 32 38 71 41 98 74 49 90
r57 0.790311
9 9 9 9 9 9 9 9 9 9 9 9 9 9 9 9 9 9 9 9 9 9 9 9 9 9 9 9 9 9
48 49 51 29 96 65 68 71 24 45 35 74 70 29 30 95 37 88 87 48 6 16 79 72 52 77 43 96 67 66
r58 0.515654
13 13 13 13 13 13 13 13 13 13 13 13 13 13 13 13 13 13 13 13 13 13 13 13 13 13 13 13 13 13
16 49 34 9 14 98 76 33 43 8 99 10 29 26 5 58 14 87 7 15 95 81 79 48 55 19 41 23 78 39
r59 0.668142
89 89 89 89 89 89 89 89 89 89 89 89 89 89 89 89 89 89 89 89 89 89 89 89 89 89 89 89 89 89
80 57 90 86 52 63 16 90 67 15 93 88 36 93 47 43 78 46 53 73 24 30 18 74 41 55 89 19 86 14
r60 0.634354
64 64 64 64 64 64 64 64 64 64 64 64 64 64 64 64 64 64 64 64 64 64 64 64 64 64 64 64 64 64
67 91 50 19 54 62 7 18 72 95 99 9 85 46 44 63 84 92 37 8 19 50 74 56 97 61 70 81 70 68
r61 0.896591
34 34 34 34 34 34 34 34 34 34 34 34 34 34 34 34 34 34 34 34 34 34 34 34 34 34 34 34 34 34
59 87 49 10 49 48 24 22 43 23 23 25 61 62 84 45 51 18 45 63 63 19 19 58 72 81 36 43 49 76
r62 0.806797
5 5 5 5 5 5 5 5 5 5 5 5 5 5 5 5 5 5 5 5 5 5 5 5 5 5 5 5 5 5
63 18 11 10 61 30 27 96 45 42 22 6 96 98 43 44 16 83 7 71 94 18 29 67 95 60 7 41 33 74
r63 0.563717
89 89 89 89 89 89 89 89 89 89 89 89 89 89 89 89 89 89 89 89 89 89 89 89 89 89 89 89 89 89
85 48 94 46 70 18 40 15 52 54 13 45 52 51 84 63 31 87 34 25 5 56 84 92 13 86 34 39 58 71
r64 0.83702
43 43 43 43 43 43 43 43 43 43 43 43 43 43 43 43 43 43 43 43 43 43 43 43 43 43 43 43 43 43
19 19 81 84 29 21 91 76 67 99 18 19 50 97 74 76 81 6 93 79 57 78 71 62 64 5 96 19 68 24
r65 0.700872
79 79 79 79 79 79 79 79 79 79 79 79 79 79 79 79 79 79 79 79 79 79 79 79 79 79 79 79 79 79
35 39 60 59 52 51 32 20 50 45 34 92 43 6 65 21 7 59 95 56 34 67 18 90 64 15 10 33 31 62
r66 0.544468
62 62 62 62 62 62 62 62 62 62 62 62 62 62 62 62 62 62 62 62 62 62 62 62 62 62 62 62 62 62
93 65 18 46 16 46 58 59 86 84 51 26 85 14 43 87 65 35 40 94 94 54 84 59 61 86 84 87 49 88
r67 0.521598
39 39 39 39 39 39 39 39 39 39 39 39 39 39 39 39 39 39 39 39 39 39 39 39 39 39 39 39 39 39
53 60 80 62 6 38 21 84 23 64 8 5 73 43 85 35 73 25 29 68 71 11 24 32 92 5 20 41 85 61
r68 0.984509
36 36 36 36 36 36 36 36 36 36 36 36 36 36 36 36 36 36 36 36 36 36 36 36 36 36 36 36 36 36
21 53 93 19 84 11 96 99 70 99 99 41 42 84 71 12 10 93 72 76 99 91 9 91 88 21 30 74 74 98
r69 0.683193
88 88 88 88 88 88 88 88 88 88 88 88 88 88 88 88 88 88 88 88 88 88 88 88 88 88 88 88 88 88
48 98 99 32 6 95 31 71 94 28 9 33 12 73 38 14 66 10 86 62 94 87 53 79 5 75 53 71 73 58
r70 0.839978
22 22 22 22 22 22 22 22 22 22 22 22 22 22 22 22 22 22 22 22 22 22 22 22 22 22 22 22 22 22
53 59 46 54 51 70 23 46 93 24 71 97 92 6 12 55 9 90 17 95 74 63 74 71 38 28 42 9 78 94
r71 0.538778
32 32 32 32 32 32 32 32 32 32 32 32 32 32 32 32 32 32 32 32 32 32 32 32 32 32 32 32 32 32
53 64 78 99 31 93 42 21 18 11 19 7 9 23 58 13 13 70 8 79 33 78 50 67 6 84 68 76 78 86
r72 0.509225
28 28 28 28 28 28 28 28 28 28 28 28 28 28 28 28 28 28 28 28 28 28 28 28 28 28 28 28 28 28
50 79 25 74 72 59 90 82 65 9 85 70 24 43 75 32 10 79 8 39 57 50 98 55 35 66 31 13 52 32
r73 0.834288
94 94 94 94 94 94 94 94 94 94 94 94 94 94 94 94 94 94 94 94 94 94 94 94 94 94 94 94 94 94
8 57 68 72 16 56 55 74 60 40 41 80 78 16 9 83 87 10 19 41 55 14 91 85 75 20 91 24 44 25
r74 0.643557
47 47 47 47 47 47 47 47 47 47 47 47 47 47 47 47 47 47 47 47 47 47 47 47 47 47 47 47 47 47
77 76 16 85 32 66 56 88 6 92 65 76 6 66 57 88 71 68 30 24 78 18 6 50 33 92 67 69 17 78
r75 0.573671
86 86 86 86 86 86 86 86 86 86 86 86 86 86 86 86 86 86 86 86 86 86 86 86 86 86 86 86 86 86
54 25 69 82 86 25 67 85 15 29 58 16 87 12 96 56 76 26 75 51 40 76 96 65 66 63 32 75 38 40
r76 0.915091
88 88 88 88 88 88 88 88 88 88 88 88 88 88 88 88 88 88 88 88 88 88 88 88 88 88 88 88 88 88
60 31 67 44 48 34 29 58 55 79 69 42 87 66 93 60 84 65 11 21 39 99 82 5 60 14 75 93 46 34
r77 0.560011
7 7 7 7 7 7 7 7 7 7 7 7 7 7 7 7 7 7 7 7 7 7 7 7 7 7 7 7 7 7
57 45 46 6 71 67 56 26 46 26 61 33 84 54 88 68 17 91 85 51 91 64 51 51 70 23 44 16 50 23
r78 0.638176
99 99 99 99 99 99 99 99 99 99 99 99 99 99 99 99 99 99 99 99 99 99 99 99 99 99 99 99 99 99
60 56 97 32 20 54 50 62 72 8 87 56 55 73 21 67 64 98 18 52 59 61 98 26 76 40 38 26 55 45
r79 0.858471
15 15 15 15 15 15 15 15 15 15 15 15 15 15 15 15 15 15 15 15 15 15 15 15 15 15 15 15 15 15
97 23 39 17 69 82 71 41 82 59 92 37 29 11 99 88 9 14 41 64 70 36 85 47 68 20 65 23 61 83
r80 0.701851
55 55 55 55 55 55 55 55 55 55 55 55 55 55 55 55 55 55 55 55 55 55 55 55 55 55 55 55 55 55
7 62 64 71 41 33 10 24 84 97 56 13 5 53 96 10 62 34 66 30 63 48 69 31 61 34 47 19 18 73
r81 0.732408
17 17 17 17 17 17 17 17 17 17 17 17 17 17 17 17 17 17 17 17 17 17 17 17 17 17 17 17 17 17
35 27 80 72 55 85 91 39 80 44 47 80 92 41 82 55 67 45 80 27 86 46 54 47 75 96 58 85 66 24
r82 0.566873
96 96 96 96 96 96 96 96 96 96 96 96 96 96 96 96 96 96 96 96 96 96 96 96 96 96 96 96 96 96
43 75 65 94 57 53 30 34 93 70 12 85 8 89 37 67 32 14 90 18 55 44 57 28 37 15 13 98 31 8
r83 0.569007
69 69 69 69 69 69 69 69 69 69 69 69 69 69 69 69 69 69 69 69 69 69 69 69 69 69 69 69 69 69
75 57 60 29 10 86 59 95 53 66 78 56 52 15 23 76 22 13 89 69 49 46 92 81 53 98 76 79 6 68
r84 0.519263
73 73 73 73 73 73 73 73 73 73 73 73 73 73 73 73 73 73 73 73 73 73 73 73 73 73 73 73 73 73
25 6 97 27 87 53 20 37 16 93 88 61 5 9 37 22 14 24 87 59 62 76 37 16 74 14 87 72 77 33
r85 0.96308
94 94 94 94 94 94 94 94 94 94 94 94 94 94 94 94 94 94 94 94 94 94 94 94 94 94 94 94 94 94
35 40 18 19 85 33 52 94 23 37 55 24 41 84 38 48 8 22 7 63 94 39 74 65 45 58 38 22 87 75
r86 0.660339
22 22 22 22 22 22 22 22 22 22 22 22 22 22 22 22 22 22 22 22 22 22 22 22 22 22 22 22 22 22
12 27 33 93 52 77 84 71 15 39 87 48 20 25 91 21 40 90 79 34 30 50 94 70 8 29 85 90 5 93
r87 0.867475
9 9 9 9 9 9 9 9 9 9 9 9 9 9 9 9 9 9 9 9 9 9 9 9 9 9 9 9 9 9
17 35 97 62 12 78 33 19 17 20 63 30 37 51 46 72 42 22 98 64 67 90 31 67 19 16 55 16 7 59
r88 0.913698
16 16 16 16 16 16 16 16 16 16 16 16 16 16 16 16 16 16 16 16 16 16 16 16 16 16 16 16 16 16
89 15 73 94 89 98 13 98 15 71 25 48 20 66 17 57 80 13 21 47 98 47 12 14 56 62 23 55 18 36
r89 0.557247
5 5 5 5 5 5 5 5 5 5 5 5 5 5 5 5 5 5 5 5 5 5 5 5 5 5 5 5 5 5
43 37 94 32 32 7 28 43 71 48 83 86 12 92 40 87 5 53 32 95 92 39 7 45 93 25 95 11 53 59
r90 0.619846
91 91 91 91 91 91 91 91 91 91 91 91 91 91 91 91 91 91 91 91 91 91 91 91 91 91 91 91 91 91
88 5 21 20 5 44 58 71 84 38 54 91 31 89 76 31 39 5 24 31 39 26 72 29 43 67 35 91 23 42
r91 0.85639
8 8 8 8 8 8 8 8 8 8 8 8 8 8 8 8 8 8 8 8 8 8 8 8 8 8 8 8 8 8
42 95 24 39 39 74 10 21 13 56 9 36 42 80 59 76 80 78 8 16 99 75 40 42 39 71 30 55 10 13
r92 0.529942
44 44 44 44 44 44 44 44 44 44 44 44 44 44 44 44 44 44 44 44 44 44 44 44 44 44 44 44 44 44
8 77 79 40 49 81 53 54 38 57 85 75 38 44 52 15 23 52 24 19 27 56 54 58 27 79 13 29 84 67
r93 0.816175
85 85 85 85 85 85 85 85 85 85 85 85 85 85 85 85 85 85 85 85 85 85 85 85 85 85 85 85 85 85
41 45 25 85 26 73 39 56 30 24 32 60 61 76 68 79 28 87 90 47 43 44 97 63 24 11 84 5 70 53
r94 0.527745
11 11 11 11 11 11 11 11 11 11 11 11 11 11 11 11 11 11 11 11 11 11 11 11 11 11 11 11 11 11
93 10 92 17 75 31 68 98 48 92 55 9 68 23 83 88 7 70 32 43 15 30 98 31 33 82 31 98 33 17
r95 0.828538
23 23 23 23 23 23 23 23 23 23 23 23 23 23 23 23 23 23 23 23 23 23 23 23 23 23 23 23 23 23
19 93 35 90 25 99 85 68 88 40 72 57 56 52 42 58 19 67 93 29 89 91 52 22 74 79 17 7 88 18
r96 0.856262
7 7 7 7 7 7 7 7 7 7 7 7 7 7 7 7 7 7 7 7 7 7 7 7 7 7 7 7 7 7
12 53 89 32 52 74 92 40 12 61 89 63 10 29 18 24 88 12 46 77 98 93 91 69 69 5 71 54 18 89
r97 0.934547
25 25 25 25 25 25 25 25 25 25 25 25 25 25 25 25 25 25 25 25 25 25 25 25 25 25 25 25 25 25
42 43 49 86 15 38 23 22 94 10 77 96 34 90 18 22 94 59 91 93 49 79 62 16 79 31 65 92 17 19
r98 0.532489
54 54 54 54 54 54 54 54 54 54 54 54 54 54 54 54 54 54 54 54 54 54 54 54 54 54 54 54 54 54
58 59 37 68 93 55 82 84 60 56 81 86 43 94 5 38 50 91 31 94 70 85 10 49 13 71 39 25 85 49
r99 0.967012
40 40 40 40 40 40 40 40 40 40 40 40 40 40 40 40 40 40 40 40 40 40 40 40 40 40 40 40 40 40
8 5 5 93 53 79 78 13 35 56 92 74 50 92 12 95 81 35 86 48 17 92 90 23 60 29 40 45 70 9
r100 0.604356
70 70 70 70 70 70 70 70 70 70 70 70 70 70 70 70 70 70 70 70 70 70 70 70 70 70 70 70 70 70
9 78 64 57 58 39 63 88 90 52 59 40 41 63 32 22 90 18 66 8 7 56 23 62 77 58 5 47 62 75
r101 0.80202
64 64 64 64 64 64 64 64 64 64 64 64 64 64 64 64 64 64 64 64 64 64 64 64 64 64 64 64 64 64
53 73 18 11 12 76 92 97 25 48 34 62 12 58 79 97 69 42 97 71 90 17 31 67 71 28 11 30 98 24
r102 0.546765
51 51 51 51 51 51 51 51 51 51 51 51 51 51 51 51 51 51 51 51 51 51 51 51 51 51 51 51 51 51
89 5 55 97 73 44 91 94 87 26 56 91 76 32 86 45 67 80 17 57 93 40 22 61 63 28 86 58 44 73
r103 0.950825
34 34 34 34 34 34 34 34 34 34 34 34 34 34 34 34 34 34 34 34 34 34 34 34 34 34 34 34 34 34
70 56 28 43 92 19 34 80 40 82 68 17 15 54 54 77 35 63 31 25 98 48 81 58 69 64 16 13 34 18
r104 0.660102
99 99 99 99 99 99 99 99 99 99 99 99 99 99 99 99 99 99 99 99 99 99 99 99 99 99 99 99 99 99
69 62 43 62 77 69 39 14 52 7 23 62 54 73 36 84 36 62 9 35 8 82 85 72 46 97 77 76 12 17
r105 0.833507
73 73 73 73 73 73 73 73 73 73 73 73 73 73 73 73 73 73 73 73 73 73 73 73 73 73 73 73 73 73
74 15 32 48 80 66 58 32 66 76 86 17 46 19 93 78 73 97 10 76 76 90 48 22 84 23 93 91 35 66
r106 0.640259
6 6 6 6 6 6 6 6 6 6 6 6 6 6 6 6 6 6 6 6 6 6 6 6 6 6 6 6 6 6
73 89 50 53 53 5 77 16 73 60 28 20 74 21 93 48 15 98 24 86 85 65 5 67 83 94 55 15 57 17
r107 0.906752
30 30 30 30 30 30 30 30 30 30 30 30 30 30 30 30 30 30 30 30 30 30 30 30 30 30 30 30 30 30
99 58 79 52 55 53 60 29 14 83 44 83 96 37 28 11 32 48 89 14 10 89 76 85 80 29 95 37 38 8
r108 0.94029
37 37 37 37 37 37 37 37 37 37 37 37 37 37 37 37 37 37 37 37 37 37 37 37 37 37 37 37 37 37
62 39 81 17 84 41 38 90 21 77 71 17 11 94 20 38 39 9 45 44 94 18 29 71 42 21 9 73 25 64
r109 0.748067
79 79 79 79 79 79 79 79 79 79 79 79 79 79 79 79 79 79 79 79 79 79 79 79 79 79 79 79 79 79
95 87 88 76 25 27 67 42 96 38 54 8 32 70 38 67 71 78 8 62 89 30 34 28 46 35 96 63 91 7
r110 0.643031
86 86 86 86 86 86 86 86 86 86 86 86 86 86 86 86 86 86 86 86 86 86 86 86 86 86 86 86 86 86
86 28 59 11 47 26 48 43 59 95 43 87 62 77 51 33 52 51 91 41 76 22 65 20 52 61 75 40 60 15
r111 0.985245
46 46 46 46 46 46 46 46 46 46 46 46 46 46 46 46 46 46 46 46 46 46 46 46 46 46 46 46 46 46
35 80 53 77 99 93 17 58 85 56 42 47 30 88 73 77 37 64 19 13 78 76 28 30 37 96 65 93 11 83
r112 0.504714
41 41 41 41 41 41 41 41 41 41 41 41 41 41 41 41 41 41 41 41 41 41 41 41 41 41 41 41 41 41
60 84 15 56 75 24 15 57 72 52 5 97 38 73 72 70 34 86 75 12 62 96 34 91 92 91 81 98 71 18
r113 0.771788
28 28 28 28 28 28 28 28 28 28 28 28 28 28 28 28 28 28 28 28 28 28 28 28 28 28 28 28 28 28
94 43 80 69 62 87 27 35 36 24 29 66 89 96 33 20 79 9 24 38 5 53 27 89 41 8 84 9 21 20
r114 0.677446
16 16 16 16 16 16 16 16 16 16 16 16 16 16 16 16 16 16 16 16 16 16 16 16 16 16 16 16 16 16
58 6 77 17 88 96 44 22 20 66 83 6 62 17 21 39 21 40 72 18 85 91 99 23 95 83 24 16 95 49
r115 0.527231
50 50 50 50 50 50 50 50 50 50 50 50 50 50 50 50 50 50 50 50 50 50 50 50 50 50 50 50 50 50
50 97 62 36 93 99 53 11 65 36 9 24 45 26 58 61 58 28 71 41 19 70 59 14 50 79 23 45 25 42
r116 0.815216
70 70 70 70 70 70 70 70 70 70 70 70 70 70 70 70 70 70 70 70 70 70 70 70 70 70 70 70 70 70
39 50 98 30 49 51 36 14 80 37 33 25 58 84 79 14 12 50 50 23 18 9 30 60 80 48 6 97 85 88
r117 0.500307
22 22 22 22 22 22 22 22 22 22 22 22 22 22 22 22 22 22 22 22 22 22 22 22 22 22 22 22 22 22
38 63 47 79 15 75 88 87 12 19 12 63 95 86 72 99 34 22 22 44 23 47 99 96 87 97 93 73 86 58
r118 0.682614
21 21 21 21 21 21 21 21 21 21 21 21 21 21 21 21 21 21 21 21 21 21 21 21 21 21 21 21 21 21
22 31 96 29 6 81 13 10 92 20 65 87 99 37 83 30 51 98 66 67 45 62 60 30 60 53 95 43 9 82
r119 0.958426
23 23 23 23 23 23 23 23 23 23 23 23 23 23 23 23 23 23 23 23 23 23 23 23 23 23 23 23 23 23
13 52 44 11 34 52 13 23 64 74 8 60 8 86 82 52 84 48 16 27 8 71 52 63 21 47 98 25 26 54
r120 0.545984
31 31 31 31 31 31 31 31 31 31 31 31 31 31 31 31 31 31 31 31 31 31 31 31 31 31 31 31 31 31
7 79 37 33 28 42 51 88 16 54 48 17 38 28 64 22 71 75 41 74 43 85 34 59 32 29 77 50 79 17
r121 0.739137
78 78 78 78 78 78 78 78 78 78 78 78 78 78 78 78 78 78 78 78 78 78 78 78 78 78 78 78 78 78
92 10 8 20 48 54 5 56 6 49 68 36 72 29 50 40 96 87 12 39 72 38 94 97 63 71 44 42 83 21
r122 0.686219
72 72 72 72 72 72 72 72 72 72 72 72 72 72 72 72 72 72 72 72 72 72 72 72 72 72 72 72 72 72
26 20 88 66 66 85 23 64 31 86 95 95 13 46 36 9 30 40 44 94 73 35 91 36 98 33 70 78 49 82
r123 0.779906
67 67 67 67 67 67 67 67 67 67 67 67 67 67 67 67 67 67 67 67 67 67 67 67 67 67 67 67 67 67
94 36 34 61 21 52 25 48 35 18 43 43 56 71 45 78 11 81 72 80 16 61 16 11 89 79 84 38 61 35
r124 0.608477
56 56 56 56 56 56 56 56 56 56 56 56 56 56 56 56 56 56 56 56 56 56 56 56 56 56 56 56 56 56
63 31 14 80 75 31 25 8 44 60 43 92 32 83 70 38 64 43 15 72 99 24 78 88 98 63 23 59 90 20
r125 0.807155
54 54 54 54 54 54 54 54 54 54 54 54 54 54 54 54 54 54 54 54 54 54 54 54 54 54 54 54 54 54
44 21 31 16 45 48 19 84 8 58 77 32 38 47 66 95 82 73 64 81 92 40 66 90 95 81 47 85 94 51
r126 0.925095
35 35 35 35 35 35 35 35 35 35 35 35 35 35 35 35 35 35 35 35 35 35 35 35 35 35 35 35 35 35
68 59 46 13 99 58 89 8 13 63 35 46 8 93 38 85 67 98 64 56 38 27 47 33 6 86 15 95 37 44
r127 0.585823
5 5 5 5 5 5 5 5 5 5 5 5 5 5 5 5 5 5 5 5 5 5 5 5 5 5 5 5 5 5
95 68 10 95 26 92 95 34 55 30 73 55 21 11 41 80 6 97 36 36 24 78 61 22 64 69 14 97 13 36
r128 0.929677
5 5 5 5 5 5 5 5 5 5 5 5 5 5 5 5 5 5 5 5 5 5 5 5 5 5 5 5 5 5
5 97 95 23 86 87 50 41 18 20 92 31 23 30 11 25 24 42 53 43 18 15 58 74 79 67 68 84 99 60
r129 0.515947
96 96 96 96 96 96 96 96 96 96 96 96 96 96 96 96 96 96 96 96 96 96 96 96 96 96 96 96 96 96
54 77 16 40 64 58 76 74 73 65 97 92 87 8 14 11 43 59 47 53 69 5 27 45 67 88 26 63 48 8
r130 0.713476
97 97 97 97 97 97 97 97 97 97 97 97 97 97 97 97 97 97 97 97 97 97 97 97 97 97 97 97 97 97
77 71 37 38 29 10 13 95 68 7 84 55 11 90 62 46 49 9 94 16 6 21 56 65 6 78 29 49 78 83
r131 0.572718
55 55 55 55 55 55 55 55 55 55 55 55 55 55 55 55 55 55 55 55 55 55 55 55 55 55 55 55 55 55
51 75 88 73 78 93 68 46 96 49 96 99 39 55 45 83 56 39 94 57 52 48 23 54 23 47 95 96 27 39
r132 0.947204
74 74 74 74 74 74 74 74 74 74 74 74 74 74 74 74 74 74 74 74 74 74 74 74 74 74 74 74 74 74
11 36 47 84 30 12 30 26 56 24 25 90 74 62 70 28 96 62 80 45 10 95 94 25 39 87 18 62 26 64
r133 0.569308
32 32 32 32 32 32 32 32 32 32 32 32 32 32 32 32 32 32 32 32 32 32 32 32 32 32 32 32 32 32
92 75 14 22 82 39 40 38 55 57 25 30 19 90 50 12 52 30 53 54 23 44 74 57 31 87 16 49 48 44
r134 0.537538
41 41 41 41 41 41 41 41 41 41 41 41 41 41 41 41 41 41 41 41 41 41 41 41 41 41 41 41 41 41
16 83 55 90 22 91 28 70 45 48 95 60 36 42 67 83 67 20 35 82 57 6 37 83 89 48 30 34 85 99
r135 0.821657
96 96 96 96 96 96 96 96 96 96 96 96 96 96 96 96 96 96 96 96 96 96 96 96 96 96 96 96 96 96
82 20 87 96 8 12 66 48 53 58 8 84 95 71 64 60 83 94 42 37 96 74 18 82 20 43 13 5 42 73
r136 0.803021
21 21 21 21 21 21 21 21 21 21 21 21 21 21 21 21 21 21 21 21 21 21 21 21 21 21 21 21 21 21
88 77 17 91 85 76 39 35 31 43 19 27 11 75 79 86 70 21 24 63 88 37 42 5 72 50 97 14 20 87
r137 0.624449
8 8 8 8 8 8 8 8 8 8 8 8 8 8 8 8 8 8 8 8 8 8 8 8 8 8 8 8 8 8
65 36 94 47 12 34 77 39 69 91 58 72 66 37 58 33 50 74 88 38 8 27 35 75 73 29 81 85 17 8
r138 0.655267
77 77 77 77 77 77 77 77 77 77 77 77 77 77 77 77 77 77 77 77 77 77 77 77 77 77 77 77 77 77
40 83 24 47 14 96 78 75 84 36 47 47 68 98 73 19 72 61 49 76 84 77 51 54 6 33 39 18 33 28
r139 0.576163
68 68 68 68 68 68 68 68 68 68 68 68 68 68 68 68 68 68 68 68 68 68 68 68 68 68 68 68 68 68
9 11 13 15 99 83 86 83 20 30 28 80 28 96 91 96 57 41 72 38 15 20 84 16 45 24 30 74 44 14
r140 0.780661
45 45 45 45 45 45 45 45 45 45 45 45 45 45 45 45 45 45 45 45 45 45 45 45 45 45 45 45 45 45
21 44 53 17 28 39 93 40 61 21 20 85 17 12 81 66 45 50 97 55 62 81 66 5 97 88 74 39 98 10
r141 0.899823
16 16 16 16 16 16 16 16 16 16 16 16 16 16 16 16 16 16 16 16 16 16 16 16 16 16 16 16 16 16
50 32 25 70 63 18 10 25 31 25 7 40 29 80 7 69 27 96 21 84 77 80 84 72 68 55 11 63 58 82
r142 0.811556
8 8 8 8 8 8 8 8 8 8 8 8 8 8 8 8 8 8 8 8 8 8 8 8 8 8 8 8 8 8
12 92 73 70 7 75 87 34 92 86 69 22 66 68 83 88 64 5 70 39 80 51 11 45 99 14 6 57 91 72
r143 0.536851
98 98 98 98 98 98 98 98 98 98 98 98 98 98 98 98 98 98 98 98 98 98 98 98 98 98 98 98 98 98
61 27 66 61 97 50 90 89 37 56 11 98 22 87 84 78 87 51 17 64 97 20 9 96 29 10 50 21 75 7
r144 0.962817
33 33 33 33 33 33 33 33 33 33 33 33 33 33 33 33 33 33 33 33 33 33 33 33 33 33 33 33 33 33
29 77 89 26 28 76 16 60 33 19 58 47 98 39 25 85 85 38 46 80 50 51 76 75 53 24 88 28 26 99
r145 0.939084
51 51 51 51 51 51 51 51 51 51 51 51 51 51 51 51 51 51 51 51 51 51 51 51 51 51 51 51 51 51
77 43 69 5 20 77 60 45 89 15 87 87 47 12 70 32 45 16 12 91 62 81 63 13 5 51 36 26 50 85
r146 0.785024
27 27 27 27 27 27 27 27 27 27 27 27 27 27 27 27 27 27 27 27 27 27 27 27 27 27 27 27 27 27
26 39 24 41 16 79 81 5 87 68 85 34 75 55 58 18 66 66 9 26 44 64 34 44 15 62 62 57 45 29
r147 0.646124
66 66 66 66 66 66 66 66 66 66 66 66 66 66 66 66 66 66 66 66 66 66 66 66 66 66 66 66 66 66
60 96 7 71 73 83 69 60 48 54 86 23 6 44 36 67 10 37 85 49 96 19 85 8 74 45 58 19 66 35
r148 0.971968
26 26 26 26 26 26 26 26 26 26 26 26 26 26 26 26 26 26 26 26 26 26 26 26 26 26 26 26 26 26
31 79 89 96 59 55 56 7 6 42 22 7 82 54 67 84 83 52 31 77 67 13 77 41 50 35 52 16 65 29
r149 0.744906
89 89 89 89 89 89 89 89 89 89 89 89 89 89 89 89 89 89 89 89 89 89 89 89 89 89 89 89 89 89
8 27 85 59 77 39 58 79 73 75 78 52 26 45 37 10 93 60 82 57 68 59 90 19 87 42 27 52 66 60
r150 0.767074
66 66 66 66 66 66 66 66 66 66 66 66 66 66 66 66 66 66 66 66 66 66 66 66 66 66 66 66 66 66
79 21 22 53 55 75 29 25 50 8 73 72 48 7 74 38 59 53 90 27 9 80 38 91 19 58 41 77 18 74
r151 0.974751
89 89 89 89 89 89 89 89 89 89 89 89 89 89 89 89 89 89 89 89 89 89 89 89 89 89 89 89 89 89
87 57 42 39 32 67 60 75 67 33 44 12 32 18 46 86 63 33 10 67 11 41 59 25 94 92 98 9 66 38
r152 0.600074
54 54 54 54 54 54 54 54 54 54 54 54 54 54 54 54 54 54 54 54 54 54 54 54 54 54 54 54 54 54
91 35 88 20 94 45 90 61 70 31 69 97 44 15 80 99 40 86 67 46 24 23 67 18 15 62 22 73 92 15
r153 0.510482
80 80 80 80 80 80 80 80 80 80 80 80 80 80 80 80 80 80 80 80 80 80 80 80 80 80 80 80 80 80
42 13 96 37 50 83 93 21 15 59 15 51 69 91 51 7 74 18 48 93 33 12 11 43 66 25 16 59 32 33
r154 0.867759
69 69 69 69 69 69 69 69 69 69 69 69 69 69 69 69 69 69 69 69 69 69 69 69 69 69 69 69 69 69
41 32 98 83 16 89 99 23 48 15 69 15 98 17 17 72 27 60 62 55 65 65 90 31 85 99 85 14 32 22
r155 0.87636
65 65 65 65 65 65 65 65 65 65 65 65 65 65 65 65 65 65 65 65 65 65 65 65 65 65 65 65 65 65
49 74 48 57 63 48 75 11 55 42 21 53 54 33 22 77 86 79 29 51 44 20 77 29 19 63 38 46 77 13
r156 0.951316
26 26 26 26 26 26 26 26 26 26 26 26 26 26 26 26 26 26 26 26 26 26 26 26 26 26 26 26 26 26
82 51 76 45 94 48 52 46 82 68 94 37 94 16 11 80 90 35 31 31 50 8 55 61 63 85 7 40 91 10
r157 0.93385
73 73 73 73 73 73 73 73 73 73 73 73 73 73 73 73 73 73 73 73 73 73 73 73 73 73 73 73 73 73
54 32 16 48 72 60 90 55 28 81 87 19 90 90 94 77 25 22 9 68 23 56 29 81 42 29 19 30 31 70
r158 0.90435
80 80 80 80 80 80 80 80 80 80 80 80 80 80 80 80 80 80 80 80 80 80 80 80 80 80 80 80 80 80
94 11 26 66 66 13 21 87 86 5 6 76 90 93 54 13 15 55 76 33 11 97 12 45 26 23 70 50 88 66
r159 0.541408
82 82 82 82 82 82 82 82 82 82 82 82 82 82 82 82 82 82 82 82 82 82 82 82 82 82 82 82 82 82
72 48 48 39 56 62 26 43 62 24 16 53 17 62 61 25 17 34 53 21 31 57 61 50 75 29 95 60 90 22
r160 0.517681
59 59 59 59 59 59 59 59 59 59 59 59 59 59 59 59 59 59 59 59 59 59 59 59 59 59 59 59 59 59
63 83 93 16 45 16 51 7 36 63 52 45 25 13 65 35 39 16 51 66 68 9 16 41 33 8 96 20 22 36
r161 0.805585
80 80 80 80 80 80 80 80 80 80 80 80 80 80 80 80 80 80 80 80 80 80 80 80 80 80 80 80 80 80
16 65 89 53 74 40 52 7 95 5 47 21 10 10 48 45 21 91 8 81 95 16 19 26 19 16 38 33 44 13
r162 0.614461
52 52 52 52 52 52 52 52 52 52 52 52 52 52 52 52 52 52 52 52 52 52 52 52 52 52 52 52 52 52
71 95 5 45 35 49 47 31 46 89 44 52 91 84 89 12 75 92 86 67 8 5 85 19 13 24 47 49 29 50
r163 0.536104
95 95 95 95 95 95 95 95 95 95 95 95 95 95 95 95 95 95 95 95 95 95 95 95 95 95 95 95 95 95
45 93 37 73 40 79 96 81 66 37 33 57 21 19 62 88 8 45 52 8 42 35 19 48 54 59 92 75 9 83
r164 0.816582
50 50 50 50 50 50 50 50 50 50 50 50 50 50 50 50 50 50 50 50 50 50 50 50 50 50 50 50 50 50
76 5 20 13 77 16 90 43 48 20 92 61 35 51 46 35 91 93 39 34 28 53 77 74 12 66 47 17 49 12
r165 0.821476
23 23 23 23 23 23 23 23 23 23 23 23 23 23 23 23 23 23 23 23 23 23 23 23 23 23 23 23 23 23
9 74 31 81 82 18 21 27 34 11 80 64 57 26 91 49 16 30 75 37 76 49 8 80 15 50 92 57 54 48
r166 0.739192
59 59 59 59 59 59 59 59 59 59 59 59 59 59 59 59 59 59 59 59 59 59 59 59 59 59 59 59 59 59
19 95 40 93 14 54 20 43 60 95 99 17 18 90 58 30 18 33 59 89 77 62 69 85 10 59 39 59 99 11
r167 0.768354
19 19 19 19 19 19 19 19 19 19 19 19 19 19 19 19 19 19 19 19 19 19 19 19 19 19 19 19 19 19
98 51 12 12 5 25 50 57 17 46 66 31 34 25 53 47 50 12 33 28 69 97 10 74 53 41 31 53 44 44
r168 0.775814
42 42 42 42 42 42 42 42 42 42 42 42 42 42 42 42 42 42 42 42 42 42 42 42 42 42 42 42 42 42
87 68 50 84 88 92 41 6 36 8 29 65 25 77 12 70 81 40 90 50 34 92 22 80 33 45 33 72 81 89
r169 0.914425
69 69 69 69 69 69 69 69 69 69 69 69 69 69 69 69 69 69 69 69 69 69 69 69 69 69 69 69 69 69
57 57 53 43 46 90 41 77 90 65 42 15 39 46 77 20 81 65 62 13 57 76 88 86 18 18 55 95 7 62
r170 0.834124
56 56 56 56 56 56 56 56 56 56 56 56 56 56 56 56 56 56 56 56 56 56 56 56 56 56 56 56 56 56
19 14 94 58 96 32 35 86 89 70 93 28 16 68 40 90 33 95 98 85 68 86 68 79 99 24 74 98 81 35
r171 0.796864
93 93 93 93 93 93 93 93 93 93 93 93 93 93 93 93 93 93 93 93 93 93 93 93 93 93 93 93 93 93
44 46 51 41 73 78 27 63 48 18 83 60 81 21 50 14 13 48 91 73 31 60 52 27 76 23 25 57 53 71
r172 0.666262
93 93 93 93 93 93 93 93 93 93 93 93 93 93 93 93 93 93 93 93 93 93 93 93 93 93 93 93 93 93
17 93 34 83 72 53 43 17 66 26 72 44 39 19 50 44 59 42 18 85 94 62 12 70 81 29 24 34 96 67
r173 0.510289
10 10 10 10 10 10 10 10 10 10 10 10 10 10 10 10 10 10 10 10 10 10 10 10 10 10 10 10 10 10
57 53 88 26 7 31 39 65 50 11 7 84 23 52 26 77 89 36 60 80 93 64 50 71 89 70 6 82 34 25
r174 0.562316
83 83 83 83 83 83 83 83 83 83 83 83 83 83 83 83 83 83 83 83 83 83 83 83 83 83 83 83 83 83
71 76 10 70 7 44 35 52 47 34 34 65 82 52 40 68 83 95 49 76 59 94 45 48 61 46 30 87 63 15
r175 0.565158
31 31 31 31 31 31 31 31 31 31 31 31 31 31 31 31 31 31 31 31 31 31 31 31 31 31 31 31 31 31
86 76 96 85 17 29 35 59 58 61 22 37 13 57 6 91 52 50 64 8 41 9 52 98 47 74 85 8 84 56
r176 0.914994
67 67 67 67 67 67 67 67 67 67 67 67 67 67 67 67 67 67 67 67 67 67 67 67 67 67 67 67 67 67
29 28 53 41 49 83 93 7 44 15 40 52 64 41 40 13 83 99 16 24 6 60 19 48 35 5 48 16 53 75
r177 0.990039
75 75 75 75 75 75 75 75 75 75 75 75 75 75 75 75 75 75 75 75 75 75 75 75 75 75 75 75 75 75
98 29 16 47 12 6 46 48 16 78 95 72 16 35 80 94 31 92 19 32 52 30 73 79 27 18 88 76 88 64
r178 0.561466
83 83 83 83 83 83 83 83 83 83 83 83 83 83 83 83 83 83 83 83 83 83 83 83 83 83 83 83 83 83
88 59 30 92 61 69 40 69 47 32 42 59 62 19 50 85 11 61 18 56 87 83 32 14 96 20 82 82 76 30
r179 0.69764
61 61 61 61 61 61 61 61 61 61 61 61 61 61 61 61 61 61 61 61 61 61 61 61 61 61 61 61 61 61
82 88 53 40 57 85 9 96 17 43 52 71 58 98 57 61 59 67 14 43 47 42 53 40 54 35 22 31 58 83
r180 0.703009
40 40 40 40 40 40 40 40 40 40 40 40 40 40 40 40 40 40 40 40 40 40 40 40 40 40 40 40 40 40
68 35 72 22 20 73 18 30 17 66 93 67 61 47 28 20 14 38 59 53 72 9 89 26 36 8 49 89 83 31
r181 0.838348
51 51 51 51 51 51 51 51 51 51 51 51 51 51 51 51 51 51 51 51 51 51 51 51 51 51 51 51 51 51
61 93 68 73 67 82 98 76 45 89 40 6 36 63 18 43 93 72 91 62 73 77 84 10 81 30 91 64 56 18
r182 0.658431
17 17 17 17 17 17 17 17 17 17 17 17 17 17 17 17 17 17 17 17 17 17 17 17 17 17 17 17 17 17
8 76 83 67 55 78 40 92 67 75 93 99 36 12 42 29 76 30 84 50 8 68 52 81 90 43 42 44 56 50
r183 0.507319
57 57 57 57 57 57 57 57 57 57 57 57 57 57 57 57 57 57 57 57 57 57 57 57 57 57 57 57 57 57
24 36 21 71 15 57 64 77 32 57 73 63 61 15 85 35 41 69 77 41 34 29 22 21 67 56 60 21 7 14
r184 0.65962
26 26 26 26 26 26 26 26 26 26 26 26 26 26 26 26 26 26 26 26 26 26 26 26 26 26 26 26 26 26
45 86 92 55 43 53 30 71 8 98 31 64 11 16 91 44 77 68 80 8 89 94 25 54 50 80 70 52 89 37
r185 0.908654
35 35 35 35 35 35 35 35 35 35 35 35 35 35 35 35 35 35 35 35 35 35 35 35 35 35 35 35 35 35
23 60 82 59 13 12 27 16 8 53 73 14 62 61 53 39 30 30 43 16 24 63 65 69 40 35 19 30 67 81
r186 0.796817
83 83 83 83 83 83 83 83 83 83 83 83 83 83 83 83 83 83 83 83 83 83 83 83 83 83 83 83 83 83
38 42 42 44 47 64 52 47 14 25 53 71 82 6 8 9 28 43 20 47 98 81 13 38 13 24 63 73 6 20
r187 0.998821
39 39 39 39 39 39 39 39 39 39 39 39 39 39 39 39 39 39 39 39 39 39 39 39 39 39 39 39 39 39
55 90 78 97 51 28 41 60 48 89 32 27 87 32 28 15 67 41 54 65 19 62 95 24 79 59 92 80 74 45
r188 0.716157
29 29 29 29 29 29 29 29 29 29 29 29 29 29 29 29 29 29 29 29 29 29 29 29 29 29 29 29 29 29
32 87 23 78 15 56 39 55 45 63 75 32 87 95 39 54 36 88 19 50 48 14 67 27 65 59 99 37 97 15
r189 0.537766
29 29 29 29 29 29 29 29 29 29 29 29 29 29 29 29 29 29 29 29 29 29 29 29 29 29 29 29 29 29
94 77 8 9 33 39 57 71 97 32 95 84 27 35 35 56 20 49 98 63 55 65 82 21 25 81 50 19 89 8
r190 0.721399
83 83 83 83 83 83 83 83 83 83 83 83 83 83 83 83 83 83 83 83 83 83 83 83 83 83 83 83 83 83
77 43 85 11 77 42 74 71 69 69 52 88 99 82 44 20 28 43 75 79 8 55 92 25 36 42 39 22 45 78
r191 0.736209
23 23 23 23 23 23 23 23 23 23 23 23 23 23 23 23 23 23 23 23 23 23 23 23 23 23 23 23 23 23
21 83 26 91 22 95 62 83 61 15 71 61 89 16 73 18 51 45 92 54 95 81 75 29 20 14 46 60 84 41
r192 0.795141
98 98 98 98 98 98 98 98 98 98 98 98 98 98 98 98 98 98 98 98 98 98 98 98 98 98 98 98 98 98
21 93 89 38 85 51 18 47 58 85 5 48 93 70 61 44 15 50 90 8 28 65 32 43 72 70 95 53 12 71
r193 0.648449
25 25 25 25 25 25 25 25 25 25 25 25 25 25 25 25 25 25 25 25 25 25 25 25 25 25 25 25 25 25
61 40 56 47 84 69 89 39 54 86 82 44 56 40 83 63 82 74 66 7 36 93 45 5 61 41 54 65 9 5
r194 0.747537
62 62 62 62 62 62 62 62 62 62 62 62 62 62 62 62 62 62 62 62 62 62 62 62 62 62 62 62 62 62
38 41 9 22 11 90 56 57 76 36 97 29 68 77 88 48 51 51 50 80 45 88 80 98 26 34 63 27 35 48
r195 0.673097
65 65 65 65 65 65 65 65 65 65 65 65 65 65 65 65 65 65 65 65 65 65 65 65 65 65 65 65 65 65
82 89 82 85 76 35 42 50 63 36 74 29 14 59 69 57 11 19 37 48 99 15 46 25 44 6 47 71 46 29
r196 0.914848
28 28 28 28 28 28 28 28 28 28 28 28 28 28 28 28 28 28 28 28 28 28 28 28 28 28 28 28 28 28
18 15 10 86 43 45 36 98 76 8 27 82 62 88 40 65 8 69 10 99 79 48 25 21 49 64 84 91 88 18
r197 0.923256
98 98 98 98 98 98 98 98 98 98 98 98 98 98 98 98 98 98 98 98 98 98 98 98 98 98 98 98 98 98
28 19 85 63 59 21 62 35 21 81 15 79 70 50 41 70 16 47 69 88 90 86 6 37 51 85 25 39 98 33
r198 0.683618
24 24 24 24 24 24 24 24 24 24 24 24 24 24 24 24 24 24 24 24 24 24 24 24 24 24 24 24 24 24
47 23 82 6 36 41 34 53 23 44 29 85 86 65 52 94 9 21 82 92 5 83 26 51 66 46 85 64 71 23
r199 0.815859
19 19 19 19 19 19 19 19 19 19 19 19 19 19 19 19 19 19 19 19 19 19 19 19 19 19 19 19 19 19
38 63 17 67 99 43 20 19 79 41 96 65 98 48 57 5 62 39 92 62 20 15 13 78 53 90 42 24 11 23
r200 0.789479
41 41 41 41 41 41 41 41 41 41 41 41 41 41 41 41 41 41 41 41 41 41 41 41 41 41 41 41 41 41
81 45 8 80 83 23 92 63 56 88 25 55 37 77 55 94 14 44 53 26 54 61 99 7 48 38 23 54 56 54
