200 30 4 1 10
0 0.25
40279 40279 40279 40279 40279 40279 40279 40279 40279 40279 40279 40279 40279 40279 40279 40279 40279 40279 40279 40279 40279 40279 40279 40279 40279 40279 40279 40279 40279 40279
w1 0.5
3886 3886 3886 3886 3886 3886 3886 3886 3886 3886 3886 3886 3886 3886 3886 3886 3886 3886 3886 3886 3886 3886 3886 3886 3886 3886 3886 3886 3886 3886
w2 0.5
2286 2286 2286 2286 2286 2286 2286 2286 2286 2286 2286 2286 2286 2286 2286 2286 2286 2286 2286 2286 2286 2286 2286 2286 2286 2286 2286 2286 2286 2286
w3 0.5
1795 1795 1795 1795 1795 1795 1795 1795 1795 1795 1795 1795 1795 1795 1795 1795 1795 1795 1795 1795 1795 1795 1795 1795 1795 1795 1795 1795 1795 1795
w4 0.5
2226 2226 2226 2226 2226 2226 2226 2226 2226 2226 2226 2226 2226 2226 2226 2226 2226 2226 2226 2226 2226 2226 2226 2226 2226 2226 2226 2226 2226 2226
w5 0.5
2542 2542 2542 2542 2542 2542 2542 2542 2542 2542 2542 2542 2542 2542 2542 2542 2542 2542 2542 2542 2542 2542 2542 2542 2542 2542 2542 2542 2542 2542
w6 0.5
4468 4468 4468 4468 4468 4468 4468 4468 4468 4468 4468 4468 4468 4468 4468 4468 4468 4468 4468 4468 4468 4468 4468 4468 4468 4468 4468 4468 4468 4468
w7 0.5
4186 4186 4186 4186 4186 4186 4186 4186 4186 4186 4186 4186 4186 4186 4186 4186 4186 4186 4186 4186 4186 4186 4186 4186 4186 4186 4186 4186 4186 4186
w8 0.5
1670 1670 1670 1670 1670 1670 1670 1670 1670 1670 1670 1670 1670 1670 1670 1670 1670 1670 1670 1670 1670 1670 1670 1670 1670 1670 1670 1670 1670 1670
w9 0.5
1720 1720 1720 1720 1720 1720 1720 1720 1720 1720 1720 1720 1720 1720 1720 1720 1720 1720 1720 1720 1720 1720 1720 1720 1720 1720 1720 1720 1720 1720
w10 0.5
2575 2575 2575 2575 2575 2575 2575 2575 2575 2575 2575 2575 2575 2575 2575 2575 2575 2575 2575 2575 2575 2575 2575 2575 2575 2575 2575 2575 2575 2575
r1 0.945756
72 72 72 72 72 72 72 72 72 72 72 72 72 72 72 72 72 72 72 72 72 72 72 72 72 72 72 72 72 72
20 69 39 97 89 62 94 46 32 93 77 59 21 38 93 15 19 31 71 67 74 83 93 46 21 66 89 77 87 92
r2 0.93065
99 99 99 99 99 99 99 99 99 99 99 99 99 99 99 99 99 99 99 99 99 99 99 99 99 99 99 99 99 99
61 80 93 47 40 88 89 67 81 63 26 95 93 17 7 9 40 71 71 14 54 61 53 68 27 42 45 11 34 86
r3 0.548262
87 87 87 87 87 87 87 87 87 87 87 87 87 87 87 87 87 87 87 87 87 87 87 87 87 87 87 87 87 87
63 96 35 98 81 21 62 59 79 84 54 69 93 54 73 33 25 41 42 71 97 90 39 21 29 76 25 58 62 27
r4 0.917328
23 23 23 23 23 23 23 23 23 23 23 23 23 23 23 23 23 23 23 23 23 23 23 23 23 23 23 23 23 23
23 73 21 99 89 79 59 65 60 10 34 53 56 99 81 73 37 20 45 31 8 79 47 32 53 64 83 12 84 26
r5 0.579252
99 99 99 99 99 99 99 99 99 99 99 99 99 99 99 99 99 99 99 99 99 99 99 99 99 99 99 99 99 99
94 47 99 83 23 55 48 75 57 74 28 11 70 6 79 7 21 24 33 21 96 72 49 49 34 29 56 18 50 82
r6 0.615709
41 41 41 41 41 41 41 41 41 41 41 41 41 41 41 41 41 41 41 41 41 41 41 41 41 41 41 41 41 41
26 13 24 41 60 64 16 18 35 36 24 5 37 95 99 50 20 32 67 13 96 13 54 30 34 10 43 79 84 53
r7 0.588846
7 7 7 7 7 7 7 7 7 7 7 7 7 7 7 7 7 7 7 7 7 7 7 7 7 7 7 7 7 7
61 36 43 22 92 51 32 27 82 48 24 16 43 23 62 55 47 26 63 43 31 17 66 60 20 6 36 96 54 48
r8 0.890997
16 16 16 16 16 16 16 16 16 16 16 16 16 16 16 16 16 16 16 16 16 16 16 16 16 16 16 16 16 16
76 39 33 68 86 60 87 65 8 11 77 43 29 36 94 71 57 57 11 83 67 69 43 79 71 74 75 25 19 71
r9 0.745899
90 90 90 90 90 90 90 90 90 90 90 90 90 90 90 90 90 90 90 90 90 90 90 90 90 90 90 90 90 90
11 61 55 89 21 42 51 21 45 28 57 69 59 51 37 13 5 40 91 64 10 31 43 76 5 19 96 19 85 30
r10 0.676078
88 88 88 88 88 88 88 88 88 88 88 88 88 88 88 88 88 88 88 88 88 88 88 88 88 88 88 88 88 88
86 56 74 5 90 26 18 35 46 70 96 98 18 33 11 19 66 95 78 71 26 22 44 24 33 37 35 15 62 37
r11 0.534402
46 46 46 46 46 46 46 46 46 46 46 46 46 46 46 46 46 46 46 46 46 46 46 46 46 46 46 46 46 46
85 70 46 76 88 59 11 32 27 8 30 40 33 33 54 94 25 30 62 47 44 98 66 72 36 96 82 90 30 78
r12 0.64517
16 16 16 16 16 16 16 16 16 16 16 16 16 16 16 16 16 16 16 16 16 16 16 16 16 16 16 16 16 16
46 77 87 31 34 93 58 56 93 80 88 27 14 43 18 31 65 76 73 9 74 36 76 7 30 55 93 55 31 29
r13 0.985964
72 72 72 72 72 72 72 72 72 72 72 72 72 72 72 72 72 72 72 72 72 72 72 72 72 72 72 72 72 72
99 50 98 33 41 54 81 34 34 69 53 40 9 67 67 69 40 37 70 14 69 46 17 94 94 7 49 25 31 13
r14 0.72895
27 27 27 27 27 27 27 27 27 27 27 27 27 27 27 27 27 27 27 27 27 27 27 27 27 27 27 27 27 27
55 84 52 88 38 33 20 65 95 68 5 96 35 64 63 70 97 33 77 66 72 86 57 63 88 98 83 16 11 69
r15 0.72336
59 59 59 59 59 59 59 59 59 59 59 59 59 59 59 59 59 59 59 59 59 59 59 59 59 59 59 59 59 59
53 86 47 84 17 62 49 9 31 46 5 58 8 60 26 5 86 95 63 55 81 20 18 66 18 96 74 22 62 13
r16 0.562474
15 15 15 15 15 15 15 15 15 15 15 15 15 15 15 15 15 15 15 15 15 15 15 15 15 15 15 15 15 15
95 20 94 9 78 40 13 6 82 10 56 85 63 74 82 49 69 42 96 47 54 14 10 67 7 80 81 64 88 54
r17 0.561754
80 80 80 80 80 80 80 80 80 80 80 80 80 80 80 80 80 80 80 80 80 80 80 80 80 80 80 80 80 80
67 66 81 42 98 89 43 77 92 91 59 55 66 41 96 32 78 92 75 32 98 80 92 5 57 70 61 46 22 32
r18 0.800367
81 81 81 81 81 81 81 81 81 81 81 81 81 81 81 81 81 81 81 81 81 81 81 81 81 81 81 81 81 81
90 5 23 89 86 58 66 78 49 26 30 12 59 26 40 35 15 12 59 13 87 48 10 42 19 66 80 33 94 98
r19 0.767159
81 81 81 81 81 81 81 81 81 81 81 81 81 81 81 81 81 81 81 81 81 81 81 81 81 81 81 81 81 81
95 32 70 82 82 34 57 31 55 83 36 11 6 71 41 17 78 96 22 62 44 28 99 55 86 79 83 77 75 89
r20 0.584942
70 70 70 70 70 70 70 70 70 70 70 70 70 70 70 70 70 70 70 70 70 70 70 70 70 70 70 70 70 70
18 29 49 95 55 7 24 7 82 55 14 83 23 50 92 93 43 12 55 80 35 52 35 18 28 16 91 98 97 50
r21 0.768835
16 16 16 16 16 16 16 16 16 16 16 16 16 16 16 16 16 16 16 16 16 16 16 16 16 16 16 16 16 16
71 12 8 27 14 24 29 88 74 38 69 89 81 61 82 21 68 35 96 95 82 29 14 10 37 5 6 34 47 64
r22 0.879076
18 18 18 18 18 18 18 18 18 18 18 18 18 18 18 18 18 18 18 18 18 18 18 18 18 18 18 18 18 18
71 43 40 81 62 65 66 34 95 35 23 76 89 98 90 54 33 86 50 15 12 56 17 41 53 15 68 95 74 10
r23 0.91028
46 46 46 46 46 46 46 46 46 46 46 46 46 46 46 46 46 46 46 46 46 46 46 46 46 46 46 46 46 46
45 46 24 8 11 85 37 6 21 52 75 7 50 65 56 75 48 98 82 53 51 95 89 99 10 54 91 80 57 97
r24 0.533893
97 97 97 97 97 97 97 97 97 97 97 97 97 97 97 97 97 97 97 97 97 97 97 97 97 97 97 97 97 97
43 42 5 46 27 34 47 40 79 19 42 26 76 91 97 22 89 79 67 41 74 53 37 77 8 29 54 60 23 72
r25 0.724027
61 61 61 61 61 61 61 61 61 61 61 61 61 61 61 61 61 61 61 61 61 61 61 61 61 61 61 61 61 61
14 55 7 33 84 46 69 60 58 8 82 34 94 79 48 81 58 15 22 30 64 51 99 67 72 50 27 90 22 76
r26 0.883279
28 28 28 28 28 28 28 28 28 28 28 28 28 28 28 28 28 28 28 28 28 28 28 28 28 28 28 28 28 28
31 50 53 13 92 19 68 50 23 50 76 14 26 25 90 77 32 12 7 91 56 98 55 28 48 77 19 62 54 62
r27 0.624203
77 77 77 77 77 77 77 77 77 77 77 77 77 77 77 77 77 77 77 77 77 77 77 77 77 77 77 77 77 77
13 35 85 97 50 51 44 65 96 20 74 20 37 65 92 65 69 91 53 25 89 9 49 34 78 60 88 29 22 70
r28 0.7155
27 27 27 27 27 27 27 27 27 27 27 27 27 27 27 27 27 27 27 27 27 27 27 27 27 27 27 27 27 27
5 84 24 47 35 63 12 29 76 82 44 10 47 36 67 13 24 21 34 10 25 75 39 95 35 27 25 49 89 27
r29 0.683204
89 89 89 89 89 89 89 89 89 89 89 89 89 89 89 89 89 89 89 89 89 89 89 89 89 89 89 89 89 89
11 91 34 42 52 41 66 25 20 7 30 62 35 93 68 54 14 97 59 31 69 90 26 96 17 43 45 98 62 17
r30 0.541484
69 69 69 69 69 69 69 69 69 69 69 69 69 69 69 69 69 69 69 69 69 69 69 69 69 69 69 69 69 69
6 18 8 50 55 66 70 70 65 95 30 95 88 90 49 94 84 8 22 53 93 41 49 7 79 86 5 42 96 81
r31 0.64608
94 94 94 94 94 94 94 94 94 94 94 94 94 94 94 94 94 94 94 94 94 94 94 94 94 94 94 94 94 94
95 8 44 47 69 14 14 31 6 36 26 87 26 70 81 10 70 96 58 60 37 99 59 16 83 56 53 79 37 53
r32 0.733408
32 32 32 32 32 32 32 32 32 32 32 32 32 32 32 32 32 32 32 32 32 32 32 32 32 32 32 32 32 32
56 17 74 22 23 84 48 24 20 69 11 39 36 85 44 6 81 95 61 18 94 17 26 77 68 72 53 6 25 26
r33 0.844319
77 77 77 77 77 77 77 77 77 77 77 77 77 77 77 77 77 77 77 77 77 77 77 77 77 77 77 77 77 77
35 5 91 50 81 40 70 93 9 73 32 38 55 72 39 33 67 93 43 58 10 65 33 74 37 81 75 54 5 5
r34 0.621236
35 35 35 35 35 35 35 35 35 35 35 35 35 35 35 35 35 35 35 35 35 35 35 35 35 35 35 35 35 35
5 20 81 78 55 48 72 56 18 99 89 69 71 26 97 35 19 38 89 21 98 22 90 32 95 62 81 95 63 10
r35 0.954818
60 60 60 60 60 60 60 60 60 60 60 60 60 60 60 60 60 60 60 60 60 60 60 60 60 60 60 60 60 60
22 9 39 69 52 11 25 65 7 12 31 71 33 26 6 44 59 87 60 54 6 48 81 97 10 59 92 65 61 20
r36 0.615666
78 78 78 78 78 78 78 78 78 78 78 78 78 78 78 78 78 78 78 78 78 78 78 78 78 78 78 78 78 78
21 54 47 65 60 65 28 59 72 54 30 97 72 32 38 31 16 93 80 18 41 58 15 44 18 99 9 74 17 24
r37 0.852777
33 33 33 33 33 33 33 33 33 33 33 33 33 33 33 33 33 33 33 33 33 33 33 33 33 33 33 33 33 33
73 92 94 30 57 22 85 26 68 15 20 41 39 53 67 51 47 45 64 80 98 71 24 16 67 26 83 79 42 36
r38 0.864419
16 16 16 16 16 16 16 16 16 16 16 16 16 16 16 16 16 16 16 16 16 16 16 16 16 16 16 16 16 16
25 99 41 78 21 26 96 84 34 17 25 68 65 85 16 9 27 72 85 25 40 6 34 8 24 17 82 62 45 87
r39 0.906841
65 65 65 65 65 65 65 65 65 65 65 65 65 65 65 65 65 65 65 65 65 65 65 65 65 65 65 65 65 65
86 11 40 99 33 37 84 59 49 6 24 11 86 36 16 10 5 96 31 41 94 57 41 16 66 20 73 8 8 43
r40 0.543642
86 86 86 86 86 86 86 86 86 86 86 86 86 86 86 86 86 86 86 86 86 86 86 86 86 86 86 86 86 86
49 6 86 74 35 67 33 76 68 50 82 52 78 93 57 78 86 80 16 78 37 52 89 95 68 59 98 68 97 64
r41 0.717185
43 43 43 43 43 43 43 43 43 43 43 43 43 43 43 43 43 43 43 43 43 43 43 43 43 43 43 43 43 43
62 40 18 92 7 43 65 68 88 47 20 66 38 69 42 21 50 53 91 79 98 80 75 63 39 70 31 33 31 80
r42 0.780657
88 88 88 88 88 88 88 88 88 88 88 88 88 88 88 88 88 88 88 88 88 88 88 88 88 88 88 88 88 88
18 82 77 17 25 42 80 11 82 92 69 20 62 11 33 12 57 25 83 55 97 58 18 37 26 41 62 52 21 34
r43 0.528441
31 31 31 31 31 31 31 31 31 31 31 31 31 31 31 31 31 31 31 31 31 31 31 31 31 31 31 31 31 31
13 15 44 34 53 21 37 35 14 6 47 71 13 72 75 62 92 58 17 90 14 27 24 35 63 81 79 76 13 17
r44 0.851934
21 21 21 21 21 21 21 21 21 21 21 21 21 21 21 21 21 21 21 21 21 21 21 21 21 21 21 21 21 21
28 44 47 73 60 79 5 66 81 44 37 86 16 9 48 6 63 57 91 72 79 12 99 39 85 78 15 93 88 18
r45 0.560928
16 16 16 16 16 16 16 16 16 16 16 16 16 16 16 16 16 16 16 16 16 16 16 16 16 16 16 16 16 16
54 54 81 12 34 81 73 12 22 8 90 33 12 35 34 67 84 22 36 63 29 32 97 12 8 9 5 91 20 12
r46 0.659277
69 69 69 69 69 69 69 69 69 69 69 69 69 69 69 69 69 69 69 69 69 69 69 69 69 69 69 69 69 69
59 80 76 85 58 47 89 75 47 76 5 54 11 35 19 90 49 50 50 71 78 44 78 81 48 75 69 63 83 68
r47 0.570694
39 39 39 39 39 39 39 39 39 39 39 39 39 39 39 39 39 39 39 39 39 39 39 39 39 39 39 39 39 39
45 98 24 98 45 13 70 87 84 70 39 87 97 50 74 47 95 24 18 70 63 91 48 8 63 17 67 46 77 89
r48 0.598818
22 22 22 22 22 22 22 22 22 22 22 22 22 22 22 22 22 22 22 22 22 22 22 22 22 22 22 22 22 22
87 96 17 33 6 79 17 82 50 48 69 44 93 43 86 86 59 96 56 19 84 97 23 48 11 82 86 84 71 64
r49 0.991225
55 55 55 55 55 55 55 55 55 55 55 55 55 55 55 55 55 55 55 55 55 55 55 55 55 55 55 55 55 55
57 16 83 59 90 93 38 37 41 5 77 32 43 60 18 95 57 66 14 38 60 29 78 67 8 65 51 71 26 49
r50 0.713486
78 78 78 78 78 78 78 78 78 78 78 78 78 78 78 78 78 78 78 78 78 78 78 78 78 78 78 78 78 78
57 7 34 48 95 65 77 34 65 54 58 5 15 71 95 64 34 7 94 87 28 73 54 32 35 97 95 56 43 22
r51 0.915558
93 93 93 93 93 93 93 93 93 93 93 93 93 93 93 93 93 93 93 93 93 93 93 93 93 93 93 93 93 93
25 58 41 17 20 18 43 80 65 96 80 72 64 76 33 91 75 27 78 98 92 29 27 27 26 23 75 61 37 99
r52 0.745872
57 57 57 57 57 57 57 57 57 57 57 57 57 57 57 57 57 57 57 57 57 57 57 57 57 57 57 57 57 57
54 87 67 69 98 10 49 63 99 29 32 60 97 60 51 69 79 29 68 72 50 87 94 71 10 67 30 43 66 79
r53 0.790919
20 20 20 20 20 20 20 20 20 20 20 20 20 20 20 20 20 20 20 20 20 20 20 20 20 20 20 20 20 20
64 56 84 62 62 30 22 58 51 49 18 46 9 65 15 83 86 75 52 37 63 44 5 65 11 27 8 69 7 93
r54 0.894158
63 63 63 63 63 63 63 63 63 63 63 63 63 63 63 63 63 63 63 63 63 63 63 63 63 63 63 63 63 63
49 65 25 8 90 42 58 38 83 72 79 84 34 90 64 17 62 17 46 25 56 47 83 59 69 83 28 68 76 9
r55 0.892572
23 23 23 23 23 23 23 23 23 23 23 23 23 23 23 23 23 23 23 23 23 23 23 23 23 23 23 23 23 23
69 48 26 56 82 77 89 65 49 66 46 75 56 11 87 15 20 34 36 68 73 19 27 39 97 50 8 71 54 31
r56 0.86813
20 20 20 20 20 20 20 20 20 20 20 20 20 20 20 20 20 20 20 20 20 20 20 20 20 20 20 20 20 20
72 12 68 54 84 54 17 30 20 58 5 68 61 88 79 76 19 12 44 87 23 66 23 17 13 23 83 59 47 69
r57 0.937637
19 19 19 19 19 19 19 19 19 19 19 19 19 19 19 19 19 19 19 19 19 19 19 19 19 19 19 19 19 19
74 39 68 58 89 80 81 9 36 81 70 92 66 49 66 77 53 10 61 71 69 80 83 77 98 64 34 45 33 5
r58 0.879726
7 7 7 7 7 7 7 7 7 7 7 7 7 7 7 7 7 7 7 7 7 7 7 7 7 7 7 7 7 7
40 25 58 29 97 39 30 33 17 95 23 79 41 84 53 89 89 15 60 55 90 44 30 85 5 59 31 33 59 82
r59 0.51573
94 94 94 94 94 94 94 94 94 94 94 94 94 94 94 94 94 94 94 94 94 94 94 94 94 94 94 94 94 94
7 86 20 97 25 46 30 37 38 45 13 75 29 62 64 16 72 25 66 59 61 91 44 61 50 67 86 7 50 19
r60 0.598
49 49 49 49 49 49 49 49 49 49 49 49 49 49 49 49 49 49 49 49 49 49 49 49 49 49 49 49 49 49
5 14 46 22 52 69 52 85 14 60 60 36 19 25 47 83 42 13 42 95 97 79 56 44 46 42 46 88 54 40
r61 0.971411
54 54 54 54 54 54 54 54 54 54 54 54 54 54 54 54 54 54 54 54 54 54 54 54 54 54 54 54 54 54
46 76 72 93 42 24 75 49 76 36 80 88 53 24 71 87 29 14 82 26 85 35 63 31 69 6 20 23 38 50
r62 0.558867
79 79 79 79 79 79 79 79 79 79 79 79 79 79 79 79 79 79 79 79 79 79 79 79 79 79 79 79 79 79
23 42 69 58 58 45 7 31 73 79 19 23 95 86 10 24 92 84 43 77 19 6 5 80 7 20 99 41 62 69
r63 0.776473
78 78 78 78 78 78 78 78 78 78 78 78 78 78 78 78 78 78 78 78 78 78 78 78 78 78 78 78 78 78
8 79 36 58 24 38 81 89 14 96 12 9 79 14 25 68 93 63 42 9 61 42 84 61 55 83 94 17 49 11
r64 0.504962
49 49 49 49 49 49 49 49 49 49 49 49 49 49 49 49 49 49 49 49 49 49 49 49 49 49 49 49 49 49
85 23 7 6 53 84 90 62 77 94 63 56 8 84 21 93 44 58 97 98 95 82 59 50 62 53 60 12 56 47
r65 0.585918
39 39 39 39 39 39 39 39 39 39 39 39 39 39 39 39 39 39 39 39 39 39 39 39 39 39 39 39 39 39
66 56 37 19 37 25 74 11 19 34 59 20 15 75 13 55 33 11 53 28 88 9 71 47 54 31 51 10 73 5
r66 0.754665
36 36 36 36 36 36 36 36 36 36 36 36 36 36 36 36 36 36 36 36 36 36 36 36 36 36 36 36 36 36
53 74 48 82 94 19 88 10 48 47 25 59 22 34 11 50 37 56 73 22 60 41 64 11 67 16 16 38 13 50
r67 0.637131
61 61 61 61 61 61 61 61 61 61 61 61 61 61 61 61 61 61 61 61 61 61 61 61 61 61 61 61 61 61
21 14 43 12 25 28 17 66 70 35 22 87 61 28 34 93 76 99 12 33 41 71 39 8 79 47 38 84 92 5
r68 0.874775
10 10 10 10 10 10 10 10 10 10 10 10 10 10 10 10 10 10 10 10 10 10 10 10 10 10 10 10 10 10
11 80 17 29 8 30 90 73 60 12 57 21 32 86 11 8 83 18 33 24 81 67 24 61 11 58 45 99 55 83
r69 0.513063
61 61 61 61 61 61 61 61 61 61 61 61 61 61 61 61 61 61 61 61 61 61 61 61 61 61 61 61 61 61
60 19 85 64 44 72 34 96 79 84 14 8 67 20 8 50 30 36 66 11 95 86 64 7 41 7 98 91 85 99
r70 0.641885
45 45 45 45 45 45 45 45 45 45 45 45 45 45 45 45 45 45 45 45 45 45 45 45 45 45 45 45 45 45
18 32 6 54 99 33 47 76 14 56 79 76 68 80 24 93 16 85 5 9 68 64 11 9 66 6 95 51 5 45
r71 0.960401
16 16 16 16 16 16 16 16 16 16 16 16 16 16 16 16 16 16 16 16 16 16 16 16 16 16 16 16 16 16
69 87 62 68 17 10 41 26 61 21 98 30 93 19 23 9 99 23 10 68 83 13 69 46 14 65 90 12 7 79
r72 0.630441
71 71 71 71 71 71 71 71 71 71 71 71 71 71 71 71 71 71 71 71 71 71 71 71 71 71 71 71 71 71
63 77 36 76 82 73 94 44 86 89 66 79 8 84 80 5 5 86 65 80 91 34 26 6 94 16 10 93 87 25
r73 0.76234
48 48 48 48 48 48 48 48 48 48 48 48 48 48 48 48 48 48 48 48 48 48 48 48 48 48 48 48 48 48
94 90 21 77 63 15 18 46 5 79 25 5 60 5 5 57 83 65 37 75 95 56 73 86 67 75 77 52 92 38
r74 0.785147
86 86 86 86 86 86 86 86 86 86 86 86 86 86 86 86 86 86 86 86 86 86 86 86 86 86 86 86 86 86
28 16 60 83 23 73 29 20 49 46 21 7 44 18 59 27 79 89 94 71 45 64 54 9 36 31 56 28 62 48
r75 0.945445
82 82 82 82 82 82 82 82 82 82 82 82 82 82 82 82 82 82 82 82 82 82 82 82 82 82 82 82 82 82
59 70 66 75 41 87 90 85 34 8 84 73 22 44 92 93 33 84 61 73 45 15 74 77 39 31 5 96 74 12
r76 0.978312
31 31 31 31 31 31 31 31 31 31 31 31 31 31 31 31 31 31 31 31 31 31 31 31 31 31 31 31 31 31
75 41 6 13 26 88 90 55 92 75 25 14 19 14 99 44 93 60 14 39 70 83 13 6 11 13 97 81 18 73
r77 0.52972
88 88 88 88 88 88 88 88 88 88 88 88 88 88 88 88 88 88 88 88 88 88 88 88 88 88 88 88 88 88
11 10 96 32 93 83 79 85 58 96 91 69 11 90 13 96 50 19 32 18 98 40 19 9 46 14 82 59 79 86
r78 0.625849
85 85 85 85 85 85 85 85 85 85 85 85 85 85 85 85 85 85 85 85 85 85 85 85 85 85 85 85 85 85
88 37 15 82 20 86 64 74 83 53 43 86 43 49 82 86 63 15 96 61 47 15 63 88 21 42 47 95 29 86
r79 0.837946
17 17 17 17 17 17 17 17 17 17 17 17 17 17 17 17 17 17 17 17 17 17 17 17 17 17 17 17 17 17
23 85 91 36 71 53 10 51 6 45 37 44 89 17 27 50 24 23 8 66 31 66 55 44 9 97 37 30 81 15
r80 0.998972
96 96 96 96 96 96 96 96 96 96 96 96 96 96 96 96 96 96 96 96 96 96 96 96 96 96 96 96 96 96
92 31 32 63 79 34 12 80 72 44 21 58 56 44 8 75 59 12 42 82 70 89 27 71 86 59 96 64 66 36
r81 0.93239
58 58 58 58 58 58 58 58 58 58 58 58 58 58 58 58 58 58 58 58 58 58 58 58 58 58 58 58 58 58
59 85 18 38 17 25 15 84 62 31 42 18 67 46 86 24 50 25 6 17 14 25 84 92 76 77 54 42 10 15
r82 0.733266
64 64 64 64 64 64 64 64 64 64 64 64 64 64 64 64 64 64 64 64 64 64 64 64 64 64 64 64 64 64
92 11 94 9 28 9 85 85 33 28 96 95 66 82 19 13 99 18 25 10 38 6 97 12 79 51 49 81 58 39
r83 0.847996
48 48 48 48 48 48 48 48 48 48 48 48 48 48 48 48 48 48 48 48 48 48 48 48 48 48 48 48 48 48
42 40 49 65 42 35 51 70 55 44 62 21 23 74 26 22 87 46 27 22 48 21 29 24 65 71 5 20 7 43
r84 0.966432
44 44 44 44 44 44 44 44 44 44 44 44 44 44 44 44 44 44 44 44 44 44 44 44 44 44 44 44 44 44
79 13 9 18 40 52 83 90 88 45 8 11 16 29 25 98 70 44 18 15 61 39 34 23 10 32 35 9 70 91
r85 0.708745
46 46 46 46 46 46 46 46 46 46 46 46 46 46 46 46 46 46 46 46 46 46 46 46 46 46 46 46 46 46
96 50 59 36 94 39 26 83 77 29 89 88 50 12 84 20 51 97 28 9 36 54 27 39 81 55 43 52 46 84
r86 0.870674
42 42 42 42 42 42 42 42 42 42 42 42 42 42 42 42 42 42 42 42 42 42 42 42 42 42 42 42 42 42
34 50 70 28 84 88 8 58 14 90 47 59 97 31 71 48 25 94 53 56 46 72 87 27 27 28 71 65 12 65
r87 0.742397
41 41 41 41 41 41 41 41 41 41 41 41 41 41 41 41 41 41 41 41 41 41 41 41 41 41 41 41 41 41
12 66 61 91 54 62 50 63 52 89 22 46 17 86 89 37 77 39 85 23 9 73 46 31 96 14 89 5 71 88
r88 0.96839
78 78 78 78 78 78 78 78 78 78 78 78 78 78 78 78 78 78 78 78 78 78 78 78 78 78 78 78 78 78
52 94 67 6 56 14 62 5 98 76 46 15 62 33 47 40 64 32 58 68 97 96 92 90 11 81 90 77 66 28
r89 0.952241
18 18 18 18 18 18 18 18 18 18 18 18 18 18 18 18 18 18 18 18 18 18 18 18 18 18 18 18 18 18
20 20 17 71 29 74 69 27 50 12 34 13 40 73 48 5 97 98 68 95 95 57 82 98 38 73 72 97 93 28
r90 0.522671
13 13 13 13 13 13 13 13 13 13 13 13 13 13 13 13 13 13 13 13 13 13 13 13 13 13 13 13 13 13
40 24 77 64 93 46 83 44 53 17 52 86 85 92 83 83 90 48 75 82 6 57 80 39 27 50 33 21 73 41
r91 0.60752
14 14 14 14 14 14 14 14 14 14 14 14 14 14 14 14 14 14 14 14 14 14 14 14 14 14 14 14 14 14
60 98 70 54 41 54 93 87 66 42 70 49 34 53 32 21 96 99 96 97 56 73 34 76 23 62 92 89 95 15
r92 0.504418
56 56 56 56 56 56 56 56 56 56 56 56 56 56 56 56 56 56 56 56 56 56 56 56 56 56 56 56 56 56
14 65 7 47 19 92 34 78 34 96 27 60 49 51 76 43 50 72 40 98 46 66 74 64 26 63 53 21 74 48
r93 0.571266
80 80 80 80 80 80 80 80 80 80 80 80 80 80 80 80 80 80 80 80 80 80 80 80 80 80 80 80 80 80
14 71 27 25 63 54 98 92 47 25 52 92 71 26 35 18 90 67 17 36 34 86 93 55 47 43 68 18 87 38
r94 0.843699
93 93 93 93 93 93 93 93 93 93 93 93 93 93 93 93 93 93 93 93 93 93 93 93 93 93 93 93 93 93
9 17 15 65 63 14 54 11 31 99 95 95 25 30 13 15 89 22 44 23 6 34 70 48 72 36 61 56 69 51
r95 0.629459
70 70 70 70 70 70 70 70 70 70 70 70 70 70 70 70 70 70 70 70 70 70 70 70 70 70 70 70 70 70
60 57 35 24 63 82 27 89 81 22 81 98 44 87 10 33 9 49 49 10 75 19 50 48 50 11 96 16 54 43
r96 0.609206
15 15 15 15 15 15 15 15 15 15 15 15 15 15 15 15 15 15 15 15 15 15 15 15 15 15 15 15 15 15
92 11 31 55 88 53 41 69 67 23 67 11 10 73 36 11 19 80 17 87 92 59 32 42 66 28 51 17 66 30
r97 0.519447
58 58 58 58 58 58 58 58 58 58 58 58 58 58 58 58 58 58 58 58 58 58 58 58 58 58 58 58 58 58
36 50 10 22 95 47 83 62 62 51 68 64 21 97 70 32 77 79 16 69 39 43 9 97 67 55 14 30 77 34
r98 0.992247
10 10 10 10 10 10 10 10 10 10 10 10 10 10 10 10 10 10 10 10 10 10 10 10 10 10 10 10 10 10
79 86 27 75 33 8 34 90 54 95 54 67 92 22 91 69 96 8 39 35 46 40 32 10 90 42 36 64 68 17
r99 0.565873
44 44 44 44 44 44 44 44 44 44 44 44 44 44 44 44 44 44 44 44 44 44 44 44 44 44 44 44 44 44
98 86 16 29 89 46 19 40 41 66 7 30 83 90 94 76 90 30 12 34 65 39 39 52 73 70 13 41 79 75
r100 0.952273
78 78 78 78 78 78 78 78 78 78 78 78 78 78 78 78 78 78 78 78 78 78 78 78 78 78 78 78 78 78
61 89 7 50 35 18 85 68 76 84 93 56 74 85 33 62 12 40 91 70 71 30 22 45 93 31 78 72 6 56
r101 0.890521
59 59 59 59 59 59 59 59 59 59 59 59 59 59 59 59 59 59 59 59 59 59 59 59 59 59 59 59 59 59
46 49 9 73 60 86 42 36 70 32 85 41 14 18 98 19 50 89 84 21 20 98 58 10 29 37 77 27 88 28
r102 0.526738
34 34 34 34 34 34 34 34 34 34 34 34 34 34 34 34 34 34 34 34 34 34 34 34 34 34 34 34 34 34
69 82 8 29 68 42 58 35 66 43 72 76 53 67 90 98 57 71 16 69 69 70 74 91 99 51 18 87 71 89
r103 0.908735
38 38 38 38 38 38 38 38 38 38 38 38 38 38 38 38 38 38 38 38 38 38 38 38 38 38 38 38 38 38
71 19 59 37 53 17 67 19 52 36 87 97 99 74 92 53 45 9 19 12 71 88 98 70 36 13 54 5 97 65
r104 0.626901
69 69 69 69 69 69 69 69 69 69 69 69 69 69 69 69 69 69 69 69 69 69 69 69 69 69 69 69 69 69
76 92 98 29 10 62 41 54 91 25 52 90 95 44 40 37 45 54 44 13 39 42 75 70 48 27 70 45 87 8
r105 0.679571
61 61 61 61 61 61 61 61 61 61 61 61 61 61 61 61 61 61 61 61 61 61 61 61 61 61 61 61 61 61
96 9 82 98 64 23 49 55 44 93 42 36 35 77 68 75 28 10 81 62 44 56 32 87 78 95 33 63 98 36
r106 0.751524
91 91 91 91 91 91 91 91 91 91 91 91 91 91 91 91 91 91 91 91 91 91 91 91 91 91 91 91 91 91
38 6 86 97 22 33 49 61 26 86 89 56 60 57 29 83 59 10 42 99 61 69 83 37 64 16 95 60 45 16
r107 0.831493
78 78 78 78 78 78 78 78 78 78 78 78 78 78 78 78 78 78 78 78 78 78 78 78 78 78 78 78 78 78
17 32 75 34 60 21 87 78 7 76 35 59 31 59 39 85 61 76 81 19 42 65 51 99 73 43 56 18 54 99
r108 0.941828
64 64 64 64 64 64 64 64 64 64 64 64 64 64 64 64 64 64 64 64 64 64 64 64 64 64 64 64 64 64
28 63 90 83 79 78 59 78 54 89 34 77 45 68 63 98 41 44 17 79 6 61 78 75 99 31 88 51 27 77
r109 0.752949
51 51 51 51 51 51 51 51 51 51 51 51 51 51 51 51 51 51 51 51 51 51 51 51 51 51 51 51 51 51
37 5 31 14 78 85 84 30 74 19 7 16 79 62 14 21 99 24 92 5 80 67 75 79 93 61 27 20 35 37
r110 0.808511
67 67 67 67 67 67 67 67 67 67 67 67 67 67 67 67 67 67 67 67 67 67 67 67 67 67 67 67 67 67
35 93 73 10 75 58 35 47 69 35 58 45 89 65 61 88 84 50 89 64 17 61 40 10 22 63 26 49 92 84
r111 0.973995
27 27 27 27 27 27 27 27 27 27 27 27 27 27 27 27 27 27 27 27 27 27 27 27 27 27 27 27 27 27
74 82 33 50 37 60 92 98 90 47 44 77 12 97 65 91 48 51 52 60 13 88 63 30 48 81 72 40 65 84
r112 0.991058
40 40 40 40 40 40 40 40 40 40 40 40 40 40 40 40 40 40 40 40 40 40 40 40 40 40 40 40 40 40
63 88 82 96 48 74 91 36 21 35 13 26 33 70 17 73 22 62 30 30 50 88 52 90 69 24 27 35 5 82
r113 0.769634
64 64 64 64 64 64 64 64 64 64 64 64 64 64 64 64 64 64 64 64 64 64 64 64 64 64 64 64 64 64
70 49 57 16 20 48 47 33 76 52 54 6 22 64 74 39 26 99 61 68 85 14 58 54 33 80 81 34 63 48
r114 0.810726
30 30 30 30 30 30 30 30 30 30 30 30 30 30 30 30 30 30 30 30 30 30 30 30 30 30 30 30 30 30
89 44 41 9 87 80 38 60 32 84 61 47 48 35 81 69 32 43 37 17 49 87 63 77 65 45 8 25 88 90
r115 0.71535
75 75 75 75 75 75 75 75 75 75 75 75 75 75 75 75 75 75 75 75 75 75 75 75 75 75 75 75 75 75
34 87 76 19 64 11 74 92 91 33 36 39 60 14 6 87 52 38 96 93 23 60 68 83 5 68 8 85 59 50
r116 0.953645
85 85 85 85 85 85 85 85 85 85 85 85 85 85 85 85 85 85 85 85 85 85 85 85 85 85 85 85 85 85
37 34 99 94 40 71 86 31 99 19 63 59 28 64 44 73 94 40 66 17 92 34 92 92 98 95 75 54 46 32
r117 0.741615
75 75 75 75 75 75 75 75 75 75 75 75 75 75 75 75 75 75 75 75 75 75 75 75 75 75 75 75 75 75
61 36 69 97 7 52 28 98 66 83 57 90 47 93 63 42 34 26 51 23 56 44 16 51 39 83 5 77 15 36
r118 0.614243
69 69 69 69 69 69 69 69 69 69 69 69 69 69 69 69 69 69 69 69 69 69 69 69 69 69 69 69 69 69
67 19 66 66 64 86 64 27 70 19 14 14 12 72 48 38 91 95 57 47 39 65 90 70 48 90 45 55 26 90
r119 0.969155
86 86 86 86 86 86 86 86 86 86 86 86 86 86 86 86 86 86 86 86 86 86 86 86 86 86 86 86 86 86
6 82 52 65 66 17 85 33 28 94 39 35 64 83 66 55 78 23 94 14 83 84 79 28 74 24 75 92 11 92
r120 0.956597
13 13 13 13 13 13 13 13 13 13 13 13 13 13 13 13 13 13 13 13 13 13 13 13 13 13 13 13 13 13
71 28 70 37 37 52 62 60 47 97 87 11 80 53 61 58 68 52 67 51 36 43 71 7 60 44 91 66 36 70
r121 0.926634
7 7 7 7 7 7 7 7 7 7 7 7 7 7 7 7 7 7 7 7 7 7 7 7 7 7 7 7 7 7
90 39 37 27 86 94 82 30 91 69 36 68 20 89 23 83 41 85 32 69 26 98 71 81 42 63 44 70 30 13
r122 0.746987
20 20 20 20 20 20 20 20 20 20 20 20 20 20 20 20 20 20 20 20 20 20 20 20 20 20 20 20 20 20
44 10 42 27 96 21 53 88 82 81 53 97 68 72 81 6 54 13 71 75 8 39 53 46 97 90 13 24 98 81
r123 0.866606
39 39 39 39 39 39 39 39 39 39 39 39 39 39 39 39 39 39 39 39 39 39 39 39 39 39 39 39 39 39
83 73 61 80 89 11 65 69 88 18 66 53 85 47 51 40 52 22 15 56 54 61 94 51 51 7 71 46 84 7
r124 0.910539
64 64 64 64 64 64 64 64 64 64 64 64 64 64 64 64 64 64 64 64 64 64 64 64 64 64 64 64 64 64
73 38 44 59 45 9 28 30 23 90 75 5 34 26 40 82 41 48 38 90 6 32 38 52 34 9 90 15 9 70
r125 0.968938
77 77 77 77 77 77 77 77 77 77 77 77 77 77 77 77 77 77 77 77 77 77 77 77 77 77 77 77 77 77
5 16 36 42 21 60 64 36 47 39 36 76 61 69 58 94 14 88 84 15 20 22 59 47 24 49 54 28 16 26
r126 0.750902
16 16 16 16 16 16 16 16 16 16 16 16 16 16 16 16 16 16 16 16 16 16 16 16 16 16 16 16 16 16
38 30 54 51 82 15 79 29 50 12 98 8 76 56 97 82 42 78 92 54 95 51 96 19 95 48 39 8 66 33
r127 0.854074
96 96 96 96 96 96 96 96 96 96 96 96 96 96 96 96 96 96 96 96 96 96 96 96 96 96 96 96 96 96
59 66 47 41 76 26 63 23 31 61 26 7 14 20 85 51 93 74 6 86 26 94 97 18 39 34 22 6 62 34
r128 0.701499
21 21 21 21 21 21 21 21 21 21 21 21 21 21 21 21 21 21 21 21 21 21 21 21 21 21 21 21 21 21
92 42 55 68 60 15 84 86 68 10 89 77 23 71 26 16 42 24 94 63 15 92 74 50 26 88 48 83 19 45
r129 0.781452
11 11 11 11 11 11 11 11 11 11 11 11 11 11 11 11 11 11 11 11 11 11 11 11 11 11 11 11 11 11
82 49 71 43 59 55 29 27 58 15 96 76 78 19 84 21 35 79 76 43 71 47 85 89 35 33 72 46 73 66
r130 0.774167
53 53 53 53 53 53 53 53 53 53 53 53 53 53 53 53 53 53 53 53 53 53 53 53 53 53 53 53 53 53
15 24 88 66 71 14 85 29 22 79 97 95 93 79 13 26 58 85 64 26 29 49 15 57 77 79 98 47 46 51
r131 0.751323
56 56 56 56 56 56 56 56 56 56 56 56 56 56 56 56 56 56 56 56 56 56 56 56 56 56 56 56 56 56
67 77 20 35 87 5 60 6 79 54 93 70 33 7 91 83 84 55 9 13 96 16 65 73 91 64 17 37 12 7
r132 0.743449
71 71 71 71 71 71 71 71 71 71 71 71 71 71 71 71 71 71 71 71 71 71 71 71 71 71 71 71 71 71
79 5 6 66 6 58 64 77 13 58 47 38 60 38 22 44 85 23 49 81 35 12 51 23 71 61 52 75 63 37
r133 0.684664
42 42 42 42 42 42 42 42 42 42 42 42 42 42 42 42 42 42 42 42 42 42 42 42 42 42 42 42 42 42
35 47 6 33 6 65 10 11 23 53 44 75 83 58 16 69 77 61 47 9 68 91 24 36 52 71 8 12 8 49
r134 0.93125
35 35 35 35 35 35 35 35 35 35 35 35 35 35 35 35 35 35 35 35 35 35 35 35 35 35 35 35 35 35
88 47 63 89 10 69 95 25 19 37 96 97 90 9 63 64 62 11 68 27 94 87 58 46 55 58 53 59 7 94
r135 0.920101
91 91 91 91 91 91 91 91 91 91 91 91 91 91 91 91 91 91 91 91 91 91 91 91 91 91 91 91 91 91
39 53 77 44 19 70 61 33 7 57 30 92 59 89 57 21 92 22 44 83 7 94 29 57 53 74 13 52 65 95
r136 0.86375
99 99 99 99 99 99 99 99 99 99 99 99 99 99 99 99 99 99 99 99 99 99 99 99 99 99 99 99 99 99
48 21 40 59 86 97 87 85 51 14 77 10 95 31 24 84 46 63 67 48 54 88 97 7 62 11 55 25 6 90
r137 0.558177
46 46 46 46 46 46 46 46 46 46 46 46 46 46 46 46 46 46 46 46 46 46 46 46 46 46 46 46 46 46
8 57 5 86 51 84 71 94 93 46 97 89 69 21 70 15 76 38 55 30 26 53 30 81 59 77 6 57 67 22
r138 0.875731
68 68 68 68 68 68 68 68 68 68 68 68 68 68 68 68 68 68 68 68 68 68 68 68 68 68 68 68 68 68
71 95 54 19 79 23 14 69 61 11 55 30 27 26 38 98 59 88 25 77 38 50 58 89 27 56 46 87 71 41
r139 0.944758
39 39 39 39 39 39 39 39 39 39 39 39 39 39 39 39 39 39 39 39 39 39 39 39 39 39 39 39 39 39
36 6 54 12 21 63 77 77 69 29 8 88 50 38 83 6 26 8 76 57 51 34 46 70 83 88 57 51 26 9
r140 0.57626
58 58 58 58 58 58 58 58 58 58 58 58 58 58 58 58 58 58 58 58 58 58 58 58 58 58 58 58 58 58
8 39 62 24 97 36 94 63 61 97 51 8 32 34 10 50 35 81 7 81 12 49 48 87 34 6 38 55 7 24
r141 0.932656
10 10 10 10 10 10 10 10 10 10 10 10 10 10 10 10 10 10 10 10 10 10 10 10 10 10 10 10 10 10
58 65 27 53 96 21 16 57 15 63 58 42 89 63 87 24 41 87 97 45 33 46 33 62 44 63 14 46 82 17
r142 0.850519
38 38 38 38 38 38 38 38 38 38 38 38 38 38 38 38 38 38 38 38 38 38 38 38 38 38 38 38 38 38
74 68 86 70 84 94 25 91 54 78 33 44 38 17 60 71 99 58 16 32 96 41 86 40 5 93 78 79 7 24
r143 0.881862
76 76 76 76 76 76 76 76 76 76 76 76 76 76 76 76 76 76 76 76 76 76 76 76 76 76 76 76 76 76
87 95 43 68 90 63 59 44 38 87 80 71 97 41 42 93 91 51 23 87 87 6 24 87 94 94 67 93 19 76
r144 0.997263
6 6 6 6 6 6 6 6 6 6 6 6 6 6 6 6 6 6 6 6 6 6 6 6 6 6 6 6 6 6
69 10 70 56 68 26 92 7 14 73 70 8 11 13 96 97 59 19 81 43 21 5 31 12 94 90 6 10 63 67
r145 0.513891
32 32 32 32 32 32 32 32 32 32 32 32 32 32 32 32 32 32 32 32 32 32 32 32 32 32 32 32 32 32
69 74 83 38 95 76 37 6 46 7 9 52 12 98 49 63 17 30 7 30 27 30 35 18 20 33 24 78 92 28
r146 0.585211
62 62 62 62 62 62 62 62 62 62 62 62 62 62 62 62 62 62 62 62 62 62 62 62 62 62 62 62 62 62
94 86 95 86 59 29 85 5 31 86 52 36 84 96 94 94 23 93 21 42 23 51 56 35 79 72 11 72 92 14
r147 0.967801
86 86 86 86 86 86 86 86 86 86 86 86 86 86 86 86 86 86 86 86 86 86 86 86 86 86 86 86 86 86
92 26 69 52 50 54 52 73 41 5 6 22 93 96 13 14 86 30 48 7 76 96 34 53 68 40 22 60 46 51
r148 0.569266
39 39 39 39 39 39 39 39 39 39 39 39 39 39 39 39 39 39 39 39 39 39 39 39 39 39 39 39 39 39
69 13 83 16 62 32 81 95 29 83 18 20 76 26 29 59 51 69 61 25 66 91 73 34 28 90 87 70 38 30
r149 0.847758
99 99 99 99 99 99 99 99 99 99 99 99 99 99 99 99 99 99 99 99 99 99 99 99 99 99 99 99 99 99
38 81 12 93 13 85 88 38 68 98 53 41 25 74 96 68 43 54 85 9 45 55 36 69 42 23 36 72 45 34
r150 0.500451
76 76 76 76 76 76 76 76 76 76 76 76 76 76 76 76 76 76 76 76 76 76 76 76 76 76 76 76 76 76
15 75 69 23 61 54 56 26 53 6 63 70 75 56 35 16 10 21 20 51 71 48 17 14 63 48 78 9 77 47
r151 0.520557
84 84 84 84 84 84 84 84 84 84 84 84 84 84 84 84 84 84 84 84 84 84 84 84 84 84 84 84 84 84
22 46 7 75 95 56 97 45 57 60 15 30 13 46 41 18 62 53 61 30 97 73 36 60 18 15 61 90 57 38
r152 0.894514
71 71 71 71 71 71 71 71 71 71 71 71 71 71 71 71 71 71 71 71 71 71 71 71 71 71 71 71 71 71
76 74 47 69 30 41 14 79 93 25 9 6 63 42 19 22 91 76 47 88 49 76 45 63 83 99 50 37 37 22
r153 0.915611
14 14 14 14 14 14 14 14 14 14 14 14 14 14 14 14 14 14 14 14 14 14 14 14 14 14 14 14 14 14
91 47 78 18 83 84 89 76 6 94 77 64 33 89 81 24 62 26 9 11 94 47 66 77 46 14 14 75 31 14
r154 0.972467
19 19 19 19 19 19 19 19 19 19 19 19 19 19 19 19 19 19 19 19 19 19 19 19 19 19 19 19 19 19
54 59 29 34 41 18 11 42 9 80 7 38 66 80 57 28 98 59 32 89 6 90 63 47 99 69 22 27 79 99
r155 0.631646
30 30 30 30 30 30 30 30 30 30 30 30 30 30 30 30 30 30 30 30 30 30 30 30 30 30 30 30 30 30
55 62 59 88 76 62 31 80 43 30 15 6 7 65 30 98 24 57 87 22 47 51 61 44 20 75 63 91 71 97
r156 0.74241
27 27 27 27 27 27 27 27 27 27 27 27 27 27 27 27 27 27 27 27 27 27 27 27 27 27 27 27 27 27
59 76 15 32 38 38 10 73 63 17 72 66 77 97 64 96 51 48 15 90 94 71 31 12 47 90 98 18 87 17
r157 0.752067
43 43 43 43 43 43 43 43 43 43 43 43 43 43 43 43 43 43 43 43 43 43 43 43 43 43 43 43 43 43
88 45 68 23 78 73 89 39 85 61 5 63 55 61 56 6 6 64 88 93 35 20 5 74 10 95 88 89 12 22
r158 0.676589
92 92 92 92 92 92 92 92 92 92 92 92 92 92 92 92 92 92 92 92 92 92 92 92 92 92 92 92 92 92
62 95 13 38 65 97 72 51 55 69 11 10 27 59 8 28 20 91 21 51 11 21 22 13 14 7 97 21 25 30
r159 0.841539
79 79 79 79 79 79 79 79 79 79 79 79 79 79 79 79 79 79 79 79 79 79 79 79 79 79 79 79 79 79
22 22 17 83 16 81 31 66 50 37 68 72 88 71 93 9 62 14 52 66 28 69 71 37 72 69 53 89 91 59
r160 0.694101
13 13 13 13 13 13 13 13 13 13 13 13 13 13 13 13 13 13 13 13 13 13 13 13 13 13 13 13 13 13
73 78 88 84 59 19 47 7 48 15 74 34 81 64 38 41 74 82 99 94 51 67 31 20 33 76 9 24 33 73
r161 0.860343
6 6 6 6 6 6 6 6 6 6 6 6 6 6 6 6 6 6 6 6 6 6 6 6 6 6 6 6 6 6
51 18 83 7 30 30 9 73 38 76 7 16 40 37 49 11 16 48 5 63 13 28 75 41 5 80 61 30 50 83
r162 0.825987
93 93 93 93 93 93 93 93 93 93 93 93 93 93 93 93 93 93 93 93 93 93 93 93 93 93 93 93 93 93
93 11 95 20 37 97 89 67 73 88 78 13 23 28 20 34 68 17 89 76 41 62 15 41 42 68 66 84 51 89
r163 0.571169
41 41 41 41 41 41 41 41 41 41 41 41 41 41 41 41 41 41 41 41 41 41 41 41 41 41 41 41 41 41
96 66 57 30 63 43 92 36 28 67 42 46 87 54 73 53 66 59 26 7 21 36 40 55 99 98 39 50 85 13
r164 0.727795
78 78 78 78 78 78 78 78 78 78 78 78 78 78 78 78 78 78 78 78 78 78 78 78 78 78 78 78 78 78
75 38 8 35 76 92 64 99 59 6 43 44 52 16 92 15 67 18 18 84 50 50 39 49 46 71 92 31 76 73
r165 0.940089
48 48 48 48 48 48 48 48 48 48 48 48 48 48 48 48 48 48 48 48 48 48 48 48 48 48 48 48 48 48
11 9 79 82 96 43 78 52 41 21 88 88 29 80 95 92 94 13 73 41 56 12 85 94 75 74 22 52 47 26
r166 0.875475
53 53 53 53 53 53 53 53 53 53 53 53 53 53 53 53 53 53 53 53 53 53 53 53 53 53 53 53 53 53
27 71 32 20 11 11 64 47 24 53 32 49 33 28 38 24 33 11 60 81 15 43 75 86 14 92 35 54 15 30
r167 0.53215
37 37 37 37 37 37 37 37 37 37 37 37 37 37 37 37 37 37 37 37 37 37 37 37 37 37 37 37 37 37
94 32 49 5 35 14 48 54 59 72 95 87 92 33 9 23 36 61 99 47 96 75 30 11 64 60 57 72 82 56
r168 0.523766
76 76 76 76 76 76 76 76 76 76 76 76 76 76 76 76 76 76 76 76 76 76 76 76 76 76 76 76 76 76
83 51 77 18 60 22 65 16 89 60 98 79 86 99 97 22 58 96 61 54 68 86 57 30 46 14 97 29 63 98
r169 0.924341
46 46 46 46 46 46 46 46 46 46 46 46 46 46 46 46 46 46 46 46 46 46 46 46 46 46 46 46 46 46
49 74 57 6 91 22 17 78 74 13 57 60 9 51 78 62 47 39 14 13 23 66 38 64 73 35 85 36 30 83
r170 0.815765
75 75 75 75 75 75 75 75 75 75 75 75 75 75 75 75 75 75 75 75 75 75 75 75 75 75 75 75 75 75
57 28 73 46 42 83 24 17 91 73 69 95 21 47 55 60 79 64 68 94 27 98 55 95 30 41 28 56 21 95
r171 0.694423
70 70 70 70 70 70 70 70 70 70 70 70 70 70 70 70 70 70 70 70 70 70 70 70 70 70 70 70 70 70
23 96 16 61 79 32 70 67 97 39 60 18 79 15 74 58 71 42 52 93 38 99 89 63 40 14 16 53 9 39
r172 0.533184
28 28 28 28 28 28 28 28 28 28 28 28 28 28 28 28 28 28 28 28 28 28 28 28 28 28 28 28 28 28
33 35 81 9 63 51 69 60 82 29 71 61 36 45 16 99 79 60 92 17 60 78 73 95 88 84 49 89 21 68
r173 0.917751
49 49 49 49 49 49 49 49 49 49 49 49 49 49 49 49 49 49 49 49 49 49 49 49 49 49 49 49 49 49
95 90 50 55 38 19 16 21 40 79 77 68 24 89 67 98 49 60 13 9 35 78 97 23 62 43 10 75 11 22
r174 0.591717
98 98 98 98 98 98 98 98 98 98 98 98 98 98 98 98 98 98 98 98 98 98 98 98 98 98 98 98 98 98
10 67 54 43 78 62 59 19 41 37 79 60 26 47 55 67 99 60 72 31 38 69 47 93 12 52 68 15 69 85
r175 0.567487
71 71 71 71 71 71 71 71 71 71 71 71 71 71 71 71 71 71 71 71 71 71 71 71 71 71 71 71 71 71
49 59 15 27 21 69 38 54 98 15 11 24 57 62 84 53 19 56 79 53 22 26 46 26 73 11 33 40 88 38
r176 0.563806
37 37 37 37 37 37 37 37 37 37 37 37 37 37 37 37 37 37 37 37 37 37 37 37 37 37 37 37 37 37
93 18 57 11 80 90 58 78 5 64 95 54 23 79 99 38 32 76 83 49 94 26 67 68 32 95 5 21 30 5
r177 0.956676
20 20 20 20 20 20 20 20 20 20 20 20 20 20 20 20 20 20 20 20 20 20 20 20 20 20 20 20 20 20
19 10 27 94 93 77 72 90 41 67 45 60 43 41 90 70 17 73 16 12 94 78 72 23 73 69 39 99 69 85
r178 0.998336
83 83 83 83 83 83 83 83 83 83 83 83 83 83 83 83 83 83 83 83 83 83 83 83 83 83 83 83 83 83
87 38 74 77 12 44 68 49 8 10 6 47 46 91 14 59 61 26 63 52 99 35 70 70 99 7 66 65 84 77
r179 0.525391
68 68 68 68 68 68 68 68 68 68 68 68 68 68 68 68 68 68 68 68 68 68 68 68 68 68 68 68 68 68
13 20 46 20 56 11 61 60 13 62 99 54 50 13 10 11 34 68 55 31 95 23 96 94 22 59 60 98 33 98
r180 0.860284
41 41 41 41 41 41 41 41 41 41 41 41 41 41 41 41 41 41 41 41 41 41 41 41 41 41 41 41 41 41
18 9 54 70 12 15 27 20 73 26 70 23 34 72 27 64 38 74 90 33 92 83 25 11 42 80 9 70 78 68
r181 0.755136
88 88 88 88 88 88 88 88 88 88 88 88 88 88 88 88 88 88 88 88 88 88 88 88 88 88 88 88 88 88
72 58 55 77 68 77 92 38 98 59 54 33 32 73 89 65 47 76 90 37 59 15 43 93 87 45 60 62 13 61
r182 0.829762
80 80 80 80 80 80 80 80 80 80 80 80 80 80 80 80 80 80 80 80 80 80 80 80 80 80 80 80 80 80
19 6 57 80 76 47 18 74 6 64 99 30 37 88 87 77 64 78 14 20 88 49 10 76 89 63 38 97 24 81
r183 0.764819
36 36 36 36 36 36 36 36 36 36 36 36 36 36 36 36 36 36 36 36 36 36 36 36 36 36 36 36 36 36
80 29 16 56 71 26 27 70 86 27 92 23 15 80 92 72 55 6 84 43 48 90 16 37 53 50 32 72 28 7
r184 0.514117
8 8 8 8 8 8 8 8 8 8 8 8 8 8 8 8 8 8 8 8 8 8 8 8 8 8 8 8 8 8
28 16 59 92 35 82 62 21 6 54 36 13 31 29 80 81 27 62 25 70 52 33 5 97 75 32 66 99 31 67
r185 0.80551
51 51 51 51 51 51 51 51 51 51 51 51 51 51 51 51 51 51 51 51 51 51 51 51 51 51 51 51 51 51
75 59 43 10 38 5 26 39 52 55 47 75 79 25 57 98 79 74 69 28 7 69 25 78 93 83 74 24 50 76
r186 0.979093
26 26 26 26 26 26 26 26 26 26 26 26 26 26 26 26 26 26 26 26 26 26 26 26 26 26 26 26 26 26
32 11 31 65 8 50 96 52 5 41 28 76 58 80 74 37 51 40 60 53 9 80 28 97 63 97 18 11 71 81
r187 0.562461
98 98 98 98 98 98 98 98 98 98 98 98 98 98 98 98 98 98 98 98 98 98 98 98 98 98 98 98 98 98
84 55 64 87 97 57 40 94 93 63 67 51 40 42 83 86 77 43 36 79 20 60 73 76 54 84 79 25 62 8
r188 0.596673
46 46 46 46 46 46 46 46 46 46 46 46 46 46 46 46 46 46 46 46 46 46 46 46 46 46 46 46 46 46
55 77 33 53 34 68 44 28 28 12 74 63 46 55 49 23 90 81 94 11 38 65 79 87 49 55 10 11 58 26
r189 0.677733
13 13 13 13 13 13 13 13 13 13 13 13 13 13 13 13 13 13 13 13 13 13 13 13 13 13 13 13 13 13
98 77 58 29 43 98 52 63 7 24 27 48 74 68 63 64 49 58 67 79 20 43 64 64 93 69 67 51 87 13
r190 0.769655
82 82 82 82 82 82 82 82 82 82 82 82 82 82 82 82 82 82 82 82 82 82 82 82 82 82 82 82 82 82
82 12 11 22 7 59 81 9 75 5 52 49 68 16 10 15 66 73 89 81 13 53 42 7 22 6 50 6 14 7
r191 0.67131
91 91 91 91 91 91 91 91 91 91 91 91 91 91 91 91 91 91 91 91 91 91 91 91 91 91 91 91 91 91
12 90 11 14 46 87 19 21 87 66 62 55 74 67 65 37 37 52 15 46 5 49 45 20 50 90 21 56 90 5
r192 0.768323
97 97 97 97 97 97 97 97 97 97 97 97 97 97 97 97 97 97 97 97 97 97 97 97 97 97 97 97 97 97
87 51 11 33 38 25 46 22 84 8 69 55 67 35 85 5 82 95 43 79 42 83 94 87 73 13 41 60 10 81
r193 0.859612
92 92 92 92 92 92 92 92 92 92 92 92 92 92 92 92 92 92 92 92 92 92 92 92 92 92 92 92 92 92
29 61 22 59 78 60 76 59 63 45 15 30 72 92 27 51 87 65 31 29 48 22 14 19 27 47 74 32 28 29
r194 0.744902
49 49 49 49 49 49 49 49 49 49 49 49 49 49 49 49 49 49 49 49 49 49 49 49 49 49 49 49 49 49
85 35 5 60 90 76 20 50 18 30 73 83 22 95 31 6 61 54 28 6 72 34 17 94 76 87 24 96 13 40
r195 0.787357
90 90 90 90 90 90 90 90 90 90 90 90 90 90 90 90 90 90 90 90 90 90 90 90 90 90 90 90 90 90
68 45 50 58 18 65 6 28 87 74 11 6 69 38 8 27 87 28 26 56 57 38 48 33 22 67 29 30 99 66
r196 0.695189
64 64 64 64 64 64 64 64 64 64 64 64 64 64 64 64 64 64 64 64 64 64 64 64 64 64 64 64 64 64
11 63 20 21 25 21 44 13 90 48 11 56 78 11 76 62 34 97 19 83 35 59 16 50 23 37 72 22 95 85
r197 0.587295
6 6 6 6 6 6 6 6 6 6 6 6 6 6 6 6 6 6 6 6 6 6 6 6 6 6 6 6 6 6
45 94 19 65 15 59 70 97 99 74 53 77 80 26 39 12 23 50 90 51 9 99 96 27 33 65 42 29 50 21
r198 0.544535
87 87 87 87 87 87 87 87 87 87 87 87 87 87 87 87 87 87 87 87 87 87 87 87 87 87 87 87 87 87
12 42 53 22 93 20 19 92 89 64 66 67 83 97 74 6 48 61 49 52 60 42 72 89 8 11 18 50 24 40
r199 0.569586
31 31 31 31 31 31 31 31 31 31 31 31 31 31 31 31 31 31 31 31 31 31 31 31 31 31 31 31 31 31
74 83 48 67 98 59 56 85 20 22 49 98 20 23 97 60 79 43 9 37 81 76 26 81 79 36 31 98 68 64
r200 0.663371
43 43 43 43 43 43 43 43 43 43 43 43 43 43 43 43 43 43 43 43 43 43 43 43 43 43 43 43 43 43
47 69 7 43 28 59 25 41 73 69 36 88 84 33 48 60 72 53 92 50 26 15 31 6 46 54 99 12 19 26
