200 30 6 1 20
0 0.25
41138 37571 33282 40723 43802 31210 33881 36118 36226 44361 31579 34353 41219 37567 34569 31393 39335 40620 42464 35904 34541 35659 44605 40652 42733 34661 31479 41965 43075 36460
w1 0.5
1714 3883 2211 3789 2686 3422 2022 2804 3648 1736 1736 2354 3955 3655 3923 2701 4342 2895 3165 4246 4436 2825 3852 3088 3910 2513 1920 3875 3589 2732
w2 0.5
4155 2116 2368 3796 3302 4290 4318 1958 3790 1906 2546 1644 4362 1702 4420 2563 1544 2815 1580 1643 2752 3257 3995 1692 2667 2360 2464 2395 1801 3697
w3 0.5
1808 4313 3419 4104 3467 3209 4275 3925 2852 1681 2324 3348 1895 2878 3268 3310 3274 1936 3743 3417 3540 2500 3264 4084 4020 4477 2049 1915 1778 4246
w4 0.5
2439 4059 1886 2395 3026 3947 2170 2803 2299 2704 3979 1500 3451 2357 3268 2262 4132 4056 1505 3401 3096 2857 2166 3033 2377 2143 3582 2792 2773 3328
w5 0.5
3712 3239 1997 1960 2117 1796 2982 3772 2596 4186 3252 2596 3138 4461 1716 4252 4445 1625 1609 3347 3573 2966 4365 2106 3844 2360 4188 2488 3633 3368
w6 0.5
3198 2107 3448 4010 3076 3745 2492 2349 2193 2179 4453 3641 4169 4414 4209 4273 1712 4334 4382 3911 3408 2848 3776 4014 2544 1988 4055 3533 4473 2923
w7 0.5
3171 3883 4285 2681 2459 3530 4026 3660 4223 1705 3613 3716 1726 3880 3425 1851 4092 3260 1733 3503 2520 3433 3131 2386 4478 3619 1941 3863 3592 3717
w8 0.5
2616 3100 4132 4149 4411 3514 3675 3572 3589 4232 3037 2805 1810 2417 1731 2161 2361 3843 2394 1716 1863 4328 3699 2749 1658 3170 3543 4021 2263 2760
w9 0.5
3731 1712 4205 3732 1623 3219 2908 4047 2661 2992 2585 3966 3303 3854 4197 3964 2068 3540 2211 2284 4255 2391 1836 2857 2549 3506 1900 2422 1621 3512
w10 0.5
3852 4076 2199 3085 4199 4271 1845 4099 2432 3337 2184 2250 2492 1538 1948 1957 2106 4340 3020 3243 4448 3911 3931 2805 2312 2937 3557 3586 3059 2921
w11 0.5
2763 2497 2632 1700 2548 2755 2397 2147 3687 1587 2831 1789 2579 3222 2589 3388 4180 2430 1908 3275 2730 1671 2706 4387 2483 4496 3444 1921 3407 2217
w12 0.5
2022 3214 3486 2223 4262 1741 3472 1910 4280 3559 3593 1569 1639 2667 2659 3527 2348 3941 3936 4475 2171 4459 3034 2058 2443 3030 4354 2864 1937 2071
w13 0.5
2459 3785 2704 3534 3899 3297 2507 1661 3077 1918 4107 3147 2057 2274 4306 4437 3474 4099 3873 3450 1770 3832 1984 2680 2127 3866 2534 3844 4303 3105
w14 0.5
2614 2742 1971 1649 2493 3768 3008 2655 2346 3426 2262 4345 4336 3388 1503 4273 2363 4102 3998 1665 1724 3330 2501 2904 4310 1867 4290 4006 1670 2895
w15 0.5
3136 4489 3743 3637 2482 3012 2145 3989 4210 4424 1751 4055 4260 3640 4410 4033 1855 4012 3531 2020 4236 2713 3021 2992 2875 3388 2782 2381 3910 1529
w16 0.5
2546 1870 3397 1684 2852 2261 2681 2694 1971 2605 2945 1878 2365 2437 1788 2250 3144 1652 4281 3664 1740 2847 2537 3232 4222 1777 1866 2104 4187 1895
w17 0.5
2586 2617 4007 3122 3970 2121 4303 2164 2944 2761 3961 3323 3626 2251 3963 1729 3895 4468 1510 3412 1708 2857 1801 3793 2932 2079 1511 3536 2118 2259
w18 0.5
3204 3376 4357 1826 2846 1978 1982 3862 3423 3243 3676 2598 2721 1779 2061 2950 1526 2029 3313 3438 2590 2022 3740 2235 3454 1671 2246 2842 2289 3005
w19 0.5
3994 1882 2698 1672 3580 3176 2506 2943 2451 4249 2471 3549 2823 2750 4463 4273 2776 2344 3438 2067 3786 3961 1659 1521 2915 1830 2268 4258 2971 3773
w20 0.5
2817 4155 4148 3342 3588 3177 4348 2031 4480 4450 3354 3530 2773 1956 3845 2898 3232 2041 1837 4151 4328 4298 4310 4349 3065 1992 2117 3175 3464 1743
r1 0.742567
95 16 63 73 93 54 36 79 24 25 26 97 56 36 82 66 32 89 44 42 64 55 57 82 84 6 77 70 89 30
69 69 69 69 69 69 69 69 69 69 69 69 69 69 69 69 69 69 69 69 69 69 69 69 69 69 69 69 69 69
r2 0.906865
29 55 32 78 87 11 94 9 29 88 61 57 71 24 82 57 63 24 19 15 76 96 92 75 70 62 64 93 28 46
35 35 35 35 35 35 35 35 35 35 35 35 35 35 35 35 35 35 35 35 35 35 35 35 35 35 35 35 35 35
r3 0.723185
62 28 84 66 23 88 90 11 46 45 77 62 27 32 26 46 46 33 20 39 25 90 6 80 51 94 8 93 26 56
87 87 87 87 87 87 87 87 87 87 87 87 87 87 87 87 87 87 87 87 87 87 87 87 87 87 87 87 87 87
r4 0.583672
68 47 95 53 34 6 92 71 76 54 93 8 72 37 46 6 49 80 23 39 81 98 82 73 99 72 94 55 59 75
32 32 32 32 32 32 32 32 32 32 32 32 32 32 32 32 32 32 32 32 32 32 32 32 32 32 32 32 32 32
r5 0.990339
24 73 46 26 65 17 94 19 8 97 84 40 40 85 84 20 5 20 93 96 97 63 95 67 58 47 26 30 75 46
42 42 42 42 42 42 42 42 42 42 42 42 42 42 42 42 42 42 42 42 42 42 42 42 42 42 42 42 42 42
r6 0.998689
83 17 76 92 11 87 95 5 71 35 40 53 16 52 54 31 43 50 26 6 42 88 56 84 11 79 56 49 21 48
60 60 60 60 60 60 60 60 60 60 60 60 60 60 60 60 60 60 60 60 60 60 60 60 60 60 60 60 60 60
r7 0.725906
36 88 64 21 81 61 87 13 94 41 25 43 90 48 81 37 66 80 74 51 33 55 55 12 12 99 28 52 57 21
9 9 9 9 9 9 9 9 9 9 9 9 9 9 9 9 9 9 9 9 9 9 9 9 9 9 9 9 9 9
r8 0.585811
65 6 83 27 89 91 18 30 16 56 17 57 35 46 23 15 17 70 43 67 22 48 71 21 68 23 73 85 28 56
87 87 87 87 87 87 87 87 87 87 87 87 87 87 87 87 87 87 87 87 87 87 87 87 87 87 87 87 87 87
r9 0.893641
70 12 46 58 25 68 67 77 77 24 9 23 39 19 35 6 54 95 23 97 66 40 66 82 10 48 7 61 35 90
16 16 16 16 16 16 16 16 16 16 16 16 16 16 16 16 16 16 16 16 16 16 16 16 16 16 16 16 16 16
r10 0.941234
57 52 20 23 19 89 95 35 90 19 70 6 46 71 56 41 87 50 5 27 13 79 29 56 81 83 83 68 94 77
63 63 63 63 63 63 63 63 63 63 63 63 63 63 63 63 63 63 63 63 63 63 63 63 63 63 63 63 63 63
r11 0.81724
76 66 41 62 59 72 53 73 39 54 16 7 7 50 89 53 50 13 58 29 35 12 7 18 87 70 9 65 34 49
84 84 84 84 84 84 84 84 84 84 84 84 84 84 84 84 84 84 84 84 84 84 84 84 84 84 84 84 84 84
r12 0.814262
25 67 67 89 20 37 28 67 48 28 69 93 17 22 40 26 73 61 56 80 63 66 67 34 67 29 63 16 13 65
24 24 24 24 24 24 24 24 24 24 24 24 24 24 24 24 24 24 24 24 24 24 24 24 24 24 24 24 24 24
r13 0.642285
86 20 42 23 41 9 64 64 73 57 73 88 93 94 61 54 47 41 15 10 5 44 72 27 99 84 35 64 5 58
85 85 85 85 85 85 85 85 85 85 85 85 85 85 85 85 85 85 85 85 85 85 85 85 85 85 85 85 85 85
r14 0.571779
27 7 12 31 66 68 5 21 41 88 11 33 49 57 72 82 67 78 79 11 50 6 7 31 34 63 29 87 49 13
58 58 58 58 58 58 58 58 58 58 58 58 58 58 58 58 58 58 58 58 58 58 58 58 58 58 58 58 58 58
r15 0.65102
65 98 71 33 98 87 67 83 93 95 29 50 64 11 18 42 85 21 85 84 21 13 18 79 37 5 28 45 59 95
50 50 50 50 50 50 50 50 50 50 50 50 50 50 50 50 50 50 50 50 50 50 50 50 50 50 50 50 50 50
r16 0.977442
21 50 85 8 14 68 93 6 92 43 65 95 53 8 77 67 85 61 83 93 71 62 28 72 83 68 31 75 18 47
65 65 65 65 65 65 65 65 65 65 65 65 65 65 65 65 65 65 65 65 65 65 65 65 65 65 65 65 65 65
r17 0.526642
50 34 95 15 27 96 99 63 62 91 16 62 65 78 44 27 61 37 90 21 60 62 99 26 85 74 36 30 36 63
16 16 16 16 16 16 16 16 16 16 16 16 16 16 16 16 16 16 16 16 16 16 16 16 16 16 16 16 16 16
r18 0.876772
12 88 17 8 87 72 62 78 83 21 43 59 60 62 17 90 50 33 50 12 29 68 90 98 97 17 34 60 28 12
49 49 49 49 49 49 49 49 49 49 49 49 49 49 49 49 49 49 49 49 49 49 49 49 49 49 49 49 49 49
r19 0.627671
58 33 79 30 90 54 11 9 90 65 64 52 74 51 94 8 94 7 32 62 89 28 59 6 54 16 26 62 58 54
54 54 54 54 54 54 54 54 54 54 54 54 54 54 54 54 54 54 54 54 54 54 54 54 54 54 54 54 54 54
r20 0.799171
34 36 69 83 39 70 70 96 32 20 70 78 14 73 72 16 98 32 97 23 83 98 72 92 22 31 50 71 81 55
50 50 50 50 50 50 50 50 50 50 50 50 50 50 50 50 50 50 50 50 50 50 50 50 50 50 50 50 50 50
r21 0.787236
16 87 22 82 58 18 14 73 84 84 82 54 57 91 49 81 85 67 64 81 37 56 98 63 98 66 41 51 16 45
34 34 34 34 34 34 34 34 34 34 34 34 34 34 34 34 34 34 34 34 34 34 34 34 34 34 34 34 34 34
r22 0.882369
52 6 83 62 15 53 43 95 32 93 49 23 39 30 9 99 86 82 36 40 80 91 35 46 30 78 57 70 13 76
95 95 95 95 95 95 95 95 95 95 95 95 95 95 95 95 95 95 95 95 95 95 95 95 95 95 95 95 95 95
r23 0.911552
75 16 85 28 55 77 56 45 23 71 79 45 72 78 29 54 11 64 34 95 91 72 25 70 26 87 75 98 80 29
73 73 73 73 73 73 73 73 73 73 73 73 73 73 73 73 73 73 73 73 73 73 73 73 73 73 73 73 73 73
r24 0.890005
55 76 87 30 32 32 45 98 12 86 68 82 15 22 86 71 49 81 59 21 98 26 43 82 96 38 59 22 11 12
58 58 58 58 58 58 58 58 58 58 58 58 58 58 58 58 58 58 58 58 58 58 58 58 58 58 58 58 58 58
r25 0.810061
45 80 15 73 26 10 77 12 73 56 19 88 42 82 37 20 41 53 15 63 91 93 56 29 49 74 32 56 32 83
39 39 39 39 39 39 39 39 39 39 39 39 39 39 39 39 39 39 39 39 39 39 39 39 39 39 39 39 39 39
r26 0.731164
46 39 84 52 16 88 22 65 7 10 7 81 39 20 23 88 30 78 76 20 34 98 65 8 27 18 32 10 53 97
66 66 66 66 66 66 66 66 66 66 66 66 66 66 66 66 66 66 66 66 66 66 66 66 66 66 66 66 66 66
r27 0.824573
50 43 45 36 58 7 35 60 6 17 95 21 35 83 44 13 59 59 42 57 21 43 77 35 70 82 83 67 48 74
96 96 96 96 96 96 96 96 96 96 96 96 96 96 96 96 96 96 96 96 96 96 96 96 96 96 96 96 96 96
r28 0.843419
38 27 68 37 57 28 38 69 23 55 96 98 94 6 55 50 44 9 67 79 81 94 49 64 74 14 9 45 7 92
55 55 55 55 55 55 55 55 55 55 55 55 55 55 55 55 55 55 55 55 55 55 55 55 55 55 55 55 55 55
r29 0.507907
23 69 66 44 7 32 62 57 29 58 48 30 13 94 66 17 58 45 94 49 90 55 23 96 59 63 98 49 19 35
60 60 60 60 60 60 60 60 60 60 60 60 60 60 60 60 60 60 60 60 60 60 60 60 60 60 60 60 60 60
r30 0.79088
26 73 6 54 33 56 75 86 99 5 94 90 64 8 45 6 97 89 88 49 9 84 9 65 82 50 76 14 10 10
13 13 13 13 13 13 13 13 13 13 13 13 13 13 13 13 13 13 13 13 13 13 13 13 13 13 13 13 13 13
r31 0.616932
12 78 6 63 50 87 59 47 78 47 11 81 87 10 76 74 93 25 75 78 26 40 57 71 16 64 74 19 69 98
87 87 87 87 87 87 87 87 87 87 87 87 87 87 87 87 87 87 87 87 87 87 87 87 87 87 87 87 87 87
r32 0.800239
88 36 23 72 88 65 50 35 69 28 19 74 96 85 67 22 61 42 40 93 92 12 7 56 78 18 25 76 5 97
46 46 46 46 46 46 46 46 46 46 46 46 46 46 46 46 46 46 46 46 46 46 46 46 46 46 46 46 46 46
r33 0.592716
64 57 18 26 99 45 87 27 57 58 24 39 23 38 95 60 73 86 49 77 88 5 55 98 26 28 98 20 69 83
42 42 42 42 42 42 42 42 42 42 42 42 42 42 42 42 42 42 42 42 42 42 42 42 42 42 42 42 42 42
r34 0.65303
53 49 36 93 36 55 47 90 71 82 10 6 74 62 75 60 12 49 45 12 5 43 30 28 38 42 90 18 80 20
50 50 50 50 50 50 50 50 50 50 50 50 50 50 50 50 50 50 50 50 50 50 50 50 50 50 50 50 50 50
r35 0.965087
78 23 93 34 63 80 97 45 85 99 16 47 71 72 54 20 14 59 20 50 84 41 83 24 31 97 96 43 44 29
5 5 5 5 5 5 5 5 5 5 5 5 5 5 5 5 5 5 5 5 5 5 5 5 5 5 5 5 5 5
r36 0.813468
93 49 99 73 46 44 55 42 53 97 13 22 49 29 31 8 41 76 84 74 57 5 97 54 96 41 90 22 41 13
59 59 59 59 59 59 59 59 59 59 59 59 59 59 59 59 59 59 59 59 59 59 59 59 59 59 59 59 59 59
r37 0.716037
58 96 93 95 51 35 48 45 44 65 86 68 88 89 6 65 71 76 22 68 73 68 65 11 55 82 47 61 38 70
15 15 15 15 15 15 15 15 15 15 15 15 15 15 15 15 15 15 15 15 15 15 15 15 15 15 15 15 15 15
r38 0.718565
8 87 14 39 32 55 75 92 41 40 77 28 41 42 91 17 56 59 83 21 21 89 72 96 34 33 34 99 40 26
63 63 63 63 63 63 63 63 63 63 63 63 63 63 63 63 63 63 63 63 63 63 63 63 63 63 63 63 63 63
r39 0.843046
69 75 37 24 50 26 58 85 99 78 23 38 66 33 87 25 16 5 39 97 69 35 31 94 64 28 35 83 83 71
85 85 85 85 85 85 85 85 85 85 85 85 85 85 85 85 85 85 85 85 85 85 85 85 85 85 85 85 85 85
r40 0.720472
23 69 88 41 24 73 37 97 91 68 63 24 55 80 32 52 16 30 22 46 56 16 8 76 43 83 59 14 68 9
52 52 52 52 52 52 52 52 52 52 52 52 52 52 52 52 52 52 52 52 52 52 52 52 52 52 52 52 52 52
r41 0.500793
40 25 92 13 54 86 97 22 46 18 69 26 46 22 38 71 36 76 24 44 79 93 83 62 52 89 28 53 42 11
23 23 23 23 23 23 23 23 23 23 23 23 23 23 23 23 23 23 23 23 23 23 23 23 23 23 23 23 23 23
r42 0.70805
15 83 81 93 80 95 39 93 65 61 36 79 91 7 15 64 24 54 41 17 37 95 61 27 23 15 61 30 33 38
53 53 53 53 53 53 53 53 53 53 53 53 53 53 53 53 53 53 53 53 53 53 53 53 53 53 53 53 53 53
r43 0.658037
34 34 93 27 69 84 87 27 20 63 15 20 73 74 39 27 15 51 57 11 12 76 29 19 37 54 48 67 8 84
81 81 81 81 81 81 81 81 81 81 81 81 81 81 81 81 81 81 81 81 81 81 81 81 81 81 81 81 81 81
r44 0.961101
74 53 79 55 37 98 71 95 13 86 68 83 25 88 90 68 42 96 75 15 23 90 44 69 35 11 69 16 84 96
26 26 26 26 26 26 26 26 26 26 26 26 26 26 26 26 26 26 26 26 26 26 26 26 26 26 26 26 26 26
r45 0.937079
98 14 82 93 77 77 7 63 43 82 80 28 72 48 65 66 21 75 81 8 19 50 35 22 20 46 7 13 64 58
57 57 57 57 57 57 57 57 57 57 57 57 57 57 57 57 57 57 57 57 57 57 57 57 57 57 57 57 57 57
r46 0.660524
36 53 42 14 52 97 49 34 75 72 98 23 37 61 36 9 42 39 20 88 66 37 5 12 39 13 69 92 62 28
57 57 57 57 57 57 57 57 57 57 57 57 57 57 57 57 57 57 57 57 57 57 57 57 57 57 57 57 57 57
r47 0.693214
91 5 25 88 49 51 63 18 50 79 47 8 12 51 46 44 66 31 10 98 31 18 35 36 82 24 93 7 76 87
76 76 76 76 76 76 76 76 76 76 76 76 76 76 76 76 76 76 76 76 76 76 76 76 76 76 76 76 76 76
r48 0.663786
96 50 30 48 13 43 90 84 85 93 92 36 39 36 94 65 41 90 88 51 25 24 30 44 15 33 18 94 9 74
79 79 79 79 79 79 79 79 79 79 79 79 79 79 79 79 79 79 79 79 79 79 79 79 79 79 79 79 79 79
r49 0.84002
9 45 30 48 35 14 33 29 98 62 60 31 53 23 65 43 11 13 60 28 39 97 38 67 12 32 68 81 11 68
6 6 6 6 6 6 6 6 6 6 6 6 6 6 6 6 6 6 6 6 6 6 6 6 6 6 6 6 6 6
r50 0.545748
31 56 41 37 81 65 33 40 26 59 89 41 24 29 47 33 82 67 64 79 5 31 86 30 91 67 33 59 65 41
65 65 65 65 65 65 65 65 65 65 65 65 65 65 65 65 65 65 65 65 65 65 65 65 65 65 65 65 65 65
r51 0.880218
99 26 71 64 54 11 82 13 92 23 30 19 63 55 96 30 19 72 28 42 55 53 33 19 81 84 80 20 47 68
9 9 9 9 9 9 9 9 9 9 9 9 9 9 9 9 9 9 9 9 9 9 9 9 9 9 9 9 9 9
r52 0.880955
75 7 43 79 82 52 68 5 74 79 60 26 72 83 40 44 11 74 94 56 99 14 34 80 86 49 24 54 54 65
44 44 44 44 44 44 44 44 44 44 44 44 44 44 44 44 44 44 44 44 44 44 44 44 44 44 44 44 44 44
r53 0.961084
82 5 47 31 69 44 97 45 5 23 18 83 55 57 86 29 49 42 25 55 71 6 41 21 25 90 70 83 31 91
48 48 48 48 48 48 48 48 48 48 48 48 48 48 48 48 48 48 48 48 48 48 48 48 48 48 48 48 48 48
r54 0.598586
90 37 55 31 32 95 31 50 13 11 6 66 92 27 12 34 48 59 6 49 95 19 69 82 81 49 11 72 92 17
58 58 58 58 58 58 58 58 58 58 58 58 58 58 58 58 58 58 58 58 58 58 58 58 58 58 58 58 58 58
r55 0.591996
13 11 73 9 37 21 17 41 22 75 33 41 82 60 84 41 58 33 33 72 95 13 53 44 19 22 34 28 76 13
69 69 69 69 69 69 69 69 69 69 69 69 69 69 69 69 69 69 69 69 69 69 69 69 69 69 69 69 69 69
r56 0.815467
40 88 49 56 98 85 70 73 15 11 53 70 91 86 25 21 17 92 13 25 42 50 36 60 79 59 33 84 25 14
96 96 96 96 96 96 96 96 96 96 96 96 96 96 96 96 96 96 96 96 96 96 96 96 96 96 96 96 96 96
r57 0.703439
45 16 93 27 81 66 34 88 16 97 76 98 22 89 12 12 98 29 49 45 60 6 24 16 34 5 33 41 96 89
39 39 39 39 39 39 39 39 39 39 39 39 39 39 39 39 39 39 39 39 39 39 39 39 39 39 39 39 39 39
r58 0.719635
29 57 79 90 87 64 99 84 37 94 98 26 6 10 21 27 52 61 82 53 77 90 80 78 23 21 71 9 52 10
7 7 7 7 7 7 7 7 7 7 7 7 7 7 7 7 7 7 7 7 7 7 7 7 7 7 7 7 7 7
r59 0.960381
78 63 46 39 59 27 71 53 26 89 51 28 11 73 75 67 52 26 45 39 98 20 55 19 86 59 63 91 61 36
51 51 51 51 51 51 51 51 51 51 51 51 51 51 51 51 51 51 51 51 51 51 51 51 51 51 51 51 51 51
r60 0.565636
89 70 51 17 41 96 38 31 45 58 34 18 34 96 63 52 38 97 50 53 52 64 40 12 24 28 65 52 71 97
43 43 43 43 43 43 43 43 43 43 43 43 43 43 43 43 43 43 43 43 43 43 43 43 43 43 43 43 43 43
r61 0.624134
86 73 6 80 8 29 25 61 58 38 87 51 93 39 85 91 84 38 40 45 70 44 61 94 10 13 62 99 49 23
63 63 63 63 63 63 63 63 63 63 63 63 63 63 63 63 63 63 63 63 63 63 63 63 63 63 63 63 63 63
r62 0.8726
61 15 91 82 32 50 37 66 37 84 56 72 66 47 53 96 83 91 67 27 52 58 29 61 20 25 10 39 84 37
27 27 27 27 27 27 27 27 27 27 27 27 27 27 27 27 27 27 27 27 27 27 27 27 27 27 27 27 27 27
r63 0.884011
19 22 72 64 51 35 93 32 87 62 93 31 16 90 14 7 54 34 51 12 55 12 24 76 14 58 57 44 78 91
84 84 84 84 84 84 84 84 84 84 84 84 84 84 84 84 84 84 84 84 84 84 84 84 84 84 84 84 84 84
r64 0.707294
53 50 60 81 43 87 68 98 78 91 14 68 98 13 19 32 59 26 82 64 45 55 70 96 12 14 71 99 90 60
9 9 9 9 9 9 9 9 9 9 9 9 9 9 9 9 9 9 9 9 9 9 9 9 9 9 9 9 9 9
r65 0.706181
64 22 45 49 82 43 27 73 49 90 71 54 9 95 11 27 75 70 64 30 40 57 35 47 25 34 34 80 38 70
79 79 79 79 79 79 79 79 79 79 79 79 79 79 79 79 79 79 79 79 79 79 79 79 79 79 79 79 79 79
r66 0.623242
25 44 63 60 66 37 7 53 5 56 54 93 62 76 68 29 37 90 62 87 25 6 12 51 35 88 85 98 64 77
79 79 79 79 79 79 79 79 79 79 79 79 79 79 79 79 79 79 79 79 79 79 79 79 79 79 79 79 79 79
r67 0.972468
43 42 82 72 41 32 69 89 81 62 49 54 27 73 86 18 32 73 35 33 81 82 61 66 64 56 30 41 35 12
57 57 57 57 57 57 57 57 57 57 57 57 57 57 57 57 57 57 57 57 57 57 57 57 57 57 57 57 57 57
r68 0.782269
36 39 82 63 9 68 41 66 17 90 89 83 76 99 15 47 34 41 25 16 94 83 72 50 10 13 77 14 62 45
55 55 55 55 55 55 55 55 55 55 55 55 55 55 55 55 55 55 55 55 55 55 55 55 55 55 55 55 55 55
r69 0.698925
34 50 83 98 86 47 12 76 33 90 50 32 98 89 58 39 11 67 30 89 39 75 94 48 49 9 7 89 56 93
69 69 69 69 69 69 69 69 69 69 69 69 69 69 69 69 69 69 69 69 69 69 69 69 69 69 69 69 69 69
r70 0.599458
49 78 27 91 85 95 24 73 42 48 71 28 7 7 34 66 32 23 5 99 15 45 45 16 48 35 67 38 96 47
73 73 73 73 73 73 73 73 73 73 73 73 73 73 73 73 73 73 73 73 73 73 73 73 73 73 73 73 73 73
r71 0.898888
95 34 11 88 50 79 27 91 47 51 90 46 80 56 70 96 56 69 11 97 14 19 42 41 78 75 37 26 48 75
46 46 46 46 46 46 46 46 46 46 46 46 46 46 46 46 46 46 46 46 46 46 46 46 46 46 46 46 46 46
r72 0.714052
49 26 51 25 48 42 64 94 32 10 72 80 75 68 37 41 71 31 48 85 68 84 63 43 19 81 83 86 25 24
87 87 87 87 87 87 87 87 87 87 87 87 87 87 87 87 87 87 87 87 87 87 87 87 87 87 87 87 87 87
r73 0.816252
35 87 89 70 51 80 94 57 52 75 29 20 12 66 86 35 14 68 98 90 29 38 6 10 21 87 30 41 71 92
78 78 78 78 78 78 78 78 78 78 78 78 78 78 78 78 78 78 78 78 78 78 78 78 78 78 78 78 78 78
r74 0.764594
64 72 30 45 66 79 92 41 9 10 45 67 88 75 73 54 70 63 78 8 62 80 22 49 8 58 18 95 33 20
71 71 71 71 71 71 71 71 71 71 71 71 71 71 71 71 71 71 71 71 71 71 71 71 71 71 71 71 71 71
r75 0.703702
93 38 50 70 27 84 74 29 26 38 18 94 11 67 64 66 42 65 28 22 82 70 25 37 83 17 65 95 80 55
79 79 79 79 79 79 79 79 79 79 79 79 79 79 79 79 79 79 79 79 79 79 79 79 79 79 79 79 79 79
r76 0.849728
26 44 13 7 15 37 29 48 47 20 51 11 76 14 48 41 38 63 20 5 83 49 80 93 12 75 73 62 51 44
48 48 48 48 48 48 48 48 48 48 48 48 48 48 48 48 48 48 48 48 48 48 48 48 48 48 48 48 48 48
r77 0.961846
53 72 90 82 96 35 27 13 78 33 84 88 77 26 23 37 38 23 20 83 95 10 90 70 76 49 18 17 92 82
93 93 93 93 93 93 93 93 93 93 93 93 93 93 93 93 93 93 93 93 93 93 93 93 93 93 93 93 93 93
r78 0.730231
80 25 47 13 47 55 86 72 40 71 46 58 89 78 91 9 91 71 96 96 58 66 69 8 76 82 92 59 72 35
13 13 13 13 13 13 13 13 13 13 13 13 13 13 13 13 13 13 13 13 13 13 13 13 13 13 13 13 13 13
r79 0.64752
53 57 91 8 41 60 40 9 7 93 91 80 82 95 71 53 92 65 9 55 31 12 32 10 96 83 77 31 91 24
75 75 75 75 75 75 75 75 75 75 75 75 75 75 75 75 75 75 75 75 75 75 75 75 75 75 75 75 75 75
r80 0.951873
63 45 14 24 80 16 23 74 7 98 53 94 67 98 83 29 7 36 52 11 60 58 8 43 32 31 31 51 7 68
25 25 25 25 25 25 25 25 25 25 25 25 25 25 25 25 25 25 25 25 25 25 25 25 25 25 25 25 25 25
r81 0.715423
31 78 88 42 96 59 41 92 9 36 59 8 19 80 10 47 32 17 7 85 20 45 15 46 72 61 45 40 78 5
45 45 45 45 45 45 45 45 45 45 45 45 45 45 45 45 45 45 45 45 45 45 45 45 45 45 45 45 45 45
r82 0.709828
30 41 75 82 78 64 86 11 20 86 25 95 92 68 24 6 67 7 18 13 17 56 77 70 94 14 49 94 54 48
69 69 69 69 69 69 69 69 69 69 69 69 69 69 69 69 69 69 69 69 69 69 69 69 69 69 69 69 69 69
r83 0.514384
41 58 59 5 45 65 20 31 83 15 20 48 35 18 15 37 28 20 46 77 92 16 68 6 57 59 52 5 28 29
82 82 82 82 82 82 82 82 82 82 82 82 82 82 82 82 82 82 82 82 82 82 82 82 82 82 82 82 82 82
r84 0.863633
41 62 24 99 78 48 82 85 60 30 17 71 37 46 94 53 87 68 45 99 36 44 53 90 91 51 16 20 33 73
95 95 95 95 95 95 95 95 95 95 95 95 95 95 95 95 95 95 95 95 95 95 95 95 95 95 95 95 95 95
r85 0.755409
19 65 13 59 44 94 20 66 11 86 99 53 77 49 40 43 86 36 71 30 85 62 19 36 70 31 61 43 26 24
73 73 73 73 73 73 73 73 73 73 73 73 73 73 73 73 73 73 73 73 73 73 73 73 73 73 73 73 73 73
r86 0.786105
82 92 26 73 9 88 79 87 84 29 62 33 62 5 19 90 71 45 75 30 59 8 92 82 61 35 9 81 9 39
63 63 63 63 63 63 63 63 63 63 63 63 63 63 63 63 63 63 63 63 63 63 63 63 63 63 63 63 63 63
r87 0.613901
84 56 33 69 32 17 53 57 71 78 16 68 93 6 37 35 74 59 86 77 52 68 36 82 69 14 86 8 72 66
32 32 32 32 32 32 32 32 32 32 32 32 32 32 32 32 32 32 32 32 32 32 32 32 32 32 32 32 32 32
r88 0.823826
57 20 50 66 68 99 38 47 15 6 37 16 35 64 85 90 50 60 42 15 88 24 80 97 8 83 66 69 15 19
84 84 84 84 84 84 84 84 84 84 84 84 84 84 84 84 84 84 84 84 84 84 84 84 84 84 84 84 84 84
r89 0.640329
31 31 95 27 64 39 37 62 68 45 93 32 28 83 77 83 22 87 68 38 67 65 41 48 31 8 55 42 84 20
72 72 72 72 72 72 72 72 72 72 72 72 72 72 72 72 72 72 72 72 72 72 72 72 72 72 72 72 72 72
r90 0.883933
64 37 7 98 66 61 66 8 54 93 31 34 67 11 48 51 74 82 16 39 20 59 62 23 14 5 99 29 69 11
67 67 67 67 67 67 67 67 67 67 67 67 67 67 67 67 67 67 67 67 67 67 67 67 67 67 67 67 67 67
r91 0.738517
66 28 6 28 86 10 74 76 36 9 43 40 52 86 14 31 97 46 47 56 8 62 66 8 62 87 72 68 55 97
9 9 9 9 9 9 9 9 9 9 9 9 9 9 9 9 9 9 9 9 9 9 9 9 9 9 9 9 9 9
r92 0.855945
7 44 11 12 19 79 41 20 19 76 64 6 82 91 98 28 35 55 32 92 18 32 51 5 97 17 52 94 18 69
17 17 17 17 17 17 17 17 17 17 17 17 17 17 17 17 17 17 17 17 17 17 17 17 17 17 17 17 17 17
r93 0.627552
20 28 21 95 61 33 14 37 90 15 19 81 14 40 13 61 64 5 74 91 49 74 85 61 24 77 74 88 89 86
90 90 90 90 90 90 90 90 90 90 90 90 90 90 90 90 90 90 90 90 90 90 90 90 90 90 90 90 90 90
r94 0.955728
9 96 67 37 8 96 27 18 16 5 24 48 13 77 12 11 51 95 52 23 81 13 42 58 79 27 47 65 14 48
72 72 72 72 72 72 72 72 72 72 72 72 72 72 72 72 72 72 72 72 72 72 72 72 72 72 72 72 72 72
r95 0.668558
39 51 45 36 70 55 44 71 72 84 76 49 91 82 93 86 31 13 67 39 50 22 15 69 64 76 78 10 45 89
47 47 47 47 47 47 47 47 47 47 47 47 47 47 47 47 47 47 47 47 47 47 47 47 47 47 47 47 47 47
r96 0.597697
84 9 7 39 48 73 11 32 47 56 20 26 46 7 53 54 66 87 96 84 95 65 45 68 40 50 13 29 89 84
61 61 61 61 61 61 61 61 61 61 61 61 61 61 61 61 61 61 61 61 61 61 61 61 61 61 61 61 61 61
r97 0.877502
64 10 34 34 16 59 76 64 74 98 7 73 51 56 40 35 52 21 27 14 61 90 50 9 98 74 93 80 33 64
66 66 66 66 66 66 66 66 66 66 66 66 66 66 66 66 66 66 66 66 66 66 66 66 66 66 66 66 66 66
r98 0.690626
92 26 77 51 95 39 23 93 41 91 41 93 28 68 45 44 91 52 6 78 97 10 77 68 95 54 96 56 20 88
25 25 25 25 25 25 25 25 25 25 25 25 25 25 25 25 25 25 25 25 25 25 25 25 25 25 25 25 25 25
r99 0.55104
95 56 7 34 71 92 70 62 33 60 83 93 98 27 81 50 25 60 47 27 34 15 20 83 12 71 95 92 89 99
99 99 99 99 99 99 99 99 99 99 99 99 99 99 99 99 99 99 99 99 99 99 99 99 99 99 99 99 99 99
r100 0.582572
98 18 23 90 83 78 20 41 61 14 39 80 90 84 98 47 31 22 76 38 37 56 42 6 51 35 90 48 31 74
92 92 92 92 92 92 92 92 92 92 92 92 92 92 92 92 92 92 92 92 92 92 92 92 92 92 92 92 92 92
r101 0.872855
13 20 64 86 33 5 44 42 39 21 29 23 16 72 46 34 48 80 63 5 22 61 48 49 51 88 73 22 81 95
6 6 6 6 6 6 6 6 6 6 6 6 6 6 6 6 6 6 6 6 6 6 6 6 6 6 6 6 6 6
r102 0.733939
66 72 40 66 16 77 6 29 99 21 41 71 63 67 16 43 27 16 57 84 57 99 35 45 69 50 26 64 51 12
71 71 71 71 71 71 71 71 71 71 71 71 71 71 71 71 71 71 71 71 71 71 71 71 71 71 71 71 71 71
r103 0.907229
9 76 87 81 74 17 77 90 53 48 53 17 60 88 39 68 43 23 25 42 51 63 8 96 84 67 47 89 35 57
68 68 68 68 68 68 68 68 68 68 68 68 68 68 68 68 68 68 68 68 68 68 68 68 68 68 68 68 68 68
r104 0.738324
56 18 7 65 90 92 15 36 43 27 91 31 61 56 69 80 77 8 31 37 11 27 18 70 66 7 6 23 68 40
51 51 51 51 51 51 51 51 51 51 51 51 51 51 51 51 51 51 51 51 51 51 51 51 51 51 51 51 51 51
r105 0.933446
50 81 41 40 91 72 78 18 60 6 74 16 68 54 85 71 77 22 75 99 36 45 63 35 43 81 98 76 30 22
26 26 26 26 26 26 26 26 26 26 26 26 26 26 26 26 26 26 26 26 26 26 26 26 26 26 26 26 26 26
r106 0.981791
59 12 86 28 82 99 83 81 74 92 49 25 74 17 98 92 84 94 25 30 57 55 68 36 54 44 61 68 63 33
64 64 64 64 64 64 64 64 64 64 64 64 64 64 64 64 64 64 64 64 64 64 64 64 64 64 64 64 64 64
r107 0.773642
50 46 20 47 26 96 21 18 42 38 88 52 36 77 36 28 94 58 77 49 24 13 95 60 69 61 23 95 22 41
33 33 33 33 33 33 33 33 33 33 33 33 33 33 33 33 33 33 33 33 33 33 33 33 33 33 33 33 33 33
r108 0.956793
48 14 5 42 27 16 76 61 96 28 89 73 60 17 64 18 87 13 37 95 6 93 62 62 13 54 79 46 82 43
25 25 25 25 25 25 25 25 25 25 25 25 25 25 25 25 25 25 25 25 25 25 25 25 25 25 25 25 25 25
r109 0.70122
23 61 69 31 38 30 27 61 17 92 21 26 56 32 13 61 61 6 62 51 60 21 60 14 92 6 91 33 24 15
78 78 78 78 78 78 78 78 78 78 78 78 78 78 78 78 78 78 78 78 78 78 78 78 78 78 78 78 78 78
r110 0.52171
44 65 10 70 87 66 79 79 80 5 35 12 14 91 65 12 51 17 67 67 72 76 60 70 64 88 89 74 63 28
46 46 46 46 46 46 46 46 46 46 46 46 46 46 46 46 46 46 46 46 46 46 46 46 46 46 46 46 46 46
r111 0.762765
48 69 72 15 48 51 87 49 78 94 55 67 59 62 18 68 29 77 40 97 37 8 61 22 92 32 77 18 71 80
98 98 98 98 98 98 98 98 98 98 98 98 98 98 98 98 98 98 98 98 98 98 98 98 98 98 98 98 98 98
r112 0.683362
71 26 90 19 13 36 90 99 86 57 56 45 67 24 69 44 57 63 74 60 24 91 49 51 69 62 19 46 58 34
87 87 87 87 87 87 87 87 87 87 87 87 87 87 87 87 87 87 87 87 87 87 87 87 87 87 87 87 87 87
r113 0.567817
77 40 64 13 27 60 91 79 16 36 43 36 97 83 85 57 54 45 76 45 89 25 11 49 39 52 7 65 37 28
21 21 21 21 21 21 21 21 21 21 21 21 21 21 21 21 21 21 21 21 21 21 21 21 21 21 21 21 21 21
r114 0.52262
77 17 83 34 8 59 46 37 95 74 31 78 59 84 32 99 57 69 85 74 73 34 11 22 33 71 54 53 84 61
11 11 11 11 11 11 11 11 11 11 11 11 11 11 11 11 11 11 11 11 11 11 11 11 11 11 11 11 11 11
r115 0.702307
86 88 73 45 34 7 37 5 34 15 59 15 39 55 67 6 40 39 74 67 45 88 92 13 43 46 93 96 52 51
66 66 66 66 66 66 66 66 66 66 66 66 66 66 66 66 66 66 66 66 66 66 66 66 66 66 66 66 66 66
r116 0.941885
39 75 62 42 13 62 68 20 18 78 52 68 42 50 6 73 21 65 18 9 57 27 44 98 17 40 47 60 98 77
92 92 92 92 92 92 92 92 92 92 92 92 92 92 92 92 92 92 92 92 92 92 92 92 92 92 92 92 92 92
r117 0.837313
54 72 55 14 40 67 27 15 16 88 49 61 89 23 77 51 33 79 8 55 23 99 67 56 43 28 54 21 17 84
63 63 63 63 63 63 63 63 63 63 63 63 63 63 63 63 63 63 63 63 63 63 63 63 63 63 63 63 63 63
r118 0.626182
18 72 88 80 92 95 89 77 45 50 63 60 25 14 88 99 17 41 19 16 8 70 52 28 25 68 37 6 31 96
58 58 58 58 58 58 58 58 58 58 58 58 58 58 58 58 58 58 58 58 58 58 58 58 58 58 58 58 58 58
r119 0.764898
46 18 57 39 7 34 79 50 92 36 70 98 24 69 16 60 80 24 61 51 71 81 68 36 19 69 59 12 24 95
72 72 72 72 72 72 72 72 72 72 72 72 72 72 72 72 72 72 72 72 72 72 72 72 72 72 72 72 72 72
r120 0.546147
27 97 13 53 73 55 43 9 25 41 28 86 49 81 67 69 42 18 37 23 78 69 34 47 25 41 64 18 11 27
24 24 24 24 24 24 24 24 24 24 24 24 24 24 24 24 24 24 24 24 24 24 24 24 24 24 24 24 24 24
r121 0.752891
29 81 92 80 24 96 97 58 24 84 7 5 48 68 39 58 6 55 36 67 84 75 87 23 39 97 29 61 18 54
77 77 77 77 77 77 77 77 77 77 77 77 77 77 77 77 77 77 77 77 77 77 77 77 77 77 77 77 77 77
r122 0.986629
69 20 52 65 14 7 82 90 9 79 38 73 19 91 71 66 24 38 50 92 22 65 31 20 86 85 30 40 62 65
68 68 68 68 68 68 68 68 68 68 68 68 68 68 68 68 68 68 68 68 68 68 68 68 68 68 68 68 68 68
r123 0.567056
17 89 87 19 68 77 20 48 16 88 59 99 56 25 21 89 67 13 9 30 36 21 16 21 46 52 76 12 17 5
84 84 84 84 84 84 84 84 84 84 84 84 84 84 84 84 84 84 84 84 84 84 84 84 84 84 84 84 84 84
r124 0.777656
71 40 55 46 55 95 57 41 51 53 92 68 69 82 32 77 83 57 11 99 69 27 45 18 95 49 30 95 34 54
79 79 79 79 79 79 79 79 79 79 79 79 79 79 79 79 79 79 79 79 79 79 79 79 79 79 79 79 79 79
r125 0.663977
31 43 41 23 92 77 69 46 70 34 12 49 61 82 29 19 88 28 80 12 65 93 8 15 23 95 41 69 74 38
55 55 55 55 55 55 55 55 55 55 55 55 55 55 55 55 55 55 55 55 55 55 55 55 55 55 55 55 55 55
r126 0.551975
88 23 66 63 87 9 30 18 17 71 75 91 95 86 76 23 66 83 80 56 86 87 71 82 28 40 56 59 87 54
33 33 33 33 33 33 33 33 33 33 33 33 33 33 33 33 33 33 33 33 33 33 33 33 33 33 33 33 33 33
r127 0.583005
91 35 57 96 60 70 10 31 45 93 26 28 69 41 89 52 22 42 36 6 13 15 30 48 63 81 32 17 11 5
85 85 85 85 85 85 85 85 85 85 85 85 85 85 85 85 85 85 85 85 85 85 85 85 85 85 85 85 85 85
r128 0.529625
42 90 88 12 92 19 50 85 38 73 51 74 60 99 88 97 32 90 11 42 17 51 5 90 76 18 96 73 95 90
5 5 5 5 5 5 5 5 5 5 5 5 5 5 5 5 5 5 5 5 5 5 5 5 5 5 5 5 5 5
r129 0.889732
88 41 67 5 86 50 35 57 96 6 17 92 87 11 24 74 14 61 86 61 59 73 34 69 66 7 64 53 7 93
28 28 28 28 28 28 28 28 28 28 28 28 28 28 28 28 28 28 28 28 28 28 28 28 28 28 28 28 28 28
r130 0.72183
91 85 18 38 20 67 34 18 76 24 5 82 43 74 89 97 57 47 53 30 76 22 91 78 78 45 77 68 68 65
94 94 94 94 94 94 94 94 94 94 94 94 94 94 94 94 94 94 94 94 94 94 94 94 94 94 94 94 94 94
r131 0.770679
9 89 62 71 21 76 44 40 76 27 75 48 13 72 5 55 22 28 31 36 19 9 14 56 81 74 22 44 69 70
86 86 86 86 86 86 86 86 86 86 86 86 86 86 86 86 86 86 86 86 86 86 86 86 86 86 86 86 86 86
r132 0.622391
49 42 73 22 78 13 90 5 80 38 10 50 36 60 67 59 86 99 70 87 10 24 69 80 38 10 46 8 91 16
60 60 60 60 60 60 60 60 60 60 60 60 60 60 60 60 60 60 60 60 60 60 60 60 60 60 60 60 60 60
r133 0.84879
33 57 29 38 45 26 19 78 32 64 11 87 28 65 71 27 33 58 30 52 24 7 85 29 48 88 21 56 46 53
99 99 99 99 99 99 99 99 99 99 99 99 99 99 99 99 99 99 99 99 99 99 99 99 99 99 99 99 99 99
r134 0.734712
28 13 48 46 24 26 70 80 30 55 5 90 26 25 20 76 50 67 96 52 49 25 92 35 38 48 76 87 47 50
90 90 90 90 90 90 90 90 90 90 90 90 90 90 90 90 90 90 90 90 90 90 90 90 90 90 90 90 90 90
r135 0.601367
38 14 71 56 76 48 81 31 49 69 49 69 84 26 19 49 22 63 90 39 55 25 70 98 96 57 43 44 44 10
91 91 91 91 91 91 91 91 91 91 91 91 91 91 91 91 91 91 91 91 91 91 91 91 91 91 91 91 91 91
r136 0.73523
60 27 88 8 6 16 52 70 61 18 51 82 29 92 96 87 83 32 39 8 97 35 97 51 73 38 87 78 26 61
87 87 87 87 87 87 87 87 87 87 87 87 87 87 87 87 87 87 87 87 87 87 87 87 87 87 87 87 87 87
r137 0.863075
75 82 82 86 34 49 44 48 95 23 72 85 19 57 68 44 91 68 38 26 62 85 94 92 72 70 19 31 57 92
12 12 12 12 12 12 12 12 12 12 12 12 12 12 12 12 12 12 12 12 12 12 12 12 12 12 12 12 12 12
r138 0.798814
89 12 6 38 52 46 30 70 15 15 82 67 75 23 56 44 56 77 98 38 69 91 8 36 7 34 85 94 38 11
66 66 66 66 66 66 66 66 66 66 66 66 66 66 66 66 66 66 66 66 66 66 66 66 66 66 66 66 66 66
r139 0.84541
67 57 62 10 82 33 20 90 12 80 65 30 36 6 81 10 5 17 71 91 20 7 93 46 84 84 79 90 50 98
6 6 6 6 6 6 6 6 6 6 6 6 6 6 6 6 6 6 6 6 6 6 6 6 6 6 6 6 6 6
r140 0.699126
63 19 34 91 35 24 95 15 82 25 43 83 99 45 83 16 17 71 28 16 61 69 96 46 48 83 88 43 84 98
93 93 93 93 93 93 93 93 93 93 93 93 93 93 93 93 93 93 93 93 93 93 93 93 93 93 93 93 93 93
r141 0.89621
27 36 44 44 32 51 26 49 86 9 45 32 85 56 41 56 76 52 18 45 45 56 85 29 44 28 10 39 18 50
49 49 49 49 49 49 49 49 49 49 49 49 49 49 49 49 49 49 49 49 49 49 49 49 49 49 49 49 49 49
r142 0.971734
85 77 11 34 98 52 20 99 93 44 84 46 80 38 23 33 51 60 70 99 46 91 43 66 97 75 80 44 24 18
23 23 23 23 23 23 23 23 23 23 23 23 23 23 23 23 23 23 23 23 23 23 23 23 23 23 23 23 23 23
r143 0.596316
26 35 85 74 48 84 64 87 66 10 65 99 25 90 47 81 60 46 24 49 81 85 43 56 62 82 72 72 6 74
59 59 59 59 59 59 59 59 59 59 59 59 59 59 59 59 59 59 59 59 59 59 59 59 59 59 59 59 59 59
r144 0.597792
44 90 49 26 54 34 87 57 94 83 77 81 27 58 41 68 77 85 46 60 28 98 19 8 67 87 6 41 46 25
43 43 43 43 43 43 43 43 43 43 43 43 43 43 43 43 43 43 43 43 43 43 43 43 43 43 43 43 43 43
r145 0.51317
84 9 65 18 88 22 9 68 92 85 90 47 24 58 25 6 99 77 27 94 91 30 62 75 31 95 22 48 35 5
59 59 59 59 59 59 59 59 59 59 59 59 59 59 59 59 59 59 59 59 59 59 59 59 59 59 59 59 59 59
r146 0.73579
22 30 89 36 32 57 28 17 47 71 33 97 88 32 93 62 54 85 53 76 47 26 99 39 43 47 70 40 99 85
41 41 41 41 41 41 41 41 41 41 41 41 41 41 41 41 41 41 41 41 41 41 41 41 41 41 41 41 41 41
r147 0.841517
30 52 39 79 73 52 23 44 77 20 29 9 10 86 55 90 36 28 34 57 24 69 95 67 39 32 63 21 68 76
28 28 28 28 28 28 28 28 28 28 28 28 28 28 28 28 28 28 28 28 28 28 28 28 28 28 28 28 28 28
r148 0.534834
63 69 93 12 87 37 81 99 58 83 10 44 38 95 76 59 30 33 78 94 26 42 30 53 5 46 19 76 66 9
97 97 97 97 97 97 97 97 97 97 97 97 97 97 97 97 97 97 97 97 97 97 97 97 97 97 97 97 97 97
r149 0.86073
90 33 58 25 15 58 78 93 60 20 28 52 91 82 77 21 61 68 39 95 90 85 96 33 99 69 95 5 66 24
71 71 71 71 71 71 71 71 71 71 71 71 71 71 71 71 71 71 71 71 71 71 71 71 71 71 71 71 71 71
r150 0.844318
30 71 60 80 49 53 40 64 73 87 52 56 62 66 14 27 5 9 18 82 97 46 78 67 41 79 30 58 50 76
8 8 8 8 8 8 8 8 8 8 8 8 8 8 8 8 8 8 8 8 8 8 8 8 8 8 8 8 8 8
r151 0.992561
60 52 89 10 84 50 78 72 95 31 31 61 40 53 58 42 63 38 39 10 16 98 43 90 26 93 38 97 93 10
42 42 42 42 42 42 42 42 42 42 42 42 42 42 42 42 42 42 42 42 42 42 42 42 42 42 42 42 42 42
r152 0.727241
31 58 42 73 34 11 65 60 34 26 96 83 77 35 43 15 69 48 26 68 84 14 89 77 47 83 71 52 25 21
7 7 7 7 7 7 7 7 7 7 7 7 7 7 7 7 7 7 7 7 7 7 7 7 7 7 7 7 7 7
r153 0.870217
42 19 6 48 79 61 78 98 54 58 75 84 96 85 51 42 8 19 23 17 5 95 56 80 63 6 98 80 8 46
49 49 49 49 49 49 49 49 49 49 49 49 49 49 49 49 49 49 49 49 49 49 49 49 49 49 49 49 49 49
r154 0.524795
50 86 37 11 61 35 58 16 7 42 12 87 85 46 87 96 64 97 96 57 53 74 17 54 72 89 55 15 38 92
68 68 68 68 68 68 68 68 68 68 68 68 68 68 68 68 68 68 68 68 68 68 68 68 68 68 68 68 68 68
r155 0.752597
97 87 33 32 45 44 31 79 49 15 65 90 97 61 52 94 55 6 48 29 18 94 93 8 46 8 41 36 71 22
11 11 11 11 11 11 11 11 11 11 11 11 11 11 11 11 11 11 11 11 11 11 11 11 11 11 11 11 11 11
r156 0.875115
40 92 46 76 23 22 25 33 79 13 31 38 57 22 88 58 62 14 68 57 99 71 95 7 10 31 71 24 35 39
28 28 28 28 28 28 28 28 28 28 28 28 28 28 28 28 28 28 28 28 28 28 28 28 28 28 28 28 28 28
r157 0.547896
66 43 44 83 61 73 60 69 96 93 23 15 78 76 73 87 44 27 86 13 22 85 15 46 56 34 76 88 57 43
17 17 17 17 17 17 17 17 17 17 17 17 17 17 17 17 17 17 17 17 17 17 17 17 17 17 17 17 17 17
r158 0.674339
56 95 39 26 55 8 19 48 23 30 26 94 98 10 36 25 88 44 39 74 54 80 30 83 53 18 37 91 27 49
70 70 70 70 70 70 70 70 70 70 70 70 70 70 70 70 70 70 70 70 70 70 70 70 70 70 70 70 70 70
r159 0.501255
6 97 95 10 17 40 28 42 62 20 37 64 51 54 53 87 85 27 38 63 49 18 16 60 47 5 82 91 67 58
35 35 35 35 35 35 35 35 35 35 35 35 35 35 35 35 35 35 35 35 35 35 35 35 35 35 35 35 35 35
r160 0.748664
27 70 65 63 91 99 22 11 36 81 54 82 34 38 67 53 68 30 98 81 39 55 28 39 37 19 98 88 46 66
41 41 41 41 41 41 41 41 41 41 41 41 41 41 41 41 41 41 41 41 41 41 41 41 41 41 41 41 41 41
r161 0.811662
98 32 25 97 46 28 30 27 74 12 54 12 71 7 75 94 97 53 33 52 73 67 82 84 62 67 30 28 8 91
57 57 57 57 57 57 57 57 57 57 57 57 57 57 57 57 57 57 57 57 57 57 57 57 57 57 57 57 57 57
r162 0.604044
74 95 61 97 22 84 71 26 38 75 92 37 47 86 35 92 19 79 65 78 61 49 40 25 72 61 25 63 15 23
79 79 79 79 79 79 79 79 79 79 79 79 79 79 79 79 79 79 79 79 79 79 79 79 79 79 79 79 79 79
r163 0.979052
37 79 32 21 48 50 51 20 43 84 63 26 16 55 38 90 18 13 49 62 46 69 31 99 90 90 14 10 66 91
21 21 21 21 21 21 21 21 21 21 21 21 21 21 21 21 21 21 21 21 21 21 21 21 21 21 21 21 21 21
r164 0.686852
45 17 16 91 63 31 31 44 86 49 55 39 82 43 52 88 87 11 34 53 38 33 40 25 39 46 86 28 59 84
88 88 88 88 88 88 88 88 88 88 88 88 88 88 88 88 88 88 88 88 88 88 88 88 88 88 88 88 88 88
r165 0.67752
99 90 57 27 18 96 11 63 49 45 45 87 89 33 74 95 59 24 30 84 60 50 21 6 36 44 57 18 29 56
11 11 11 11 11 11 11 11 11 11 11 11 11 11 11 11 11 11 11 11 11 11 11 11 11 11 11 11 11 11
r166 0.517429
60 47 57 57 50 20 6 87 58 88 76 83 59 69 43 78 91 24 38 42 40 36 70 76 88 80 5 42 84 25
81 81 81 81 81 81 81 81 81 81 81 81 81 81 81 81 81 81 81 81 81 81 81 81 81 81 81 81 81 81
r167 0.609712
38 96 15 51 94 98 9 79 71 87 38 37 30 14 29 47 44 63 82 73 30 59 58 11 59 95 87 77 73 31
42 42 42 42 42 42 42 42 42 42 42 42 42 42 42 42 42 42 42 42 42 42 42 42 42 42 42 42 42 42
r168 0.633576
49 55 19 44 59 91 16 43 26 45 66 35 66 13 72 29 90 45 52 46 95 55 6 88 42 75 61 68 17 65
88 88 88 88 88 88 88 88 88 88 88 88 88 88 88 88 88 88 88 88 88 88 88 88 88 88 88 88 88 88
r169 0.752374
5 6 68 91 14 12 17 54 73 45 21 81 17 42 68 54 89 15 49 44 13 34 78 83 91 47 95 53 32 53
66 66 66 66 66 66 66 66 66 66 66 66 66 66 66 66 66 66 66 66 66 66 66 66 66 66 66 66 66 66
r170 0.919067
34 20 60 38 30 15 11 67 28 84 76 62 53 27 49 63 68 85 71 98 64 54 89 11 46 39 35 94 5 60
46 46 46 46 46 46 46 46 46 46 46 46 46 46 46 46 46 46 46 46 46 46 46 46 46 46 46 46 46 46
r171 0.70666
6 65 97 16 72 64 36 56 40 94 6 62 43 64 31 28 32 26 84 81 15 87 24 49 23 19 47 78 60 74
53 53 53 53 53 53 53 53 53 53 53 53 53 53 53 53 53 53 53 53 53 53 53 53 53 53 53 53 53 53
r172 0.921227
48 70 5 12 98 54 45 92 55 99 32 20 27 53 44 48 37 23 55 25 42 5 40 53 44 18 13 15 63 67
46 46 46 46 46 46 46 46 46 46 46 46 46 46 46 46 46 46 46 46 46 46 46 46 46 46 46 46 46 46
r173 0.782315
47 16 32 96 56 22 51 52 49 63 75 94 5 20 32 23 71 49 60 68 84 14 12 97 19 19 57 78 60 64
12 12 12 12 12 12 12 12 12 12 12 12 12 12 12 12 12 12 12 12 12 12 12 12 12 12 12 12 12 12
r174 0.506358
40 95 25 54 44 72 98 99 44 90 99 57 22 22 28 63 75 88 44 84 92 38 95 11 90 74 66 51 78 66
23 23 23 23 23 23 23 23 23 23 23 23 23 23 23 23 23 23 23 23 23 23 23 23 23 23 23 23 23 23
r175 0.626027
43 64 97 13 60 94 49 50 93 6 64 13 26 27 83 14 63 64 6 96 56 9 86 30 71 35 6 34 53 16
84 84 84 84 84 84 84 84 84 84 84 84 84 84 84 84 84 84 84 84 84 84 84 84 84 84 84 84 84 84
r176 0.883484
79 94 36 73 43 78 63 42 42 68 63 61 48 70 24 12 68 20 61 73 98 86 41 33 84 67 79 96 51 65
69 69 69 69 69 69 69 69 69 69 69 69 69 69 69 69 69 69 69 69 69 69 69 69 69 69 69 69 69 69
r177 0.703772
97 95 94 75 59 36 17 27 92 70 71 62 89 75 30 6 36 98 99 20 36 30 99 98 9 92 50 69 61 72
25 25 25 25 25 25 25 25 25 25 25 25 25 25 25 25 25 25 25 25 25 25 25 25 25 25 25 25 25 25
r178 0.686329
16 33 27 48 42 46 40 12 14 94 93 85 24 94 18 20 91 30 51 21 30 47 22 22 89 83 76 61 8 34
29 29 29 29 29 29 29 29 29 29 29 29 29 29 29 29 29 29 29 29 29 29 29 29 29 29 29 29 29 29
r179 0.860381
48 59 97 90 91 7 99 85 92 81 10 84 92 22 75 22 65 91 44 12 13 59 96 91 35 55 91 61 79 7
21 21 21 21 21 21 21 21 21 21 21 21 21 21 21 21 21 21 21 21 21 21 21 21 21 21 21 21 21 21
r180 0.779534
16 15 53 15 11 39 7 88 41 86 77 58 61 91 23 49 36 28 54 87 21 45 22 71 33 78 51 36 92 71
93 93 93 93 93 93 93 93 93 93 93 93 93 93 93 93 93 93 93 93 93 93 93 93 93 93 93 93 93 93
r181 0.848774
43 18 87 77 17 72 18 96 49 68 54 41 84 99 69 12 53 56 28 91 70 95 24 45 43 55 37 14 45 37
90 90 90 90 90 90 90 90 90 90 90 90 90 90 90 90 90 90 90 90 90 90 90 90 90 90 90 90 90 90
r182 0.917119
77 58 57 50 69 53 91 37 7 32 21 98 93 25 49 49 49 40 16 41 56 57 79 9 86 88 46 24 78 30
63 63 63 63 63 63 63 63 63 63 63 63 63 63 63 63 63 63 63 63 63 63 63 63 63 63 63 63 63 63
r183 0.582517
20 97 50 68 86 79 68 18 93 66 9 18 15 53 59 47 62 95 99 19 71 8 97 59 49 18 34 72 77 82
50 50 50 50 50 50 50 50 50 50 50 50 50 50 50 50 50 50 50 50 50 50 50 50 50 50 50 50 50 50
r184 0.749736
95 58 62 71 26 73 64 87 77 75 95 27 31 42 84 24 38 95 90 38 93 50 83 8 76 52 80 58 97 73
32 32 32 32 32 32 32 32 32 32 32 32 32 32 32 32 32 32 32 32 32 32 32 32 32 32 32 32 32 32
r185 0.697845
89 60 49 62 22 33 36 92 28 59 20 63 40 39 96 36 30 35 26 72 15 29 48 62 7 99 56 75 31 45
98 98 98 98 98 98 98 98 98 98 98 98 98 98 98 98 98 98 98 98 98 98 98 98 98 98 98 98 98 98
r186 0.603459
44 75 16 72 8 8 96 62 21 59 98 55 52 31 80 82 52 49 92 73 93 51 75 89 99 47 20 41 42 29
39 39 39 39 39 39 39 39 39 39 39 39 39 39 39 39 39 39 39 39 39 39 39 39 39 39 39 39 39 39
r187 0.923027
50 51 5 51 47 62 67 98 57 22 47 83 95 30 32 44 19 6 34 63 73 23 62 18 35 96 55 60 35 34
56 56 56 56 56 56 56 56 56 56 56 56 56 56 56 56 56 56 56 56 56 56 56 56 56 56 56 56 56 56
r188 0.816153
53 25 24 16 84 19 68 99 58 49 94 80 76 35 92 74 65 55 45 80 14 58 16 10 10 68 37 36 21 12
13 13 13 13 13 13 13 13 13 13 13 13 13 13 13 13 13 13 13 13 13 13 13 13 13 13 13 13 13 13
r189 0.831249
29 78 17 40 43 13 94 87 7 74 61 34 66 32 94 18 72 72 25 30 83 27 33 48 57 61 61 64 70 31
88 88 88 88 88 88 88 88 88 88 88 88 88 88 88 88 88 88 88 88 88 88 88 88 88 88 88 88 88 88
r190 0.943954
97 32 45 10 26 29 9 92 85 39 56 18 30 69 85 97 86 13 77 14 38 25 66 94 79 30 64 10 15 56
12 12 12 12 12 12 12 12 12 12 12 12 12 12 12 12 12 12 12 12 12 12 12 12 12 12 12 12 12 12
r191 0.742112
49 18 6 73 20 90 56 54 46 69 76 13 51 74 94 56 48 8 89 66 69 81 45 91 45 47 7 93 51 12
73 73 73 73 73 73 73 73 73 73 73 73 73 73 73 73 73 73 73 73 73 73 73 73 73 73 73 73 73 73
r192 0.720725
71 66 37 62 22 83 8 86 60 16 34 31 11 86 71 11 72 37 76 53 77 64 91 25 66 84 71 70 55 64
88 88 88 88 88 88 88 88 88 88 88 88 88 88 88 88 88 88 88 88 88 88 88 88 88 88 88 88 88 88
r193 0.924762
25 80 47 9 81 30 61 89 59 84 92 45 55 99 15 88 72 63 62 36 54 79 95 36 48 65 86 12 53 9
37 37 37 37 37 37 37 37 37 37 37 37 37 37 37 37 37 37 37 37 37 37 37 37 37 37 37 37 37 37
r194 0.797415
76 72 63 6 30 52 60 14 45 98 61 44 13 46 13 71 9 44 23 80 36 54 28 94 37 35 44 41 64 12
23 23 23 23 23 23 23 23 23 23 23 23 23 23 23 23 23 23 23 23 23 23 23 23 23 23 23 23 23 23
r195 0.98245
81 38 9 34 91 15 71 89 69 12 94 15 20 62 16 56 80 92 85 34 20 79 63 48 20 5 9 28 20 42
7 7 7 7 7 7 7 7 7 7 7 7 7 7 7 7 7 7 7 7 7 7 7 7 7 7 7 7 7 7
r196 0.833929
9 28 66 16 94 52 80 98 46 91 18 9 7 66 81 91 51 13 12 27 71 52 43 71 56 66 87 93 65 81
69 69 69 69 69 69 69 69 69 69 69 69 69 69 69 69 69 69 69 69 69 69 69 69 69 69 69 69 69 69
r197 0.550225
32 78 92 80 55 90 23 43 5 27 43 66 6 34 15 14 38 37 80 85 75 49 42 41 33 32 99 11 93 65
12 12 12 12 12 12 12 12 12 12 12 12 12 12 12 12 12 12 12 12 12 12 12 12 12 12 12 12 12 12
r198 0.786309
99 98 91 86 21 34 86 41 72 49 42 99 59 48 37 92 28 23 67 69 57 6 94 84 5 5 78 65 9 96
6 6 6 6 6 6 6 6 6 6 6 6 6 6 6 6 6 6 6 6 6 6 6 6 6 6 6 6 6 6
r199 0.889677
92 86 15 26 72 48 91 22 82 87 76 30 24 68 51 39 33 20 91 34 15 73 31 12 51 91 17 47 92 17
38 38 38 38 38 38 38 38 38 38 38 38 38 38 38 38 38 38 38 38 38 38 38 38 38 38 38 38 38 38
r200 0.545296
45 5 71 89 91 85 71 78 59 97 94 24 48 34 52 60 22 78 67 90 9 75 38 96 87 77 85 99 15 67
95 95 95 95 95 95 95 95 95 95 95 95 95 95 95 95 95 95 95 95 95 95 95 95 95 95 95 95 95 95
