200 30 8 1 15
0 0.25
42713 30645 42362 33279 43041 44737 34625 44324 40766 39886 34364 35464 35661 34684 30964 32726 33604 38005 44294 33798 32844 41269 32789 31284 36861 35876 42894 36540 36329 30923
w1 0.5
2542 3421 2474 2821 1814 2564 1798 4490 4330 2684 2854 3794 2698 1538 2110 2424 2142 4115 2070 2940 3960 1692 2730 2596 2553 2958 3490 3445 3287 1766
w2 0.5
4329 4039 2032 3002 4353 3096 3300 4344 3278 1837 3050 2572 3035 3089 3534 4311 4083 3150 2233 2524 2962 2425 4106 4058 3830 2564 3048 2776 4352 3666
w3 0.5
1533 3205 2866 3036 3411 1815 1836 3607 3593 2525 2157 2018 4412 3746 4052 4223 3330 3054 2309 1706 1516 3586 4312 4074 2917 2728 2975 4193 2932 2493
w4 0.5
2966 4199 4097 1502 3462 4412 2190 2569 3858 3568 3226 1728 3480 2825 4280 3204 2007 3187 4365 2213 3203 3451 2377 3130 1868 3605 1605 1913 2038 2950
w5 0.5
3856 3001 2742 4210 1963 3006 1900 3384 2364 3968 2111 2944 2949 3788 2725 2005 4295 4412 1870 2360 3467 4173 3237 2097 1894 2694 2554 2307 3584 4005
w6 0.5
2940 2506 2194 2650 3322 4052 3403 2206 1917 3223 3169 3361 2024 2457 1938 2529 2604 2202 3251 3464 1522 3277 2553 2119 3671 3748 3526 4478 2832 3031
w7 0.5
1625 4389 2328 2775 3211 1881 2030 3918 2650 3754 2587 1863 4278 3897 2654 2660 2001 3356 1763 4318 3730 3540 2371 4350 2711 1619 3376 3042 3304 2259
w8 0.5
3429 2148 3653 2056 4212 4034 2587 3630 2536 2193 2069 2899 1971 1818 4053 3483 2320 3262 3747 2138 2492 3139 3009 2694 4351 3481 1570 2893 2285 2681
w9 0.5
1566 3330 3722 2474 3042 3608 3561 2524 1996 1606 3445 3396 2430 3764 3301 4413 1936 2063 4012 2574 3408 2652 4435 1602 2855 3768 2025 1600 1553 3206
w10 0.5
1971 2388 4244 2946 4282 3704 2359 2306 1553 2466 1604 3449 3748 3868 2602 3661 4304 3166 3526 2730 2426 2030 3017 2528 3385 2286 3405 3837 2691 2112
w11 0.5
3163 3352 4454 1961 3135 4011 2820 4293 4064 4138 4397 3365 3386 4117 4467 2900 4273 3485 1926 2503 4411 2808 4021 2440 2045 1807 1697 4382 2998 2309
w12 0.5
2013 1514 1547 2474 3149 4058 4147 3294 3974 4137 3544 2839 3376 3161 3158 2128 2935 2144 2554 4290 2055 4214 4163 3347 1759 4470 3545 1641 3321 1706
w13 0.5
4186 1720 2132 2161 3721 2042 2160 2868 1516 2149 1912 3207 4025 3573 1866 1653 2360 2510 3059 2151 3417 2773 2166 2617 3032 2137 1662 3525 4310 2220
w14 0.5
3996 2793 2095 2009 2014 2638 3021 3734 3006 3671 4146 1714 3548 3572 2432 4054 4432 3442 2965 2435 2711 4239 3102 3828 3123 4091 4342 2501 4253 2063
w15 0.5
4101 3708 3059 1611 1574 4197 3484 3809 2704 3007 3455 3270 2056 2527 4202 1962 2812 3496 3427 4099 1707 3518 3053 4388 2494 2996 4230 3495 2749 2145
r1 0.588214
83 85 14 38 25 20 72 94 18 74 74 74 12 13 13 11 89 35 32 48 14 26 6 45 7 12 67 84 94 38
62 62 62 62 62 62 62 62 62 62 62 62 62 62 62 62 62 62 62 62 62 62 62 62 62 62 62 62 62 62
r2 0.874027
71 13 43 86 80 34 96 54 5 67 58 13 75 61 94 11 89 43 17 15 44 57 14 48 24 90 40 57 52 18
72 72 72 72 72 72 72 72 72 72 72 72 72 72 72 72 72 72 72 72 72 72 72 72 72 72 72 72 72 72
r3 0.58599
13 99 98 42 95 49 40 63 5 48 38 61 43 41 47 78 53 54 19 7 64 63 23 54 98 72 99 13 45 19
31 31 31 31 31 31 31 31 31 31 31 31 31 31 31 31 31 31 31 31 31 31 31 31 31 31 31 31 31 31
r4 0.859301
26 87 14 67 27 72 67 68 7 26 11 44 68 81 89 23 95 89 79 58 12 30 53 80 29 58 25 41 84 70
54 54 54 54 54 54 54 54 54 54 54 54 54 54 54 54 54 54 54 54 54 54 54 54 54 54 54 54 54 54
r5 0.98575
60 73 77 29 37 45 29 58 48 68 24 29 54 39 24 43 18 75 51 40 25 28 62 79 48 98 60 15 49 63
64 64 64 64 64 64 64 64 64 64 64 64 64 64 64 64 64 64 64 64 64 64 64 64 64 64 64 64 64 64
r6 0.544275
41 31 65 78 55 21 26 20 37 50 70 71 67 10 81 39 56 21 59 79 78 35 24 76 91 31 23 51 91 25
79 79 79 79 79 79 79 79 79 79 79 79 79 79 79 79 79 79 79 79 79 79 79 79 79 79 79 79 79 79
r7 0.794961
41 8 99 57 29 16 86 72 78 57 39 84 38 70 37 55 29 14 30 57 30 99 48 57 22 94 45 39 70 69
82 82 82 82 82 82 82 82 82 82 82 82 82 82 82 82 82 82 82 82 82 82 82 82 82 82 82 82 82 82
r8 0.666199
78 61 91 90 47 63 68 5 94 49 35 64 82 85 85 91 13 42 21 12 82 70 29 73 15 60 43 77 42 50
43 43 43 43 43 43 43 43 43 43 43 43 43 43 43 43 43 43 43 43 43 43 43 43 43 43 43 43 43 43
r9 0.866028
34 8 50 89 68 47 80 18 78 41 95 60 27 83 68 61 96 75 44 67 96 14 74 56 53 51 91 98 90 9
6 6 6 6 6 6 6 6 6 6 6 6 6 6 6 6 6 6 6 6 6 6 6 6 6 6 6 6 6 6
r10 0.718004
51 11 75 91 83 85 69 25 80 29 47 60 90 5 57 62 41 21 59 51 90 12 99 39 95 94 26 99 92 42
11 11 11 11 11 11 11 11 11 11 11 11 11 11 11 11 11 11 11 11 11 11 11 11 11 11 11 11 11 11
r11 0.989854
79 34 29 64 95 46 42 22 85 94 12 85 48 69 27 64 25 70 52 30 69 86 25 60 9 25 52 43 28 87
81 81 81 81 81 81 81 81 81 81 81 81 81 81 81 81 81 81 81 81 81 81 81 81 81 81 81 81 81 81
r12 0.995597
7 64 14 48 98 31 33 92 38 18 41 5 37 97 25 7 49 50 68 32 71 28 33 88 75 72 16 60 53 16
74 74 74 74 74 74 74 74 74 74 74 74 74 74 74 74 74 74 74 74 74 74 74 74 74 74 74 74 74 74
r13 0.956449
83 95 70 12 28 62 42 41 95 42 71 93 63 73 39 13 39 67 76 62 95 64 35 64 76 90 17 84 61 64
56 56 56 56 56 56 56 56 56 56 56 56 56 56 56 56 56 56 56 56 56 56 56 56 56 56 56 56 56 56
r14 0.983028
23 48 79 77 86 21 73 28 84 63 83 54 97 92 88 64 65 48 57 30 75 21 98 65 31 79 23 87 35 59
44 44 44 44 44 44 44 44 44 44 44 44 44 44 44 44 44 44 44 44 44 44 44 44 44 44 44 44 44 44
r15 0.946145
23 30 89 39 95 14 20 58 93 70 56 82 58 17 44 6 69 69 76 83 64 38 14 43 56 93 70 16 37 20
16 16 16 16 16 16 16 16 16 16 16 16 16 16 16 16 16 16 16 16 16 16 16 16 16 16 16 16 16 16
r16 0.642698
97 87 38 11 8 89 96 73 45 75 31 54 20 30 21 81 98 99 46 34 10 81 82 98 52 90 36 67 6 87
7 7 7 7 7 7 7 7 7 7 7 7 7 7 7 7 7 7 7 7 7 7 7 7 7 7 7 7 7 7
r17 0.882617
41 7 74 30 95 44 67 71 68 21 83 93 34 64 88 33 7 22 35 84 5 34 33 90 62 92 89 46 95 84
17 17 17 17 17 17 17 17 17 17 17 17 17 17 17 17 17 17 17 17 17 17 17 17 17 17 17 17 17 17
r18 0.652147
84 55 79 28 22 50 91 35 33 84 65 89 70 90 92 87 26 73 84 55 6 72 14 90 61 55 85 42 67 15
29 29 29 29 29 29 29 29 29 29 29 29 29 29 29 29 29 29 29 29 29 29 29 29 29 29 29 29 29 29
r19 0.967559
8 72 82 50 63 15 75 45 72 61 15 62 53 97 83 23 79 35 21 51 44 12 9 91 92 46 56 8 67 7
65 65 65 65 65 65 65 65 65 65 65 65 65 65 65 65 65 65 65 65 65 65 65 65 65 65 65 65 65 65
r20 0.705654
45 14 35 55 84 75 27 46 85 84 91 79 65 12 58 92 28 9 37 35 10 28 25 52 79 25 16 79 85 79
50 50 50 50 50 50 50 50 50 50 50 50 50 50 50 50 50 50 50 50 50 50 50 50 50 50 50 50 50 50
r21 0.708788
77 80 70 52 99 13 37 81 96 17 46 8 70 38 32 72 67 62 77 88 82 26 64 99 38 40 85 14 86 12
94 94 94 94 94 94 94 94 94 94 94 94 94 94 94 94 94 94 94 94 94 94 94 94 94 94 94 94 94 94
r22 0.962753
64 13 84 69 45 65 66 54 8 69 22 39 96 89 6 56 63 86 35 82 51 35 17 86 17 26 69 24 20 30
9 9 9 9 9 9 9 9 9 9 9 9 9 9 9 9 9 9 9 9 9 9 9 9 9 9 9 9 9 9
r23 0.674104
89 46 75 51 12 30 52 74 47 86 70 33 84 23 88 71 51 67 22 81 79 8 90 97 70 14 15 95 16 87
33 33 33 33 33 33 33 33 33 33 33 33 33 33 33 33 33 33 33 33 33 33 33 33 33 33 33 33 33 33
r24 0.612753
8 48 38 30 95 12 69 78 74 97 63 90 83 34 41 50 51 19 27 51 9 24 21 15 34 13 26 18 41 20
44 44 44 44 44 44 44 44 44 44 44 44 44 44 44 44 44 44 44 44 44 44 44 44 44 44 44 44 44 44
r25 0.814357
77 67 56 81 37 35 55 31 90 45 11 24 81 57 67 95 76 18 96 95 32 12 27 40 30 40 74 46 79 13
7 7 7 7 7 7 7 7 7 7 7 7 7 7 7 7 7 7 7 7 7 7 7 7 7 7 7 7 7 7
r26 0.67637
55 34 6 82 85 33 72 27 39 91 6 88 58 93 64 69 90 57 93 94 79 33 21 16 99 62 88 12 61 41
77 77 77 77 77 77 77 77 77 77 77 77 77 77 77 77 77 77 77 77 77 77 77 77 77 77 77 77 77 77
r27 0.85626
78 94 53 8 67 72 40 55 73 28 14 64 85 75 54 42 68 45 18 93 61 29 90 21 17 97 77 51 71 86
19 19 19 19 19 19 19 19 19 19 19 19 19 19 19 19 19 19 19 19 19 19 19 19 19 19 19 19 19 19
r28 0.704317
64 53 42 36 88 92 7 14 98 66 94 73 17 33 41 57 46 32 18 67 22 31 77 16 6 28 83 87 42 33
62 62 62 62 62 62 62 62 62 62 62 62 62 62 62 62 62 62 62 62 62 62 62 62 62 62 62 62 62 62
r29 0.583521
99 34 67 92 33 76 90 91 67 61 8 95 97 60 41 29 71 8 46 97 77 58 95 5 41 80 39 66 42 37
44 44 44 44 44 44 44 44 44 44 44 44 44 44 44 44 44 44 44 44 44 44 44 44 44 44 44 44 44 44
r30 0.899347
8 31 92 79 18 84 43 74 84 38 72 45 71 93 13 72 37 7 49 87 98 50 25 78 81 86 17 19 27 54
75 75 75 75 75 75 75 75 75 75 75 75 75 75 75 75 75 75 75 75 75 75 75 75 75 75 75 75 75 75
r31 0.63635
64 7 91 45 46 65 30 76 34 67 48 25 75 17 57 77 61 44 72 8 64 47 85 47 60 96 69 11 68 95
84 84 84 84 84 84 84 84 84 84 84 84 84 84 84 84 84 84 84 84 84 84 84 84 84 84 84 84 84 84
r32 0.698939
75 73 41 37 98 17 64 62 57 81 37 69 38 11 31 74 76 31 35 23 13 77 78 6 43 85 69 39 66 97
34 34 34 34 34 34 34 34 34 34 34 34 34 34 34 34 34 34 34 34 34 34 34 34 34 34 34 34 34 34
r33 0.987428
67 70 62 79 31 24 37 12 53 98 42 56 29 16 32 53 43 51 61 20 26 60 56 8 29 90 69 23 21 7
85 85 85 85 85 85 85 85 85 85 85 85 85 85 85 85 85 85 85 85 85 85 85 85 85 85 85 85 85 85
r34 0.77278
44 59 96 63 91 9 16 90 43 68 16 55 92 61 90 40 23 8 62 75 59 65 99 49 35 20 62 34 5 45
99 99 99 99 99 99 99 99 99 99 99 99 99 99 99 99 99 99 99 99 99 99 99 99 99 99 99 99 99 99
r35 0.991447
96 5 85 97 14 75 40 74 83 87 66 45 78 7 60 81 61 35 37 26 31 78 53 46 40 83 44 77 79 81
73 73 73 73 73 73 73 73 73 73 73 73 73 73 73 73 73 73 73 73 73 73 73 73 73 73 73 73 73 73
r36 0.767683
58 72 87 30 10 61 11 92 25 51 67 24 8 45 80 35 77 98 58 55 49 5 87 29 41 64 8 22 35 79
95 95 95 95 95 95 95 95 95 95 95 95 95 95 95 95 95 95 95 95 95 95 95 95 95 95 95 95 95 95
r37 0.899363
80 16 50 38 22 40 58 65 7 77 65 45 54 95 19 53 50 70 94 50 57 23 86 19 26 5 49 97 93 34
43 43 43 43 43 43 43 43 43 43 43 43 43 43 43 43 43 43 43 43 43 43 43 43 43 43 43 43 43 43
r38 0.608821
88 11 59 28 65 24 28 39 84 68 89 76 82 39 27 49 33 69 99 48 53 15 69 50 56 67 43 85 7 16
28 28 28 28 28 28 28 28 28 28 28 28 28 28 28 28 28 28 28 28 28 28 28 28 28 28 28 28 28 28
r39 0.673398
82 19 80 99 39 16 80 7 97 57 81 36 76 28 61 42 24 9 90 34 71 41 85 35 79 67 37 88 90 27
11 11 11 11 11 11 11 11 11 11 11 11 11 11 11 11 11 11 11 11 11 11 11 11 11 11 11 11 11 11
r40 0.607049
83 69 72 94 49 71 92 98 50 25 71 70 82 14 89 83 96 20 51 37 5 81 14 67 18 97 55 38 5 25
68 68 68 68 68 68 68 68 68 68 68 68 68 68 68 68 68 68 68 68 68 68 68 68 68 68 68 68 68 68
r41 0.940981
41 74 32 9 66 31 51 87 94 21 66 8 10 46 5 22 93 34 22 74 43 82 85 37 34 20 34 51 83 14
37 37 37 37 37 37 37 37 37 37 37 37 37 37 37 37 37 37 37 37 37 37 37 37 37 37 37 37 37 37
r42 0.808154
64 23 47 87 69 31 82 86 92 85 88 36 82 11 29 17 25 95 52 99 77 82 33 89 13 79 73 23 13 86
7 7 7 7 7 7 7 7 7 7 7 7 7 7 7 7 7 7 7 7 7 7 7 7 7 7 7 7 7 7
r43 0.725326
46 60 74 73 42 57 65 25 42 93 99 48 19 13 66 12 58 65 84 40 91 71 48 70 44 63 79 27 62 49
29 29 29 29 29 29 29 29 29 29 29 29 29 29 29 29 29 29 29 29 29 29 29 29 29 29 29 29 29 29
r44 0.625699
98 77 44 52 39 61 89 33 60 35 44 66 96 51 24 58 33 56 49 99 96 17 43 60 91 62 22 37 86 26
41 41 41 41 41 41 41 41 41 41 41 41 41 41 41 41 41 41 41 41 41 41 41 41 41 41 41 41 41 41
r45 0.671191
77 33 35 35 20 60 88 47 99 54 43 51 73 96 79 26 43 78 22 55 18 77 43 75 95 75 59 18 16 40
14 14 14 14 14 14 14 14 14 14 14 14 14 14 14 14 14 14 14 14 14 14 14 14 14 14 14 14 14 14
r46 0.884457
41 18 78 96 6 25 95 52 60 43 22 53 22 43 91 92 61 46 10 38 84 78 30 59 37 41 68 69 47 51
35 35 35 35 35 35 35 35 35 35 35 35 35 35 35 35 35 35 35 35 35 35 35 35 35 35 35 35 35 35
r47 0.855636
10 76 63 30 71 15 85 12 33 39 29 68 27 22 29 66 24 60 50 94 82 7 31 20 67 93 62 15 28 42
74 74 74 74 74 74 74 74 74 74 74 74 74 74 74 74 74 74 74 74 74 74 74 74 74 74 74 74 74 74
r48 0.987515
34 56 82 45 42 89 70 73 15 35 92 32 60 58 49 17 9 43 94 8 67 15 70 60 69 77 80 12 51 11
25 25 25 25 25 25 25 25 25 25 25 25 25 25 25 25 25 25 25 25 25 25 25 25 25 25 25 25 25 25
r49 0.584823
99 20 97 88 82 67 99 17 59 28 72 18 69 81 19 13 73 19 75 80 81 35 49 58 12 53 6 19 71 79
74 74 74 74 74 74 74 74 74 74 74 74 74 74 74 74 74 74 74 74 74 74 74 74 74 74 74 74 74 74
r50 0.648453
71 59 76 35 55 89 89 75 58 99 45 40 15 53 10 29 25 85 10 52 34 63 59 80 65 70 51 44 44 21
36 36 36 36 36 36 36 36 36 36 36 36 36 36 36 36 36 36 36 36 36 36 36 36 36 36 36 36 36 36
r51 0.514827
12 42 24 93 32 95 52 28 40 84 39 85 89 63 10 74 66 54 5 29 13 80 86 76 28 28 20 45 59 28
17 17 17 17 17 17 17 17 17 17 17 17 17 17 17 17 17 17 17 17 17 17 17 17 17 17 17 17 17 17
r52 0.501533
37 57 89 29 9 15 61 88 49 46 74 9 48 45 70 97 45 92 7 23 75 78 46 98 91 83 54 19 93 18
76 76 76 76 76 76 76 76 76 76 76 76 76 76 76 76 76 76 76 76 76 76 76 76 76 76 76 76 76 76
r53 0.506143
63 51 74 73 12 59 19 53 33 23 93 70 86 87 12 75 89 30 50 65 69 46 53 49 95 67 42 13 40 64
78 78 78 78 78 78 78 78 78 78 78 78 78 78 78 78 78 78 78 78 78 78 78 78 78 78 78 78 78 78
r54 0.69087
49 71 22 5 85 67 30 6 60 95 84 44 8 59 34 30 6 91 91 44 44 41 40 8 78 45 43 43 21 39
50 50 50 50 50 50 50 50 50 50 50 50 50 50 50 50 50 50 50 50 50 50 50 50 50 50 50 50 50 50
r55 0.645652
68 63 88 32 88 89 85 81 73 29 84 29 55 11 27 46 98 67 82 36 7 85 14 44 26 49 57 60 95 20
62 62 62 62 62 62 62 62 62 62 62 62 62 62 62 62 62 62 62 62 62 62 62 62 62 62 62 62 62 62
r56 0.757839
50 84 63 36 69 41 6 91 22 30 46 29 53 85 24 17 64 55 19 47 61 55 68 11 13 25 98 28 82 58
98 98 98 98 98 98 98 98 98 98 98 98 98 98 98 98 98 98 98 98 98 98 98 98 98 98 98 98 98 98
r57 0.613475
58 61 9 95 63 95 17 85 38 38 35 20 54 47 80 9 58 24 66 14 87 69 19 9 67 39 86 22 37 13
56 56 56 56 56 56 56 56 56 56 56 56 56 56 56 56 56 56 56 56 56 56 56 56 56 56 56 56 56 56
r58 0.657885
57 79 30 52 92 12 83 27 40 95 77 82 72 78 38 91 41 44 75 10 58 79 69 92 63 83 26 71 40 10
38 38 38 38 38 38 38 38 38 38 38 38 38 38 38 38 38 38 38 38 38 38 38 38 38 38 38 38 38 38
r59 0.785117
63 42 74 68 22 96 8 17 70 82 85 49 20 76 85 56 52 88 11 28 54 95 86 38 21 58 70 27 91 62
9 9 9 9 9 9 9 9 9 9 9 9 9 9 9 9 9 9 9 9 9 9 9 9 9 9 9 9 9 9
r60 0.648591
78 20 18 74 23 31 42 97 13 86 15 81 68 66 30 53 73 54 8 68 40 38 82 90 8 6 82 65 10 34
59 59 59 59 59 59 59 59 59 59 59 59 59 59 59 59 59 59 59 59 59 59 59 59 59 59 59 59 59 59
r61 0.91594
72 54 61 95 88 58 8 71 68 82 40 35 12 85 5 61 85 68 97 23 47 87 26 48 66 84 50 92 43 30
38 38 38 38 38 38 38 38 38 38 38 38 38 38 38 38 38 38 38 38 38 38 38 38 38 38 38 38 38 38
r62 0.997485
91 8 65 50 8 37 15 85 69 42 93 54 42 54 40 8 48 58 50 33 77 91 94 61 41 87 96 64 22 8
41 41 41 41 41 41 41 41 41 41 41 41 41 41 41 41 41 41 41 41 41 41 41 41 41 41 41 41 41 41
r63 0.832911
6 56 15 38 66 92 7 9 85 54 46 40 89 46 80 44 92 13 21 83 8 74 21 87 70 80 9 71 21 15
77 77 77 77 77 77 77 77 77 77 77 77 77 77 77 77 77 77 77 77 77 77 77 77 77 77 77 77 77 77
r64 0.623605
84 53 30 77 53 34 59 7 72 91 91 19 72 32 8 80 49 83 80 20 96 67 83 77 69 54 90 76 28 7
40 40 40 40 40 40 40 40 40 40 40 40 40 40 40 40 40 40 40 40 40 40 40 40 40 40 40 40 40 40
r65 0.608002
65 79 6 91 38 8 60 27 91 71 94 20 74 71 64 57 52 77 54 16 60 28 77 14 15 54 34 18 86 39
66 66 66 66 66 66 66 66 66 66 66 66 66 66 66 66 66 66 66 66 66 66 66 66 66 66 66 66 66 66
r66 0.951653
67 39 49 67 94 71 55 63 65 70 37 33 32 87 77 9 38 86 61 61 63 67 68 14 96 81 92 36 44 43
46 46 46 46 46 46 46 46 46 46 46 46 46 46 46 46 46 46 46 46 46 46 46 46 46 46 46 46 46 46
r67 0.698438
90 67 66 58 22 29 20 85 61 49 17 45 23 18 78 9 71 39 65 38 5 71 34 78 64 62 23 99 6 26
74 74 74 74 74 74 74 74 74 74 74 74 74 74 74 74 74 74 74 74 74 74 74 74 74 74 74 74 74 74
r68 0.6173
37 47 8 61 62 88 19 8 97 60 27 12 38 28 78 70 88 16 70 60 43 48 21 97 63 20 98 82 86 87
68 68 68 68 68 68 68 68 68 68 68 68 68 68 68 68 68 68 68 68 68 68 68 68 68 68 68 68 68 68
r69 0.763591
71 76 88 57 91 89 51 48 13 56 81 36 34 48 25 43 18 77 81 59 93 75 22 10 74 99 92 58 67 12
84 84 84 84 84 84 84 84 84 84 84 84 84 84 84 84 84 84 84 84 84 84 84 84 84 84 84 84 84 84
r70 0.69081
69 85 75 58 36 20 66 87 96 95 19 45 17 57 55 89 35 14 79 10 32 81 76 28 73 34 91 81 18 24
62 62 62 62 62 62 62 62 62 62 62 62 62 62 62 62 62 62 62 62 62 62 62 62 62 62 62 62 62 62
r71 0.633885
34 35 37 49 97 22 45 89 36 82 6 85 35 87 17 44 66 19 68 47 91 89 18 22 77 91 33 96 53 13
5 5 5 5 5 5 5 5 5 5 5 5 5 5 5 5 5 5 5 5 5 5 5 5 5 5 5 5 5 5
r72 0.871538
34 31 37 51 68 26 79 48 27 61 78 14 73 19 72 85 80 17 76 69 30 90 46 21 23 39 66 31 36 45
67 67 67 67 67 67 67 67 67 67 67 67 67 67 67 67 67 67 67 67 67 67 67 67 67 67 67 67 67 67
r73 0.566885
99 17 33 23 91 76 42 53 51 52 23 63 21 8 40 33 76 6 55 67 44 68 85 78 34 14 14 74 76 74
42 42 42 42 42 42 42 42 42 42 42 42 42 42 42 42 42 42 42 42 42 42 42 42 42 42 42 42 42 42
r74 0.686479
68 90 75 44 33 25 88 77 40 51 93 44 83 24 17 84 74 79 28 43 62 98 69 68 12 41 41 78 75 13
62 62 62 62 62 62 62 62 62 62 62 62 62 62 62 62 62 62 62 62 62 62 62 62 62 62 62 62 62 62
r75 0.54513
34 83 29 54 68 98 86 16 88 27 94 12 40 78 79 16 98 22 70 96 83 38 5 24 74 78 95 80 40 38
76 76 76 76 76 76 76 76 76 76 76 76 76 76 76 76 76 76 76 76 76 76 76 76 76 76 76 76 76 76
r76 0.542902
97 17 81 95 99 92 83 26 83 88 61 58 67 73 56 81 40 49 64 74 49 84 45 25 76 25 60 14 93 27
25 25 25 25 25 25 25 25 25 25 25 25 25 25 25 25 25 25 25 25 25 25 25 25 25 25 25 25 25 25
r77 0.750015
6 85 35 91 66 57 71 54 15 30 21 80 78 94 21 25 58 87 69 39 32 89 15 50 47 22 43 66 42 31
97 97 97 97 97 97 97 97 97 97 97 97 97 97 97 97 97 97 97 97 97 97 97 97 97 97 97 97 97 97
r78 0.751029
33 28 74 82 95 25 92 22 38 70 95 32 86 17 86 73 82 22 97 68 33 47 12 47 83 70 84 11 68 21
19 19 19 19 19 19 19 19 19 19 19 19 19 19 19 19 19 19 19 19 19 19 19 19 19 19 19 19 19 19
r79 0.796963
89 72 37 11 64 54 45 31 46 72 17 59 55 82 38 73 80 98 98 24 11 45 99 76 26 10 41 42 25 31
79 79 79 79 79 79 79 79 79 79 79 79 79 79 79 79 79 79 79 79 79 79 79 79 79 79 79 79 79 79
r80 0.836485
16 17 60 62 54 86 9 27 99 60 74 78 90 47 58 88 45 75 91 85 71 65 11 77 6 46 94 30 25 5
28 28 28 28 28 28 28 28 28 28 28 28 28 28 28 28 28 28 28 28 28 28 28 28 28 28 28 28 28 28
r81 0.956773
83 91 61 70 95 83 66 52 57 41 42 97 95 28 42 67 19 25 38 79 31 12 78 69 6 8 90 98 28 24
13 13 13 13 13 13 13 13 13 13 13 13 13 13 13 13 13 13 13 13 13 13 13 13 13 13 13 13 13 13
r82 0.970529
69 74 8 49 37 55 98 73 90 95 65 18 35 29 32 55 63 9 78 67 79 48 69 79 38 67 7 54 72 11
61 61 61 61 61 61 61 61 61 61 61 61 61 61 61 61 61 61 61 61 61 61 61 61 61 61 61 61 61 61
r83 0.622646
64 82 11 17 78 80 7 70 42 20 5 67 44 55 27 48 34 89 24 77 55 98 12 23 98 58 87 9 19 26
82 82 82 82 82 82 82 82 82 82 82 82 82 82 82 82 82 82 82 82 82 82 82 82 82 82 82 82 82 82
r84 0.979165
88 88 78 65 90 49 5 7 49 67 46 97 86 87 31 72 11 5 28 7 9 43 5 62 30 6 73 51 83 52
52 52 52 52 52 52 52 52 52 52 52 52 52 52 52 52 52 52 52 52 52 52 52 52 52 52 52 52 52 52
r85 0.944508
27 31 27 68 31 29 18 90 68 12 73 55 38 46 58 38 66 57 39 9 57 96 31 59 69 78 39 19 27 5
51 51 51 51 51 51 51 51 51 51 51 51 51 51 51 51 51 51 51 51 51 51 51 51 51 51 51 51 51 51
r86 0.639198
71 15 55 92 25 43 60 32 16 12 62 54 63 92 20 20 31 24 70 24 51 29 88 26 60 99 45 61 48 86
85 85 85 85 85 85 85 85 85 85 85 85 85 85 85 85 85 85 85 85 85 85 85 85 85 85 85 85 85 85
r87 0.53772
37 8 18 75 61 42 87 65 99 41 28 91 54 44 22 73 14 41 21 35 27 39 90 23 79 48 66 63 33 77
56 56 56 56 56 56 56 56 56 56 56 56 56 56 56 56 56 56 56 56 56 56 56 56 56 56 56 56 56 56
r88 0.691848
67 41 39 9 25 99 9 59 25 95 13 61 15 81 67 48 95 97 67 31 84 86 11 33 49 66 61 24 22 24
97 97 97 97 97 97 97 97 97 97 97 97 97 97 97 97 97 97 97 97 97 97 97 97 97 97 97 97 97 97
r89 0.794648
33 89 78 29 90 37 49 82 45 10 92 24 69 38 19 66 5 45 48 83 48 76 33 14 34 49 29 54 46 13
12 12 12 12 12 12 12 12 12 12 12 12 12 12 12 12 12 12 12 12 12 12 12 12 12 12 12 12 12 12
r90 0.606804
85 95 81 23 42 64 63 47 53 82 17 86 93 75 84 36 20 67 79 91 92 86 23 41 12 72 82 17 79 50
12 12 12 12 12 12 12 12 12 12 12 12 12 12 12 12 12 12 12 12 12 12 12 12 12 12 12 12 12 12
r91 0.631774
88 79 83 49 40 27 98 22 36 84 13 9 68 44 24 33 20 16 25 6 34 62 13 98 41 26 74 87 30 35
30 30 30 30 30 30 30 30 30 30 30 30 30 30 30 30 30 30 30 30 30 30 30 30 30 30 30 30 30 30
r92 0.826335
10 60 47 32 58 61 64 39 69 65 5 10 84 33 26 92 50 24 26 9 33 21 46 51 90 30 73 23 52 80
30 30 30 30 30 30 30 30 30 30 30 30 30 30 30 30 30 30 30 30 30 30 30 30 30 30 30 30 30 30
r93 0.5866
69 84 87 30 45 27 92 10 24 97 87 49 23 79 94 43 98 99 68 19 42 16 7 64 81 25 16 61 47 68
94 94 94 94 94 94 94 94 94 94 94 94 94 94 94 94 94 94 94 94 94 94 94 94 94 94 94 94 94 94
r94 0.747678
81 38 87 5 30 89 24 25 76 68 43 56 60 78 54 56 43 65 90 51 67 51 32 84 62 86 31 27 77 39
68 68 68 68 68 68 68 68 68 68 68 68 68 68 68 68 68 68 68 68 68 68 68 68 68 68 68 68 68 68
r95 0.658154
55 56 95 45 72 20 18 38 56 69 90 31 20 46 70 81 36 18 45 79 43 27 41 29 50 60 98 85 28 53
55 55 55 55 55 55 55 55 55 55 55 55 55 55 55 55 55 55 55 55 55 55 55 55 55 55 55 55 55 55
r96 0.69852
50 18 74 63 31 9 19 96 94 42 13 40 12 86 68 23 32 47 61 51 80 82 96 37 80 78 60 33 33 33
35 35 35 35 35 35 35 35 35 35 35 35 35 35 35 35 35 35 35 35 35 35 35 35 35 35 35 35 35 35
r97 0.621178
6 39 73 10 50 66 99 87 74 36 92 61 96 15 85 40 71 33 17 53 29 49 33 5 6 58 33 35 88 6
76 76 76 76 76 76 76 76 76 76 76 76 76 76 76 76 76 76 76 76 76 76 76 76 76 76 76 76 76 76
r98 0.571659
46 91 85 12 87 73 79 20 65 37 13 75 19 48 43 47 60 88 68 6 18 68 8 71 94 38 60 95 14 43
36 36 36 36 36 36 36 36 36 36 36 36 36 36 36 36 36 36 36 36 36 36 36 36 36 36 36 36 36 36
r99 0.549617
18 60 19 86 36 32 48 68 40 20 82 81 55 29 38 43 93 40 56 58 43 28 52 76 80 48 82 23 76 35
50 50 50 50 50 50 50 50 50 50 50 50 50 50 50 50 50 50 50 50 50 50 50 50 50 50 50 50 50 50
r100 0.500436
62 73 24 89 18 88 26 34 70 7 84 92 41 25 82 76 76 40 19 96 88 90 76 33 72 92 9 5 39 90
88 88 88 88 88 88 88 88 88 88 88 88 88 88 88 88 88 88 88 88 88 88 88 88 88 88 88 88 88 88
r101 0.788978
12 82 71 92 9 97 60 11 78 52 47 98 31 20 72 66 34 68 51 21 42 79 86 34 80 86 68 68 71 62
25 25 25 25 25 25 25 25 25 25 25 25 25 25 25 25 25 25 25 25 25 25 25 25 25 25 25 25 25 25
r102 0.76367
91 71 48 88 31 52 64 75 91 62 6 12 34 67 38 98 19 52 40 90 38 66 71 21 31 36 87 85 56 62
30 30 30 30 30 30 30 30 30 30 30 30 30 30 30 30 30 30 30 30 30 30 30 30 30 30 30 30 30 30
r103 0.506857
70 33 56 19 89 31 11 52 29 15 78 92 45 76 8 92 13 93 30 71 61 43 98 92 30 80 46 88 10 86
18 18 18 18 18 18 18 18 18 18 18 18 18 18 18 18 18 18 18 18 18 18 18 18 18 18 18 18 18 18
r104 0.839502
70 87 6 93 90 53 23 97 31 12 43 5 12 35 10 97 58 77 59 96 72 48 24 52 89 9 55 75 22 25
87 87 87 87 87 87 87 87 87 87 87 87 87 87 87 87 87 87 87 87 87 87 87 87 87 87 87 87 87 87
r105 0.743959
85 75 95 38 93 89 61 97 32 58 9 63 64 6 21 38 57 14 10 98 33 54 87 37 6 60 52 26 44 36
31 31 31 31 31 31 31 31 31 31 31 31 31 31 31 31 31 31 31 31 31 31 31 31 31 31 31 31 31 31
r106 0.762301
23 59 96 12 20 93 40 74 94 95 35 96 13 68 50 22 70 48 48 21 33 80 23 88 29 44 29 58 70 53
64 64 64 64 64 64 64 64 64 64 64 64 64 64 64 64 64 64 64 64 64 64 64 64 64 64 64 64 64 64
r107 0.645728
58 93 24 48 30 90 43 22 22 36 30 85 81 44 52 30 87 69 58 65 87 43 89 28 64 47 94 14 9 76
18 18 18 18 18 18 18 18 18 18 18 18 18 18 18 18 18 18 18 18 18 18 18 18 18 18 18 18 18 18
r108 0.829865
34 10 91 25 45 13 39 76 35 22 58 75 69 80 62 35 35 27 22 73 17 46 37 56 37 46 60 13 56 19
75 75 75 75 75 75 75 75 75 75 75 75 75 75 75 75 75 75 75 75 75 75 75 75 75 75 75 75 75 75
r109 0.633714
63 7 62 69 42 39 99 59 92 71 25 69 31 56 99 53 70 72 62 13 6 19 42 44 71 51 95 86 23 77
8 8 8 8 8 8 8 8 8 8 8 8 8 8 8 8 8 8 8 8 8 8 8 8 8 8 8 8 8 8
r110 0.713363
65 47 22 99 44 73 88 12 93 57 38 46 56 87 14 25 46 22 23 57 60 59 29 8 54 12 23 32 15 96
9 9 9 9 9 9 9 9 9 9 9 9 9 9 9 9 9 9 9 9 9 9 9 9 9 9 9 9 9 9
r111 0.506696
26 72 77 91 57 84 81 12 23 28 60 7 37 81 48 51 96 98 11 56 24 11 7 31 29 34 41 23 38 13
56 56 56 56 56 56 56 56 56 56 56 56 56 56 56 56 56 56 56 56 56 56 56 56 56 56 56 56 56 56
r112 0.906249
33 44 32 14 26 39 32 46 94 31 75 72 72 26 66 70 30 22 89 36 24 20 58 51 53 73 81 58 29 35
33 33 33 33 33 33 33 33 33 33 33 33 33 33 33 33 33 33 33 33 33 33 33 33 33 33 33 33 33 33
r113 0.869167
60 66 92 91 91 38 82 22 13 52 86 32 18 56 57 35 42 85 51 54 43 94 7 16 73 58 37 8 86 89
74 74 74 74 74 74 74 74 74 74 74 74 74 74 74 74 74 74 74 74 74 74 74 74 74 74 74 74 74 74
r114 0.929889
67 37 41 5 16 55 11 63 42 38 76 93 90 8 36 75 52 82 16 46 85 24 19 40 57 19 26 43 89 64
91 91 91 91 91 91 91 91 91 91 91 91 91 91 91 91 91 91 91 91 91 91 91 91 91 91 91 91 91 91
r115 0.934894
29 53 9 80 59 68 22 92 41 12 79 45 43 52 92 23 63 35 8 79 47 40 36 61 61 72 47 22 60 98
15 15 15 15 15 15 15 15 15 15 15 15 15 15 15 15 15 15 15 15 15 15 15 15 15 15 15 15 15 15
r116 0.599143
16 65 8 76 82 93 18 89 72 58 30 24 47 48 79 74 48 59 21 83 87 78 41 59 25 55 20 21 62 5
62 62 62 62 62 62 62 62 62 62 62 62 62 62 62 62 62 62 62 62 62 62 62 62 62 62 62 62 62 62
r117 0.961276
62 47 41 55 60 30 25 15 52 41 54 92 21 28 40 72 45 20 59 20 53 16 37 5 28 50 62 28 12 33
82 82 82 82 82 82 82 82 82 82 82 82 82 82 82 82 82 82 82 82 82 82 82 82 82 82 82 82 82 82
r118 0.867904
23 22 32 45 42 42 93 79 88 85 92 16 23 64 53 35 20 65 81 31 98 81 54 45 41 74 53 69 56 20
41 41 41 41 41 41 41 41 41 41 41 41 41 41 41 41 41 41 41 41 41 41 41 41 41 41 41 41 41 41
r119 0.50079
68 17 72 7 10 48 87 87 40 98 7 96 49 38 16 14 16 40 9 89 89 50 30 61 95 91 17 15 32 84
44 44 44 44 44 44 44 44 44 44 44 44 44 44 44 44 44 44 44 44 44 44 44 44 44 44 44 44 44 44
r120 0.719648
13 91 98 56 78 85 88 74 85 84 23 23 93 29 31 33 31 20 22 76 43 75 68 34 88 78 59 69 19 51
62 62 62 62 62 62 62 62 62 62 62 62 62 62 62 62 62 62 62 62 62 62 62 62 62 62 62 62 62 62
r121 0.590017
57 79 21 39 68 90 24 49 10 39 42 35 65 70 58 78 85 34 21 57 97 50 45 72 9 11 86 53 65 14
91 91 91 91 91 91 91 91 91 91 91 91 91 91 91 91 91 91 91 91 91 91 91 91 91 91 91 91 91 91
r122 0.981315
9 54 51 92 73 92 97 13 35 29 70 97 82 48 79 13 61 37 7 9 74 71 13 78 58 58 40 64 46 55
47 47 47 47 47 47 47 47 47 47 47 47 47 47 47 47 47 47 47 47 47 47 47 47 47 47 47 47 47 47
r123 0.881402
93 40 77 86 34 82 18 56 50 12 35 90 84 44 52 21 43 56 87 15 61 65 65 17 6 26 58 53 69 9
57 57 57 57 57 57 57 57 57 57 57 57 57 57 57 57 57 57 57 57 57 57 57 57 57 57 57 57 57 57
r124 0.716794
31 42 71 11 55 27 56 60 57 43 44 93 90 57 34 43 44 44 97 7 6 14 5 27 67 53 88 69 10 48
10 10 10 10 10 10 10 10 10 10 10 10 10 10 10 10 10 10 10 10 10 10 10 10 10 10 10 10 10 10
r125 0.920228
73 42 38 95 90 90 50 34 34 40 21 86 69 57 30 10 51 29 11 60 29 31 24 77 19 85 79 59 88 13
42 42 42 42 42 42 42 42 42 42 42 42 42 42 42 42 42 42 42 42 42 42 42 42 42 42 42 42 42 42
r126 0.889172
72 54 38 62 96 64 91 36 80 74 98 37 96 8 83 26 15 40 50 38 57 25 52 42 99 12 27 12 46 84
55 55 55 55 55 55 55 55 55 55 55 55 55 55 55 55 55 55 55 55 55 55 55 55 55 55 55 55 55 55
r127 0.877187
85 72 31 49 60 59 29 34 57 59 30 61 39 51 68 72 94 6 29 19 50 63 15 54 86 23 95 70 70 10
97 97 97 97 97 97 97 97 97 97 97 97 97 97 97 97 97 97 97 97 97 97 97 97 97 97 97 97 97 97
r128 0.85594
25 99 37 76 25 63 34 76 89 87 16 37 52 83 28 53 9 39 95 67 50 50 53 65 42 20 32 48 17 82
22 22 22 22 22 22 22 22 22 22 22 22 22 22 22 22 22 22 22 22 22 22 22 22 22 22 22 22 22 22
r129 0.698299
55 11 95 15 37 72 99 24 80 34 68 60 54 18 64 89 13 31 39 58 77 96 96 92 28 41 7 7 58 36
80 80 80 80 80 80 80 80 80 80 80 80 80 80 80 80 80 80 80 80 80 80 80 80 80 80 80 80 80 80
r130 0.598277
72 21 71 41 17 87 21 43 55 73 93 65 34 82 74 58 18 32 35 14 25 24 37 61 26 36 20 55 13 22
86 86 86 86 86 86 86 86 86 86 86 86 86 86 86 86 86 86 86 86 86 86 86 86 86 86 86 86 86 86
r131 0.790363
58 22 51 42 35 89 90 9 79 55 38 61 29 88 74 54 23 80 71 43 14 30 61 45 42 16 53 59 98 34
93 93 93 93 93 93 93 93 93 93 93 93 93 93 93 93 93 93 93 93 93 93 93 93 93 93 93 93 93 93
r132 0.719971
41 87 75 27 77 76 7 30 12 60 51 95 35 97 19 12 69 54 22 94 15 62 36 27 16 87 22 42 77 67
82 82 82 82 82 82 82 82 82 82 82 82 82 82 82 82 82 82 82 82 82 82 82 82 82 82 82 82 82 82
r133 0.962042
57 38 32 31 37 57 38 92 5 33 24 98 44 32 67 93 46 58 9 8 86 28 16 73 42 53 51 9 32 61
58 58 58 58 58 58 58 58 58 58 58 58 58 58 58 58 58 58 58 58 58 58 58 58 58 58 58 58 58 58
r134 0.98902
82 13 28 36 46 18 37 74 34 35 16 58 94 9 99 52 10 8 35 30 19 5 64 65 48 68 89 10 24 71
93 93 93 93 93 93 93 93 93 93 93 93 93 93 93 93 93 93 93 93 93 93 93 93 93 93 93 93 93 93
r135 0.656534
19 38 25 32 70 92 58 5 8 17 91 9 16 40 12 16 70 34 28 70 94 85 19 59 74 21 78 46 14 80
25 25 25 25 25 25 25 25 25 25 25 25 25 25 25 25 25 25 25 25 25 25 25 25 25 25 25 25 25 25
r136 0.995701
43 52 80 35 8 77 35 20 68 39 28 8 43 37 70 73 57 40 64 42 51 23 13 67 94 51 74 71 72 94
81 81 81 81 81 81 81 81 81 81 81 81 81 81 81 81 81 81 81 81 81 81 81 81 81 81 81 81 81 81
r137 0.845478
58 42 47 32 72 59 92 11 79 92 47 13 62 17 65 94 76 99 46 91 13 10 82 59 76 53 28 71 31 35
15 15 15 15 15 15 15 15 15 15 15 15 15 15 15 15 15 15 15 15 15 15 15 15 15 15 15 15 15 15
r138 0.56502
54 13 44 10 5 48 84 92 90 93 51 7 55 46 75 55 84 63 60 86 46 16 63 91 40 34 23 67 41 99
40 40 40 40 40 40 40 40 40 40 40 40 40 40 40 40 40 40 40 40 40 40 40 40 40 40 40 40 40 40
r139 0.628728
79 92 10 24 73 95 14 63 43 13 19 84 83 66 65 44 23 52 85 34 12 76 66 41 91 34 74 88 66 61
93 93 93 93 93 93 93 93 93 93 93 93 93 93 93 93 93 93 93 93 93 93 93 93 93 93 93 93 93 93
r140 0.583313
95 62 23 87 71 82 31 77 93 12 57 56 70 96 74 19 81 5 26 55 64 59 43 90 33 31 56 86 21 93
36 36 36 36 36 36 36 36 36 36 36 36 36 36 36 36 36 36 36 36 36 36 36 36 36 36 36 36 36 36
r141 0.835371
51 93 21 30 21 93 23 29 50 71 91 44 42 10 22 43 31 72 99 82 13 89 15 39 42 93 53 32 29 59
80 80 80 80 80 80 80 80 80 80 80 80 80 80 80 80 80 80 80 80 80 80 80 80 80 80 80 80 80 80
r142 0.625172
96 98 69 86 18 90 36 85 78 72 27 83 90 62 11 62 61 88 70 47 95 7 84 88 52 17 14 11 89 81
55 55 55 55 55 55 55 55 55 55 55 55 55 55 55 55 55 55 55 55 55 55 55 55 55 55 55 55 55 55
r143 0.653721
21 68 90 8 96 72 81 69 91 64 59 54 67 18 12 55 81 55 50 83 36 35 32 45 44 35 34 23 85 13
94 94 94 94 94 94 94 94 94 94 94 94 94 94 94 94 94 94 94 94 94 94 94 94 94 94 94 94 94 94
r144 0.993446
81 7 73 53 84 39 45 48 93 94 16 8 98 63 84 53 11 64 85 41 91 30 78 26 57 96 9 65 90 8
39 39 39 39 39 39 39 39 39 39 39 39 39 39 39 39 39 39 39 39 39 39 39 39 39 39 39 39 39 39
r145 0.970596
12 22 89 43 62 35 33 53 46 36 52 6 21 97 12 77 82 49 69 10 27 87 59 20 91 24 7 91 58 71
97 97 97 97 97 97 97 97 97 97 97 97 97 97 97 97 97 97 97 97 97 97 97 97 97 97 97 97 97 97
r146 0.831619
83 97 51 18 30 97 56 62 49 58 75 46 62 49 26 11 18 28 30 98 82 42 86 98 45 78 54 16 72 16
97 97 97 97 97 97 97 97 97 97 97 97 97 97 97 97 97 97 97 97 97 97 97 97 97 97 97 97 97 97
r147 0.699735
46 69 36 43 22 93 84 75 65 27 38 15 45 41 25 68 64 23 47 6 7 46 43 80 95 52 49 8 49 99
14 14 14 14 14 14 14 14 14 14 14 14 14 14 14 14 14 14 14 14 14 14 14 14 14 14 14 14 14 14
r148 0.711782
46 33 83 36 14 55 94 37 85 9 77 24 26 43 83 42 85 81 44 31 25 21 23 69 65 24 18 61 33 9
27 27 27 27 27 27 27 27 27 27 27 27 27 27 27 27 27 27 27 27 27 27 27 27 27 27 27 27 27 27
r149 0.915654
10 8 44 60 97 73 43 98 50 62 24 88 45 58 71 23 97 94 40 15 18 9 75 37 23 37 62 24 56 34
53 53 53 53 53 53 53 53 53 53 53 53 53 53 53 53 53 53 53 53 53 53 53 53 53 53 53 53 53 53
r150 0.918002
89 18 34 62 56 32 10 15 48 90 55 7 61 71 96 56 11 12 66 16 79 98 31 13 57 50 64 86 95 22
23 23 23 23 23 23 23 23 23 23 23 23 23 23 23 23 23 23 23 23 23 23 23 23 23 23 23 23 23 23
r151 0.79971
49 41 84 73 43 95 22 34 47 24 90 15 20 43 22 24 9 30 99 99 53 12 57 95 69 40 87 86 56 69
19 19 19 19 19 19 19 19 19 19 19 19 19 19 19 19 19 19 19 19 19 19 19 19 19 19 19 19 19 19
r152 0.755833
96 74 46 88 88 75 32 12 63 43 24 6 57 44 11 82 40 10 32 47 59 27 13 95 14 95 51 79 11 48
79 79 79 79 79 79 79 79 79 79 79 79 79 79 79 79 79 79 79 79 79 79 79 79 79 79 79 79 79 79
r153 0.797438
25 87 10 96 20 14 56 58 34 57 15 70 60 89 10 63 21 49 22 43 58 14 49 53 57 25 59 6 99 59
20 20 20 20 20 20 20 20 20 20 20 20 20 20 20 20 20 20 20 20 20 20 20 20 20 20 20 20 20 20
r154 0.800553
26 18 61 32 69 16 58 23 23 28 79 12 30 39 25 75 56 60 33 63 10 78 20 30 34 21 30 85 37 47
32 32 32 32 32 32 32 32 32 32 32 32 32 32 32 32 32 32 32 32 32 32 32 32 32 32 32 32 32 32
r155 0.687338
85 82 26 97 41 41 17 61 20 25 87 51 42 59 8 98 87 63 8 62 78 33 91 92 55 77 29 97 6 79
54 54 54 54 54 54 54 54 54 54 54 54 54 54 54 54 54 54 54 54 54 54 54 54 54 54 54 54 54 54
r156 0.89159
75 80 91 17 93 50 29 15 37 76 52 91 76 50 75 39 50 37 14 79 25 6 31 94 27 29 95 98 78 79
57 57 57 57 57 57 57 57 57 57 57 57 57 57 57 57 57 57 57 57 57 57 57 57 57 57 57 57 57 57
r157 0.813572
45 60 49 90 81 56 24 57 9 12 30 51 82 61 97 16 68 73 37 69 99 31 92 25 24 90 96 98 44 44
54 54 54 54 54 54 54 54 54 54 54 54 54 54 54 54 54 54 54 54 54 54 54 54 54 54 54 54 54 54
r158 0.507054
96 72 80 52 92 35 53 99 60 97 79 19 94 90 82 64 24 48 60 48 40 81 67 28 74 62 64 18 13 46
17 17 17 17 17 17 17 17 17 17 17 17 17 17 17 17 17 17 17 17 17 17 17 17 17 17 17 17 17 17
r159 0.863156
89 54 8 24 7 99 77 99 75 88 90 66 70 54 82 18 12 27 51 85 86 71 59 48 35 72 54 77 81 58
88 88 88 88 88 88 88 88 88 88 88 88 88 88 88 88 88 88 88 88 88 88 88 88 88 88 88 88 88 88
r160 0.742412
91 84 12 87 58 8 63 46 91 26 16 42 8 26 49 31 69 34 14 40 88 58 71 57 12 48 35 62 33 95
67 67 67 67 67 67 67 67 67 67 67 67 67 67 67 67 67 67 67 67 67 67 67 67 67 67 67 67 67 67
r161 0.643307
71 8 37 71 63 75 62 84 83 5 85 9 49 13 74 76 22 14 61 72 77 19 76 22 46 39 50 38 98 66
17 17 17 17 17 17 17 17 17 17 17 17 17 17 17 17 17 17 17 17 17 17 17 17 17 17 17 17 17 17
r162 0.699579
46 37 30 21 92 12 96 92 89 6 38 97 72 14 16 78 71 84 56 82 60 73 28 91 21 62 86 79 71 52
46 46 46 46 46 46 46 46 46 46 46 46 46 46 46 46 46 46 46 46 46 46 46 46 46 46 46 46 46 46
r163 0.669294
69 28 74 76 25 63 65 23 96 59 87 11 70 65 74 51 18 56 9 84 76 92 5 35 79 79 99 28 23 14
7 7 7 7 7 7 7 7 7 7 7 7 7 7 7 7 7 7 7 7 7 7 7 7 7 7 7 7 7 7
r164 0.810488
76 60 57 36 22 72 33 76 59 36 43 25 10 90 35 58 91 19 34 83 16 65 62 88 64 83 8 70 85 90
7 7 7 7 7 7 7 7 7 7 7 7 7 7 7 7 7 7 7 7 7 7 7 7 7 7 7 7 7 7
r165 0.770448
57 90 64 29 20 40 81 51 78 6 53 65 33 11 56 45 41 40 56 98 94 41 59 74 44 29 60 31 28 16
73 73 73 73 73 73 73 73 73 73 73 73 73 73 73 73 73 73 73 73 73 73 73 73 73 73 73 73 73 73
r166 0.753092
37 99 19 69 80 62 48 78 16 10 11 22 59 48 55 91 5 50 85 38 9 60 75 30 17 6 51 28 75 28
26 26 26 26 26 26 26 26 26 26 26 26 26 26 26 26 26 26 26 26 26 26 26 26 26 26 26 26 26 26
r167 0.700435
40 74 99 98 19 74 11 21 78 25 75 26 76 66 23 23 49 57 25 9 29 50 18 30 93 41 97 19 59 99
38 38 38 38 38 38 38 38 38 38 38 38 38 38 38 38 38 38 38 38 38 38 38 38 38 38 38 38 38 38
r168 0.560705
35 90 84 9 93 5 82 18 76 9 86 42 27 10 86 76 30 87 5 72 5 28 66 38 22 80 93 21 15 85
86 86 86 86 86 86 86 86 86 86 86 86 86 86 86 86 86 86 86 86 86 86 86 86 86 86 86 86 86 86
r169 0.654933
70 50 62 71 29 75 47 30 62 84 53 64 68 26 89 52 24 58 53 47 21 83 61 93 76 78 9 58 64 49
27 27 27 27 27 27 27 27 27 27 27 27 27 27 27 27 27 27 27 27 27 27 27 27 27 27 27 27 27 27
r170 0.718354
84 6 21 57 48 46 19 29 91 78 89 15 64 42 34 19 87 73 36 70 34 29 44 12 30 94 69 75 22 99
63 63 63 63 63 63 63 63 63 63 63 63 63 63 63 63 63 63 63 63 63 63 63 63 63 63 63 63 63 63
r171 0.840234
79 55 42 23 66 66 11 41 53 18 97 90 47 17 77 17 45 44 44 66 83 51 92 78 17 64 92 13 27 87
10 10 10 10 10 10 10 10 10 10 10 10 10 10 10 10 10 10 10 10 10 10 10 10 10 10 10 10 10 10
r172 0.738435
47 19 6 11 25 40 59 36 37 46 75 46 20 88 83 59 32 50 43 75 39 18 88 95 10 93 22 92 99 18
32 32 32 32 32 32 32 32 32 32 32 32 32 32 32 32 32 32 32 32 32 32 32 32 32 32 32 32 32 32
r173 0.994936
31 49 50 66 5 81 95 46 56 42 61 41 22 18 68 64 53 41 98 66 26 93 68 19 13 57 18 26 82 57
51 51 51 51 51 51 51 51 51 51 51 51 51 51 51 51 51 51 51 51 51 51 51 51 51 51 51 51 51 51
r174 0.938528
96 71 99 74 66 45 27 5 99 64 23 17 29 82 62 65 78 28 86 68 88 6 73 45 16 92 24 68 43 32
67 67 67 67 67 67 67 67 67 67 67 67 67 67 67 67 67 67 67 67 67 67 67 67 67 67 67 67 67 67
r175 0.85559
66 7 59 8 29 56 7 88 74 16 18 54 70 75 29 93 62 89 78 60 63 24 71 52 40 40 90 65 99 23
60 60 60 60 60 60 60 60 60 60 60 60 60 60 60 60 60 60 60 60 60 60 60 60 60 60 60 60 60 60
r176 0.925949
19 65 46 71 65 35 42 73 45 88 44 20 14 34 74 99 13 34 59 29 6 11 64 38 93 29 37 16 85 94
33 33 33 33 33 33 33 33 33 33 33 33 33 33 33 33 33 33 33 33 33 33 33 33 33 33 33 33 33 33
r177 0.889359
74 64 24 6 99 93 43 84 37 56 94 66 30 90 71 60 49 95 58 52 60 91 45 81 28 53 66 22 78 60
73 73 73 73 73 73 73 73 73 73 73 73 73 73 73 73 73 73 73 73 73 73 73 73 73 73 73 73 73 73
r178 0.903082
93 51 17 83 89 97 17 42 88 75 68 78 47 25 24 42 75 71 94 66 13 76 86 61 39 5 39 91 73 83
13 13 13 13 13 13 13 13 13 13 13 13 13 13 13 13 13 13 13 13 13 13 13 13 13 13 13 13 13 13
r179 0.741288
25 46 21 19 55 55 7 31 23 80 73 40 96 12 15 67 7 73 72 75 56 33 11 56 64 98 27 45 8 85
71 71 71 71 71 71 71 71 71 71 71 71 71 71 71 71 71 71 71 71 71 71 71 71 71 71 71 71 71 71
r180 0.881389
84 37 79 40 39 10 55 17 75 91 13 83 98 73 82 69 45 54 25 71 60 74 32 55 96 72 55 78 44 73
7 7 7 7 7 7 7 7 7 7 7 7 7 7 7 7 7 7 7 7 7 7 7 7 7 7 7 7 7 7
r181 0.868094
79 60 44 81 16 53 57 99 62 37 94 32 16 63 72 65 81 40 22 55 68 70 51 40 25 26 76 90 26 5
95 95 95 95 95 95 95 95 95 95 95 95 95 95 95 95 95 95 95 95 95 95 95 95 95 95 95 95 95 95
r182 0.812486
37 78 68 85 35 67 44 64 62 71 72 22 41 34 98 76 52 50 44 19 93 77 36 20 53 27 41 50 22 38
11 11 11 11 11 11 11 11 11 11 11 11 11 11 11 11 11 11 11 11 11 11 11 11 11 11 11 11 11 11
r183 0.959129
71 37 44 39 76 8 93 48 76 12 84 10 11 57 54 53 97 68 47 71 97 59 24 24 95 70 38 33 73 88
41 41 41 41 41 41 41 41 41 41 41 41 41 41 41 41 41 41 41 41 41 41 41 41 41 41 41 41 41 41
r184 0.762371
80 75 93 81 68 38 54 76 19 56 79 72 8 32 66 68 71 37 65 30 53 84 22 23 23 50 91 8 84 33
25 25 25 25 25 25 25 25 25 25 25 25 25 25 25 25 25 25 25 25 25 25 25 25 25 25 25 25 25 25
r185 0.817051
15 45 69 49 91 42 60 48 18 29 51 42 87 19 14 21 80 36 70 61 54 88 79 96 77 82 80 7 99 45
7 7 7 7 7 7 7 7 7 7 7 7 7 7 7 7 7 7 7 7 7 7 7 7 7 7 7 7 7 7
r186 0.932405
71 56 71 10 13 19 23 38 62 61 22 76 67 39 53 98 9 15 52 89 86 49 63 69 29 65 65 66 65 72
46 46 46 46 46 46 46 46 46 46 46 46 46 46 46 46 46 46 46 46 46 46 46 46 46 46 46 46 46 46
r187 0.985613
17 39 34 28 57 64 85 15 81 58 74 20 12 73 21 19 22 8 5 66 66 66 88 29 32 51 89 96 89 22
22 22 22 22 22 22 22 22 22 22 22 22 22 22 22 22 22 22 22 22 22 22 22 22 22 22 22 22 22 22
r188 0.633689
51 26 8 12 8 18 88 59 85 6 63 58 19 77 75 22 74 39 81 41 24 10 65 67 91 61 57 10 75 55
59 59 59 59 59 59 59 59 59 59 59 59 59 59 59 59 59 59 59 59 59 59 59 59 59 59 59 59 59 59
r189 0.669877
59 30 74 72 16 33 54 14 91 12 28 68 80 43 40 16 24 76 35 26 38 94 14 91 51 16 67 99 67 82
70 70 70 70 70 70 70 70 70 70 70 70 70 70 70 70 70 70 70 70 70 70 70 70 70 70 70 70 70 70
r190 0.693692
44 91 21 73 45 27 61 50 47 27 30 85 62 38 6 35 65 27 68 59 33 59 8 45 23 99 9 6 69 31
11 11 11 11 11 11 11 11 11 11 11 11 11 11 11 11 11 11 11 11 11 11 11 11 11 11 11 11 11 11
r191 0.613189
27 75 59 49 37 9 88 59 31 74 18 64 75 48 26 95 16 81 25 67 84 65 83 80 67 84 49 93 90 54
12 12 12 12 12 12 12 12 12 12 12 12 12 12 12 12 12 12 12 12 12 12 12 12 12 12 12 12 12 12
r192 0.827513
66 55 59 68 43 15 94 14 28 56 82 71 77 77 79 58 94 43 39 57 26 19 24 10 60 17 92 12 24 98
34 34 34 34 34 34 34 34 34 34 34 34 34 34 34 34 34 34 34 34 34 34 34 34 34 34 34 34 34 34
r193 0.705907
88 50 89 95 45 95 23 93 77 86 70 51 62 26 46 5 60 98 27 72 22 29 29 31 19 36 47 17 65 29
63 63 63 63 63 63 63 63 63 63 63 63 63 63 63 63 63 63 63 63 63 63 63 63 63 63 63 63 63 63
r194 0.747666
49 45 17 44 60 10 22 43 72 68 5 93 11 98 51 9 22 23 23 46 47 49 57 76 91 67 41 21 30 84
88 88 88 88 88 88 88 88 88 88 88 88 88 88 88 88 88 88 88 88 88 88 88 88 88 88 88 88 88 88
r195 0.64984
97 15 82 99 29 22 71 90 20 62 96 18 13 98 35 28 21 73 67 63 28 43 54 90 77 67 17 61 52 83
79 79 79 79 79 79 79 79 79 79 79 79 79 79 79 79 79 79 79 79 79 79 79 79 79 79 79 79 79 79
r196 0.65716
58 45 20 76 14 7 91 68 95 6 76 93 33 96 12 6 63 70 26 99 21 16 73 81 28 31 30 8 10 72
94 94 94 94 94 94 94 94 94 94 94 94 94 94 94 94 94 94 94 94 94 94 94 94 94 94 94 94 94 94
r197 0.72684
11 40 20 13 28 83 5 29 56 94 57 52 98 55 13 68 77 9 81 85 77 59 14 5 85 14 10 54 5 66
63 63 63 63 63 63 63 63 63 63 63 63 63 63 63 63 63 63 63 63 63 63 63 63 63 63 63 63 63 63
r198 0.89704
79 16 26 59 17 50 16 8 99 60 6 55 65 66 29 66 44 14 40 99 20 40 84 30 43 38 30 9 93 34
8 8 8 8 8 8 8 8 8 8 8 8 8 8 8 8 8 8 8 8 8 8 8 8 8 8 8 8 8 8
r199 0.511131
29 29 51 72 37 54 71 92 55 23 55 18 47 21 58 57 57 57 69 89 38 94 32 68 22 37 61 48 40 31
85 85 85 85 85 85 85 85 85 85 85 85 85 85 85 85 85 85 85 85 85 85 85 85 85 85 85 85 85 85
r200 0.564367
37 33 87 83 97 76 36 20 28 49 60 45 7 14 94 56 78 83 89 70 16 57 87 45 19 32 80 42 17 41
92 92 92 92 92 92 92 92 92 92 92 92 92 92 92 92 92 92 92 92 92 92 92 92 92 92 92 92 92 92
