200 30 6 1 10
0 0.25
32803 35967 30260 33488 31317 32382 33032 39498 38074 35596 35273 44160 39916 36184 40010 31413 30920 31122 44540 37480 43029 36983 42819 41867 36189 36746 30180 35866 38563 38819
w1 0.5
3866 4286 3380 4354 2603 2762 1739 3453 2189 1687 2726 4349 2603 3262 2711 4369 4183 3833 3909 3015 2215 2245 4187 2082 2786 1933 2262 2652 4497 2433
w2 0.5
4215 2571 3152 4422 4026 1766 2013 2979 2455 2200 4205 2656 3655 3320 4219 3524 3003 3905 3286 1870 1620 4031 1557 2202 2317 2343 3316 3821 2692 4249
w3 0.5
2407 2320 2597 2681 1846 3215 3194 3325 4171 3894 3382 2679 3050 2202 2399 2074 4057 1804 4212 1780 1924 3743 1837 2978 1912 2680 1794 4233 4224 1543
w4 0.5
2132 2363 2127 3665 3061 3843 2360 2238 3866 1754 4120 2045 3656 2175 2944 4231 2084 3248 3943 2364 4024 3539 3054 2502 3951 1586 2796 4037 4311 2839
w5 0.5
2295 4054 4195 4460 2967 3890 2320 3705 3256 2575 3678 4153 2083 1705 2598 2166 2289 1698 1610 3506 1575 4001 2060 2577 3804 2146 4226 3341 1957 2917
w6 0.5
2752 2472 2808 2713 4291 2198 3885 3497 4306 2312 3027 3959 2896 3232 2409 3562 4021 2608 4024 3027 2683 3525 3939 4112 3182 1586 3838 2023 2043 2256
w7 0.5
3648 3580 1944 2213 3371 2994 1598 2720 2800 2411 4247 2612 3807 3331 3521 2869 3205 1981 2394 2084 3516 1771 1524 3129 3453 1610 2819 4329 2505 3927
w8 0.5
2005 3007 4262 2718 2231 2756 3169 3803 4409 4080 3903 2521 3739 2734 1894 2460 4439 2728 3706 2024 1744 3978 2400 3725 3283 2510 2045 3112 3867 4472
w9 0.5
4373 3332 2192 2943 4415 3800 1612 3718 3709 1544 3121 2082 3783 1708 2829 1744 1999 4057 3950 2523 4301 3780 3775 3879 2564 1785 4424 4176 1505 1748
w10 0.5
4378 3580 3150 3173 3495 2451 3286 3066 2012 3330 1687 2595 2614 2247 4276 3210 2747 3833 3012 4122 3986 2645 3398 3365 3709 4035 3641 3737 4040 3890
r1 0.989447
5 98 39 33 26 90 99 99 97 98 96 83 71 12 28 33 57 28 10 75 73 63 86 59 99 74 23 26 34 66
12 32 62 43 60 83 33 56 79 30 54 72 14 25 76 34 50 33 54 53 9 24 16 87 78 12 61 94 31 88
r2 0.847713
20 22 73 72 98 6 28 77 28 74 50 34 95 26 64 42 52 15 90 53 35 99 40 10 8 93 99 34 81 57
64 93 74 37 65 69 35 85 47 59 60 89 88 52 12 49 89 59 57 80 12 87 76 47 92 79 38 89 14 19
r3 0.582778
10 17 8 70 82 38 53 26 89 10 15 75 57 22 24 43 77 76 20 81 60 91 26 53 71 59 42 77 70 80
47 75 92 47 43 74 78 91 95 67 93 7 42 50 25 59 85 94 32 6 72 85 89 93 38 60 52 72 34 20
r4 0.51076
90 41 21 30 16 94 18 8 59 11 11 96 56 28 52 42 22 77 40 89 62 29 80 92 82 32 61 16 44 10
85 35 46 99 57 54 93 71 58 52 77 64 46 34 87 90 68 6 67 8 87 29 29 67 21 11 92 77 23 36
r5 0.908419
63 26 99 21 75 90 87 33 42 64 89 80 90 76 71 55 74 35 55 62 60 80 29 73 86 21 51 6 50 30
99 13 51 98 29 27 88 13 52 28 73 42 5 60 15 71 16 85 7 63 47 59 43 68 32 27 82 75 25 32
r6 0.625236
40 46 20 62 65 5 70 18 28 43 52 26 96 62 89 9 47 91 67 86 47 8 52 72 27 34 47 44 61 45
64 93 87 76 55 49 76 26 62 97 61 14 23 57 72 12 58 16 96 26 95 43 26 47 15 48 73 55 84 34
r7 0.732443
27 76 21 75 26 93 96 80 87 57 90 10 12 59 17 65 67 10 86 62 46 9 6 53 49 74 8 34 5 93
74 25 69 91 95 87 81 91 68 68 45 58 73 52 14 82 15 76 85 93 36 31 98 34 79 47 6 80 76 98
r8 0.883547
23 39 39 15 27 20 98 90 80 41 45 53 88 51 32 95 24 14 89 52 40 87 82 17 31 80 89 5 78 62
51 94 93 82 6 20 97 5 7 77 41 44 27 26 90 51 22 12 61 11 59 93 90 38 7 18 18 91 18 89
r9 0.926639
80 44 46 81 59 40 81 59 14 19 95 36 38 86 80 52 93 38 55 49 31 45 83 34 58 96 25 72 82 71
33 62 15 72 44 66 9 22 22 19 34 18 47 67 96 27 19 86 60 66 35 84 11 15 15 61 12 32 30 86
r10 0.653386
49 7 28 85 66 32 99 83 43 33 93 86 92 89 10 8 72 66 69 8 47 72 18 54 31 22 81 56 6 74
12 50 76 32 32 42 57 31 26 95 57 19 81 46 6 87 47 73 50 16 73 89 81 84 43 12 98 21 63 99
r11 0.538536
46 67 95 70 9 52 97 27 48 51 39 26 89 40 13 36 10 55 48 76 44 26 60 82 33 55 99 91 52 89
56 93 53 52 61 58 96 55 80 44 6 16 63 90 51 68 27 54 24 67 30 60 88 82 43 21 37 39 9 81
r12 0.923606
72 71 10 33 29 6 83 6 43 84 18 98 71 61 66 90 15 85 57 37 43 42 19 81 55 49 17 57 30 34
15 97 5 20 30 26 18 13 25 53 89 35 51 61 88 15 48 96 92 98 33 35 40 45 13 88 89 22 45 16
r13 0.8623
14 49 64 36 68 77 42 88 28 31 20 71 84 8 81 33 99 71 28 30 6 60 70 15 48 59 32 85 70 76
37 76 26 96 13 86 71 50 74 91 73 86 59 58 89 41 83 86 9 11 13 10 66 78 20 12 34 45 92 96
r14 0.860615
73 39 23 78 25 86 28 91 74 93 77 34 51 64 67 31 47 71 34 55 76 96 30 89 5 59 34 92 55 47
16 25 79 32 98 99 18 23 88 88 17 65 22 60 26 81 87 65 52 21 17 28 14 42 14 14 96 40 99 49
r15 0.967609
69 59 42 68 58 53 86 43 38 95 9 52 56 27 33 43 85 80 56 97 5 66 40 12 72 33 47 68 77 27
79 44 81 18 9 37 66 90 75 96 86 76 48 39 99 76 77 84 53 33 78 54 91 18 61 61 47 5 29 21
r16 0.771294
57 9 19 61 38 77 49 14 74 32 85 22 66 81 91 43 62 44 68 41 90 57 51 48 18 93 49 42 12 69
46 64 70 57 23 9 34 67 18 8 94 95 26 60 77 17 95 39 53 63 72 44 20 24 84 33 14 30 71 21
r17 0.802436
78 65 63 96 66 92 60 79 96 54 74 19 11 48 28 6 83 76 61 52 17 77 71 94 7 81 24 70 94 16
76 69 73 39 62 39 32 22 18 25 71 84 39 77 33 59 75 13 32 37 60 42 14 29 36 13 10 52 79 96
r18 0.652753
66 36 87 28 70 16 46 80 36 14 65 67 84 90 26 59 95 53 91 52 90 97 76 26 11 78 74 82 75 34
34 41 66 18 61 33 29 99 14 60 11 71 27 90 58 48 46 53 94 35 5 84 32 74 8 35 52 74 17 27
r19 0.683062
60 69 57 22 98 82 18 9 39 24 72 59 11 30 7 50 78 93 80 75 78 12 49 78 43 97 52 52 21 55
88 77 22 46 91 17 25 6 18 59 23 85 18 29 15 18 71 85 11 51 60 81 56 7 59 94 96 8 43 17
r20 0.886601
86 73 70 77 85 90 79 95 46 97 80 57 23 90 67 90 75 70 41 32 49 92 31 5 83 24 9 24 37 63
51 23 33 18 93 15 8 72 10 46 66 85 95 84 75 62 71 47 30 13 71 74 97 95 74 78 19 78 97 48
r21 0.898626
67 63 58 60 73 58 29 78 99 90 63 95 71 35 54 43 74 79 48 43 50 45 35 22 20 49 92 17 93 31
57 57 89 12 14 60 65 38 38 65 25 94 57 91 26 8 31 93 80 74 36 30 20 66 47 35 12 40 45 97
r22 0.820603
54 49 7 63 9 67 93 40 29 15 34 81 99 52 82 30 45 62 5 76 87 17 39 32 44 44 64 81 41 27
76 91 68 78 51 70 42 42 10 67 49 36 45 48 83 27 74 26 84 71 97 69 83 34 96 24 73 60 6 14
r23 0.847039
97 44 52 46 14 89 80 19 53 29 47 94 73 28 21 47 49 98 15 43 67 93 69 60 14 42 17 15 49 91
84 43 35 33 84 42 23 64 53 68 89 96 62 59 21 76 6 65 74 16 5 38 6 70 93 12 9 10 23 53
r24 0.885818
92 25 33 73 62 48 35 13 16 21 9 71 75 22 47 76 82 18 84 82 48 82 49 38 89 54 40 9 99 33
6 88 50 34 62 10 74 92 18 85 13 19 56 80 36 95 56 15 13 37 89 56 16 39 86 97 88 26 99 87
r25 0.947167
73 97 31 35 7 5 24 17 82 29 31 39 9 59 31 57 69 37 86 58 88 97 89 75 91 77 93 90 62 48
90 35 42 21 62 41 21 78 53 96 7 76 32 8 35 58 60 99 90 43 54 76 37 44 48 28 18 41 19 72
r26 0.612997
7 23 23 61 59 36 39 9 32 38 80 59 41 15 18 93 11 8 36 58 76 68 97 24 92 15 61 8 83 42
12 82 58 27 44 14 59 75 19 83 14 94 43 50 7 53 44 10 56 72 63 33 41 60 49 30 68 10 33 48
r27 0.773042
27 98 60 66 12 16 39 23 94 48 15 34 90 17 82 34 19 36 99 78 64 37 35 10 62 95 13 87 43 53
24 66 48 76 29 52 84 60 71 79 8 81 13 94 90 88 25 9 24 24 79 80 56 15 85 15 7 93 97 46
r28 0.959647
9 86 87 30 39 72 86 7 48 86 80 53 80 70 41 98 71 60 22 51 40 71 58 26 81 60 16 76 98 55
90 7 41 77 30 72 46 13 74 89 94 51 43 72 18 76 70 85 37 87 33 69 55 86 87 37 46 99 10 45
r29 0.985173
44 87 69 66 60 16 74 31 5 66 75 40 38 88 14 8 73 43 87 6 12 43 84 95 72 31 91 77 68 42
72 9 26 41 71 78 49 42 7 47 8 77 82 41 65 88 44 36 31 29 37 39 67 22 31 39 45 19 16 13
r30 0.540699
14 74 21 80 53 63 23 55 10 23 29 84 60 89 73 96 25 99 25 55 38 84 69 61 23 11 75 34 16 25
14 25 95 28 6 48 86 21 95 91 39 24 72 91 10 45 85 28 45 7 78 75 87 44 34 10 50 6 37 58
r31 0.555338
78 22 66 79 62 49 92 54 37 29 70 10 20 75 50 97 98 87 5 73 63 84 14 89 86 56 90 23 14 17
59 88 34 22 64 88 67 54 42 96 78 12 6 90 80 49 88 78 36 85 49 91 69 55 80 52 12 71 68 21
r32 0.558394
6 15 44 66 95 8 20 38 5 90 42 6 80 22 47 65 93 79 50 39 67 16 89 48 64 96 16 32 15 91
51 16 98 87 74 94 91 86 29 91 76 66 89 54 81 37 19 74 13 62 13 75 70 94 20 31 91 31 55 98
r33 0.977974
14 18 89 81 9 77 64 33 68 41 92 54 87 73 83 98 44 91 57 49 64 28 43 79 51 31 11 7 29 26
5 36 36 86 17 41 63 76 69 28 14 58 78 93 31 58 92 67 47 49 16 11 69 55 85 21 78 88 20 8
r34 0.66083
39 43 99 48 79 62 24 45 86 31 99 61 24 27 16 13 90 58 58 6 61 24 53 47 37 32 32 49 35 39
62 66 74 61 14 53 20 30 90 6 56 89 59 73 17 71 81 7 26 36 5 83 56 51 27 85 78 54 35 10
r35 0.795927
71 59 50 77 9 65 7 95 64 56 81 20 29 90 86 10 89 10 42 90 88 90 41 15 75 16 61 10 21 44
94 84 95 44 61 5 7 63 92 66 19 70 81 40 61 65 46 50 70 80 37 55 70 73 62 45 84 20 48 97
r36 0.793755
81 55 79 42 52 81 98 41 47 14 11 28 50 64 85 88 12 52 68 44 7 38 18 61 75 94 77 23 92 33
61 70 83 40 10 32 21 8 65 60 14 69 80 56 33 66 44 40 18 9 80 18 42 90 71 15 81 48 33 70
r37 0.888657
41 57 26 46 82 42 49 47 94 55 16 75 12 42 41 48 77 51 53 54 61 87 41 33 97 23 76 31 88 50
17 26 5 39 67 82 73 13 26 68 64 38 43 68 72 76 16 46 24 61 96 81 49 34 14 46 49 82 69 35
r38 0.526022
56 30 18 21 9 83 29 30 51 85 60 86 53 32 62 62 74 79 23 67 60 64 96 69 11 43 48 72 73 73
51 26 98 64 42 7 48 67 30 91 49 85 75 95 15 34 57 84 13 72 48 68 37 41 34 40 79 78 12 49
r39 0.898175
71 47 20 13 46 60 72 71 49 22 54 24 17 64 53 66 48 62 35 91 27 67 29 57 99 9 35 9 53 78
60 24 22 72 30 64 30 97 32 74 19 81 90 28 45 43 86 85 97 19 73 25 81 98 74 78 99 6 82 52
r40 0.903773
69 94 11 94 58 36 91 85 7 8 64 92 28 9 33 12 87 30 26 57 47 99 55 21 77 54 22 56 99 94
90 65 88 97 59 43 30 47 25 33 47 84 25 71 86 53 75 70 76 96 27 20 95 75 34 70 26 48 26 25
r41 0.914734
85 27 11 41 62 36 84 83 64 31 67 82 94 50 35 69 20 8 62 43 24 55 18 53 22 39 96 43 57 36
52 39 55 55 76 18 87 57 96 48 80 60 30 72 11 58 38 23 58 96 58 77 48 71 27 65 8 21 5 57
r42 0.681501
91 99 5 64 14 84 18 10 33 94 63 55 66 66 10 99 84 64 92 43 38 40 11 61 5 11 74 98 63 23
48 52 19 48 13 29 33 27 31 58 18 89 13 76 52 19 75 37 78 65 72 16 97 75 69 95 82 40 93 42
r43 0.973224
86 70 84 92 91 14 19 22 67 32 9 76 8 56 87 75 85 62 37 57 73 35 33 40 27 12 75 20 46 31
56 30 93 37 22 84 44 33 6 11 57 7 79 57 59 63 29 44 25 62 94 91 89 24 31 16 28 98 28 69
r44 0.556566
91 19 13 10 98 52 38 97 56 87 99 32 44 55 91 69 95 16 28 89 7 17 10 30 25 33 26 48 94 47
24 86 62 32 88 57 77 27 54 30 11 51 57 51 6 45 17 93 57 40 79 56 52 84 79 72 17 5 20 12
r45 0.723138
90 98 63 78 56 37 97 10 59 9 56 17 55 55 57 67 48 11 99 28 60 51 12 36 20 25 33 32 29 72
63 19 71 23 89 24 56 87 29 12 91 78 24 43 30 74 7 73 77 6 96 34 49 6 65 61 23 93 88 47
r46 0.912052
58 34 66 44 53 19 31 74 27 19 49 43 54 74 14 53 48 87 54 41 21 95 39 82 56 57 72 41 96 38
84 51 64 51 91 17 65 22 84 87 34 33 28 83 8 37 37 48 24 83 81 38 76 21 17 29 70 84 66 67
r47 0.660121
18 79 96 9 89 59 24 73 43 50 98 66 33 98 99 62 43 20 43 25 50 16 38 62 40 8 44 6 67 59
49 81 35 45 82 24 96 98 89 40 48 85 98 74 80 94 33 24 12 68 41 57 79 71 17 17 74 56 15 42
r48 0.868345
20 45 97 94 62 93 90 48 30 35 30 29 9 11 20 35 30 27 98 66 80 75 37 92 87 8 48 97 42 55
54 54 92 51 46 51 44 36 95 67 63 22 88 68 28 8 95 53 31 90 16 11 65 45 95 49 46 40 44 83
r49 0.9685
35 79 44 76 31 80 9 23 47 67 40 35 32 64 36 27 14 62 18 23 65 75 63 60 25 9 92 61 85 79
54 20 58 90 88 81 70 89 96 15 53 34 42 81 90 73 5 99 32 15 22 92 86 78 49 8 79 41 64 64
r50 0.759731
76 71 5 64 52 67 50 49 74 99 78 14 80 68 82 77 64 12 88 82 99 71 57 46 71 36 82 32 93 95
42 69 66 39 31 18 98 76 59 73 75 37 82 52 97 61 27 62 68 15 41 65 78 93 8 49 26 82 76 19
r51 0.758113
81 43 46 12 54 44 80 13 14 53 43 88 97 37 50 24 94 15 31 35 72 9 25 72 50 44 55 23 58 32
30 39 68 71 43 19 13 21 24 19 69 59 8 66 92 50 83 86 57 14 19 30 16 36 97 58 75 49 74 31
r52 0.882208
62 42 68 98 56 73 19 75 87 80 32 90 43 24 40 26 10 93 33 21 20 41 50 14 91 25 59 65 48 33
62 8 67 27 6 23 95 20 90 82 95 22 70 38 41 7 57 44 92 82 57 9 23 7 19 14 25 70 72 68
r53 0.783195
68 62 53 69 77 48 81 64 27 76 82 89 12 20 92 61 56 84 43 14 89 58 13 5 64 33 67 36 94 62
59 62 21 12 29 93 52 10 57 75 79 36 64 83 49 53 44 5 38 79 11 24 37 20 24 96 45 83 30 36
r54 0.52433
91 58 89 20 48 41 25 97 13 99 31 70 82 75 23 23 72 53 97 79 72 31 91 88 25 36 71 47 65 13
31 56 66 17 68 11 54 85 9 59 85 32 29 64 7 45 80 74 93 74 50 63 6 41 51 26 70 23 68 32
r55 0.511735
83 90 6 48 93 52 33 94 11 15 26 33 72 25 70 52 92 63 26 42 23 24 79 70 45 46 85 10 73 13
94 53 95 95 96 89 47 29 80 50 40 7 78 9 24 48 56 16 9 74 54 27 94 30 89 36 71 74 39 41
r56 0.933635
89 75 25 82 64 64 11 45 11 43 44 82 47 63 27 95 75 31 67 26 51 61 51 37 89 19 12 25 55 87
50 41 62 67 23 24 31 26 61 38 62 97 20 6 60 42 97 32 66 64 53 14 22 96 46 8 15 50 29 62
r57 0.733594
98 89 39 18 13 65 40 66 95 97 63 12 98 20 47 92 48 10 53 93 16 70 87 54 71 97 5 95 57 31
66 55 20 5 69 25 63 6 86 55 98 49 60 93 65 7 86 10 9 39 95 20 7 82 69 73 77 66 65 34
r58 0.643344
81 13 29 47 31 84 48 17 39 46 59 94 40 21 93 23 26 97 57 21 14 59 96 79 29 73 45 89 7 38
18 83 44 39 31 70 20 74 79 54 18 38 46 50 54 36 68 72 31 25 86 40 77 82 16 6 55 57 91 54
r59 0.892612
37 28 40 60 90 55 35 70 6 45 5 44 90 55 73 55 24 99 75 10 36 49 84 48 51 36 97 39 85 81
40 20 10 72 75 95 27 7 62 25 47 63 62 34 15 35 84 34 31 57 37 62 6 18 7 49 50 99 83 32
r60 0.63783
47 80 90 23 75 14 22 35 32 62 93 89 91 5 21 73 34 47 27 63 6 25 77 9 70 27 5 53 54 75
72 94 55 59 14 28 69 31 58 96 88 48 82 77 48 98 47 74 45 69 38 43 86 15 47 56 34 45 10 80
r61 0.83215
74 71 30 80 94 91 12 49 87 92 92 66 69 37 64 13 11 6 74 44 45 61 51 87 17 77 29 19 55 42
85 26 13 16 7 99 7 14 45 87 6 37 53 68 69 15 76 72 16 48 14 56 9 60 41 21 35 65 33 85
r62 0.937092
8 12 26 10 8 26 19 48 10 18 77 58 78 43 68 51 16 77 94 25 33 98 77 69 17 12 32 42 89 31
52 93 39 71 95 39 92 12 80 97 22 57 52 95 96 18 46 9 90 38 29 20 33 98 85 42 8 17 79 89
r63 0.545485
79 71 98 75 11 87 82 86 81 99 40 33 94 33 43 37 37 33 67 58 46 96 54 31 38 57 40 15 46 75
39 26 47 34 96 50 21 75 33 94 74 68 27 65 94 63 94 31 88 59 82 34 55 36 60 85 85 92 92 31
r64 0.667863
49 9 60 42 54 73 17 82 67 83 47 87 45 41 50 37 65 38 91 44 68 43 75 25 25 57 15 18 83 75
41 30 79 94 67 30 67 77 9 32 57 51 16 98 85 58 35 47 91 23 86 56 61 58 74 78 15 84 91 90
r65 0.765788
20 32 27 80 57 86 54 58 15 11 6 26 6 86 79 33 30 68 51 16 21 9 66 90 83 73 71 74 64 24
99 76 51 23 53 5 7 7 58 17 14 60 36 15 43 12 44 69 72 87 77 89 92 44 76 75 17 45 49 73
r66 0.953995
50 13 64 98 10 63 98 64 76 12 21 9 19 59 13 55 25 81 43 98 67 35 42 40 7 54 80 51 25 42
89 70 47 51 65 52 14 63 13 82 67 29 86 79 81 95 34 6 73 72 99 37 99 41 72 6 88 50 50 13
r67 0.905428
75 31 82 37 78 92 96 87 74 60 13 58 39 89 50 69 88 23 38 87 55 35 26 24 33 11 69 75 19 53
12 86 79 89 23 58 81 16 42 53 72 47 11 8 37 56 69 22 71 5 9 23 35 30 42 63 36 12 39 47
r68 0.807472
30 40 32 49 90 11 57 29 59 26 71 65 30 5 18 94 22 81 94 27 99 26 49 41 82 78 45 18 22 6
56 48 38 83 89 25 89 46 49 48 68 20 10 90 21 20 84 35 96 76 57 95 97 99 34 76 77 74 89 91
r69 0.906998
39 7 26 28 27 15 67 68 56 32 81 58 22 97 74 98 32 67 74 82 63 69 81 89 45 55 60 32 46 33
72 78 32 93 98 52 6 65 20 54 92 96 12 14 90 78 13 20 46 79 97 6 45 75 90 86 27 50 18 65
r70 0.894585
43 5 73 39 52 74 99 64 28 89 61 32 95 48 11 5 63 49 80 57 47 25 29 37 8 48 79 18 14 52
96 49 52 69 80 96 40 80 60 60 66 18 87 61 59 90 62 22 36 39 72 78 56 93 15 60 42 87 70 48
r71 0.981082
89 83 32 70 76 64 47 36 24 13 47 12 66 6 94 28 20 31 59 87 9 16 78 17 68 20 99 38 60 35
97 46 15 26 13 86 86 55 19 10 60 61 14 27 62 9 47 78 35 7 62 36 15 40 48 78 52 44 13 9
r72 0.861607
51 78 26 59 64 12 12 76 14 64 37 24 86 92 28 34 67 55 33 29 83 40 62 29 18 11 68 23 16 37
23 59 15 44 15 72 51 19 45 60 79 77 76 62 66 96 88 33 48 21 55 32 56 14 56 66 20 21 82 28
r73 0.561284
79 58 44 87 30 87 6 67 44 77 44 21 40 11 14 28 36 58 45 86 85 93 95 38 57 13 54 39 36 5
36 13 55 72 95 80 56 93 47 95 71 83 13 11 86 23 34 23 73 71 6 55 62 97 88 19 7 39 50 38
r74 0.55258
43 86 47 38 63 98 32 7 90 98 86 99 6 69 19 35 84 84 99 86 39 61 80 27 72 82 61 19 17 93
89 56 79 36 86 43 34 18 45 24 13 28 20 14 90 31 42 74 15 41 60 49 94 37 71 63 16 30 77 29
r75 0.930727
77 94 97 63 34 28 74 72 47 82 92 60 89 82 86 31 57 97 64 14 46 55 47 15 18 58 40 90 79 55
53 53 49 47 17 76 70 83 48 14 65 37 69 51 20 56 74 69 53 38 75 91 85 19 6 98 70 38 85 49
r76 0.678746
98 35 77 12 11 44 90 51 54 52 80 20 96 95 71 70 61 21 6 37 10 86 51 11 85 21 42 67 63 30
98 58 60 75 65 63 20 52 11 66 96 87 81 92 82 50 63 41 63 61 73 68 47 21 72 29 35 14 92 93
r77 0.792128
51 92 62 13 55 74 57 62 37 53 49 19 46 28 61 6 61 24 62 34 88 6 48 60 31 78 69 20 68 5
7 16 92 61 24 45 33 76 99 65 29 48 76 67 68 37 68 30 57 30 56 42 29 96 94 52 74 60 67 39
r78 0.780736
50 50 27 69 90 55 42 89 18 64 34 89 31 94 24 95 24 76 22 73 15 46 69 9 93 41 64 57 75 21
20 26 66 43 87 53 90 30 42 8 89 68 90 20 63 14 12 79 82 27 52 92 65 19 93 56 55 57 13 30
r79 0.634925
48 37 64 36 85 51 61 25 52 47 85 42 59 48 51 64 28 33 86 72 22 51 86 15 99 41 64 13 64 34
34 9 63 90 40 46 41 93 63 88 37 48 30 92 92 73 56 17 6 39 84 20 82 71 30 82 9 86 90 65
r80 0.577924
70 76 11 10 19 44 96 77 33 33 23 58 25 12 29 73 24 30 12 5 43 90 71 68 69 73 52 56 38 65
72 8 38 75 11 53 19 7 27 47 32 42 98 50 49 27 23 65 49 28 66 87 15 34 53 79 99 5 35 38
r81 0.772496
38 98 74 44 48 88 46 71 33 71 13 31 21 55 50 39 20 94 59 78 79 69 10 32 45 9 29 72 42 89
71 76 84 45 20 33 31 59 96 59 30 9 85 43 59 32 74 72 26 34 50 97 95 55 26 41 57 50 13 94
r82 0.949804
67 21 22 80 49 48 36 45 7 58 46 84 96 98 16 70 70 35 99 17 32 92 65 51 33 22 96 38 13 33
15 76 49 30 56 93 73 87 35 73 45 76 54 41 74 66 8 41 93 8 51 25 95 16 71 25 30 65 55 38
r83 0.685174
14 42 88 62 32 58 46 62 28 86 35 78 24 10 44 28 43 34 28 89 51 20 97 23 40 27 80 87 58 73
50 64 12 38 27 39 89 68 93 17 52 28 90 68 30 31 91 69 60 16 55 12 31 53 27 63 72 7 51 30
r84 0.774713
90 79 35 14 15 21 74 8 33 26 28 21 90 54 44 78 20 5 90 67 9 21 17 28 80 85 27 28 12 94
24 94 70 51 8 77 67 75 80 93 96 5 14 83 54 53 62 66 50 49 34 54 62 46 74 39 28 96 62 36
r85 0.824902
27 54 33 31 31 93 98 8 86 94 9 95 75 55 45 37 22 91 78 48 42 40 86 14 75 15 10 37 43 90
16 65 44 42 88 68 35 86 71 21 78 72 13 53 28 50 82 45 38 60 85 76 92 71 82 64 81 84 94 21
r86 0.783518
82 16 47 70 79 74 54 47 87 32 20 92 80 43 43 59 80 76 16 65 49 8 33 31 68 12 16 62 28 82
64 7 93 9 70 69 78 24 17 66 48 29 55 25 64 93 79 44 67 90 6 16 93 34 40 58 38 48 20 62
r87 0.858699
61 21 81 31 82 59 50 94 22 93 20 73 18 79 63 89 23 30 79 21 39 70 48 71 28 81 19 41 40 41
18 97 57 94 28 40 50 71 31 68 61 44 38 72 23 96 61 39 24 38 52 58 8 95 29 28 74 40 61 14
r88 0.918213
8 31 65 29 63 16 95 86 76 53 30 14 25 46 7 82 80 26 17 32 76 20 25 5 40 94 37 97 5 11
68 6 37 34 30 92 42 22 78 15 70 6 21 91 47 23 70 24 42 79 48 18 91 68 16 31 59 48 25 57
r89 0.976484
58 83 20 83 72 57 97 48 64 67 49 80 55 88 95 22 12 37 96 52 51 87 21 59 16 72 7 36 29 54
25 82 34 40 62 99 89 59 47 53 27 91 33 74 76 29 92 80 61 85 32 9 73 48 63 84 18 63 20 42
r90 0.873049
25 40 73 82 39 63 39 81 16 58 69 42 32 45 66 21 25 24 7 53 26 72 93 81 56 11 41 68 46 50
6 66 83 72 45 22 32 76 96 43 34 62 80 59 5 43 75 25 60 74 70 81 46 61 62 94 64 99 63 10
r91 0.745914
68 29 30 14 44 57 82 37 96 17 94 73 71 94 14 43 17 69 18 79 50 59 40 12 54 5 8 14 7 47
70 71 71 96 77 12 53 59 44 46 71 36 17 39 30 26 78 39 90 91 19 37 50 54 41 96 51 45 10 51
r92 0.920248
22 55 66 94 60 16 50 96 58 22 32 67 53 55 88 31 89 75 19 8 12 62 55 48 58 98 85 64 49 69
34 66 22 95 57 77 11 8 73 61 22 98 28 70 53 13 94 42 83 13 43 87 70 93 36 29 91 18 85 41
r93 0.71301
99 5 14 57 77 17 57 47 74 74 45 97 41 90 11 35 33 89 41 68 77 8 61 10 29 49 23 14 85 98
25 85 98 31 39 72 44 91 17 18 65 57 12 98 48 18 31 73 5 67 41 74 70 94 76 92 43 91 98 26
r94 0.665253
8 85 50 42 58 86 33 70 99 90 24 9 85 64 22 16 34 19 78 67 88 46 61 64 38 97 56 36 23 46
52 26 28 95 63 81 81 88 48 78 75 65 82 60 29 96 72 56 16 47 23 99 85 80 61 20 77 14 49 92
r95 0.593377
18 75 91 73 54 70 58 97 45 33 59 24 88 84 20 57 37 28 5 55 28 85 32 81 6 9 90 47 96 42
43 11 14 32 79 63 94 34 61 39 62 17 58 48 93 70 5 30 94 97 81 19 80 13 95 78 15 82 25 8
r96 0.623076
15 30 87 86 89 81 21 47 20 75 59 70 23 53 38 24 78 32 18 56 43 93 65 38 71 75 17 91 75 33
52 85 58 39 69 44 21 82 86 33 57 43 96 76 91 34 92 66 58 10 23 96 99 80 34 67 52 43 59 27
r97 0.829894
10 26 45 74 66 58 53 49 87 10 87 80 78 75 14 67 39 67 73 54 60 69 34 86 36 81 29 87 8 95
93 13 18 36 79 76 86 32 26 70 35 10 50 13 78 56 76 14 20 46 63 75 12 92 61 40 70 85 28 73
r98 0.729452
79 91 46 55 64 33 80 85 98 15 88 46 20 63 97 88 72 18 34 35 85 38 27 47 74 89 32 94 59 7
12 35 90 51 86 54 79 63 37 74 70 25 20 85 83 15 74 55 25 5 82 10 36 6 52 10 90 77 99 49
r99 0.891609
80 69 54 63 20 30 26 52 97 91 72 17 73 52 24 44 99 44 42 81 50 73 82 94 75 69 71 71 19 47
74 94 13 26 54 29 48 75 76 45 63 46 55 36 93 74 76 90 19 18 71 61 83 51 55 58 20 27 29 34
r100 0.91293
25 75 18 74 99 62 46 75 7 9 18 57 38 12 29 14 97 43 24 65 96 7 16 51 60 29 73 81 58 40
76 76 15 87 47 11 49 86 78 48 87 92 98 25 96 27 31 90 62 50 55 58 49 64 9 9 88 75 82 43
r101 0.674527
16 19 43 59 25 87 42 98 35 29 90 33 50 86 52 76 73 14 24 29 67 68 85 69 70 70 44 52 13 48
8 25 62 46 76 82 30 18 77 58 39 68 83 84 51 36 58 25 45 74 46 10 42 31 74 9 96 15 54 6
r102 0.938691
23 17 96 91 94 23 6 71 76 41 36 60 25 80 88 75 5 30 49 43 35 84 66 6 85 62 13 39 60 66
89 79 75 82 67 66 5 69 38 74 10 66 34 27 46 19 98 43 44 44 81 75 25 47 73 8 6 82 42 59
r103 0.52866
35 21 7 97 82 8 66 17 74 68 79 5 91 22 19 86 61 58 27 42 33 48 82 7 51 80 81 85 39 26
14 69 42 13 64 25 16 30 37 85 94 13 85 82 31 96 68 87 55 90 26 80 35 5 79 78 81 60 61 17
r104 0.707691
82 24 78 43 41 87 68 74 69 59 79 52 38 10 48 98 92 95 86 16 76 21 16 55 92 89 16 53 7 90
20 81 11 90 24 48 74 84 19 44 44 93 88 74 99 33 73 88 29 59 96 5 72 13 52 64 97 60 14 96
r105 0.780795
77 57 17 96 5 86 81 16 27 22 9 15 91 5 41 61 86 65 17 82 62 85 90 11 46 85 67 56 81 14
77 56 66 89 52 63 76 30 74 95 44 76 11 36 73 44 89 59 6 7 42 60 87 29 66 30 14 30 78 88
r106 0.751527
44 98 42 88 59 18 19 30 14 58 6 17 86 75 53 73 31 54 75 68 14 59 93 72 81 99 98 60 87 35
13 28 33 50 17 87 64 28 18 70 78 16 79 62 83 32 32 15 78 7 78 84 58 71 56 39 68 51 91 55
r107 0.7057
76 15 50 85 94 11 13 12 73 83 21 49 42 99 73 69 14 51 68 88 35 23 56 83 55 24 35 46 72 13
46 48 20 88 33 15 94 38 19 64 18 35 13 56 35 81 22 44 32 86 29 59 6 81 39 56 97 69 98 69
r108 0.584899
14 90 26 42 5 17 72 20 76 86 47 84 39 77 62 53 19 86 36 40 45 38 21 76 89 16 46 84 77 18
25 87 8 43 26 9 55 94 21 31 77 60 12 13 35 69 61 49 55 90 84 92 28 98 69 17 11 12 97 83
r109 0.881751
70 25 58 92 26 13 83 39 37 57 95 44 62 30 11 20 74 58 10 55 51 33 50 17 43 56 21 40 40 41
51 10 58 9 94 80 15 74 19 47 28 14 83 85 39 89 98 10 45 5 61 88 34 11 5 69 60 21 6 95
r110 0.829604
97 12 57 92 87 64 63 99 11 84 13 89 66 48 76 64 50 21 65 8 9 91 12 6 60 67 19 61 62 68
13 59 72 62 48 57 23 9 56 29 88 64 16 54 9 84 19 52 97 76 55 98 67 62 99 24 29 18 77 83
r111 0.896182
43 47 45 83 99 63 87 52 85 75 14 93 30 15 77 44 62 74 20 15 72 79 72 68 98 94 81 72 77 56
54 20 95 91 99 92 55 83 44 37 59 50 30 84 61 99 25 20 73 37 30 42 16 98 10 11 92 83 78 66
r112 0.991785
79 31 24 78 23 71 58 63 5 17 10 27 96 66 26 18 79 91 50 9 33 58 99 38 61 88 21 39 55 52
64 34 78 80 9 94 48 62 54 45 75 59 67 68 23 88 82 97 76 32 6 9 83 6 42 44 89 55 76 44
r113 0.701884
70 74 17 74 68 57 37 22 97 9 74 61 72 92 46 51 89 22 76 87 26 59 88 60 98 75 12 74 16 11
11 82 80 20 53 46 72 82 60 66 86 34 27 56 26 68 7 12 82 75 95 8 34 80 60 30 55 67 96 67
r114 0.93248
46 51 20 94 89 88 77 49 51 60 79 71 16 97 36 16 10 19 86 97 19 18 77 75 40 33 42 36 92 13
36 35 56 52 26 45 37 98 89 83 56 65 54 67 60 86 75 62 97 59 59 16 72 33 86 9 58 26 40 50
r115 0.807103
77 79 21 99 24 50 94 10 30 50 68 80 15 28 63 85 85 60 44 41 68 13 69 52 17 28 73 50 70 96
16 48 75 29 47 91 74 38 96 99 84 64 76 91 84 36 76 69 91 18 10 57 26 72 9 36 95 74 78 65
r116 0.951029
13 42 18 52 33 84 83 26 83 64 83 57 55 67 88 31 34 77 44 36 34 63 8 38 91 95 9 66 61 71
55 66 13 65 16 38 46 94 56 26 58 39 78 10 99 64 36 30 41 73 58 70 33 59 5 24 54 6 85 15
r117 0.622309
74 80 94 85 15 40 76 66 58 31 98 37 36 94 96 64 21 34 34 74 96 62 33 93 78 80 94 60 87 66
89 61 43 80 43 53 17 16 16 71 42 11 5 70 5 93 32 18 27 61 88 23 21 18 16 91 93 10 49 81
r118 0.9083
39 11 16 78 59 28 89 67 91 29 74 91 94 71 84 23 82 11 80 70 26 93 80 37 81 74 42 30 52 10
61 86 16 69 64 67 89 51 32 81 75 98 69 66 66 54 82 48 57 59 15 79 52 91 16 30 62 51 56 14
r119 0.691831
95 62 75 57 29 64 8 53 45 75 51 15 38 15 61 20 58 18 74 69 89 23 60 98 49 19 46 97 28 94
8 20 56 78 72 78 42 72 31 80 44 75 87 78 85 45 90 40 55 65 9 45 80 61 43 29 75 84 26 95
r120 0.648326
16 32 99 83 7 39 53 30 19 92 97 98 67 82 43 58 20 93 20 21 38 95 78 73 22 50 54 40 43 30
62 54 54 61 34 53 95 82 78 11 75 76 9 42 55 47 92 70 38 12 87 71 5 62 42 22 9 91 57 47
r121 0.85427
93 64 73 28 17 65 10 88 72 77 64 73 20 16 21 9 79 54 14 63 22 14 22 56 28 26 48 80 66 58
92 59 20 62 82 32 27 85 20 91 62 76 65 74 85 78 79 64 29 88 27 46 97 44 98 25 62 43 97 28
r122 0.765919
80 13 45 59 38 68 44 50 56 7 27 21 76 12 91 55 71 20 40 90 59 34 34 57 54 88 92 49 17 82
32 89 91 73 48 26 38 85 71 89 87 93 8 60 97 94 13 65 15 48 52 69 78 81 23 29 70 12 70 79
r123 0.852745
65 77 71 10 98 9 90 67 93 77 57 93 38 55 88 43 17 95 86 65 61 61 43 79 86 10 83 53 81 72
51 46 47 22 52 42 26 42 9 17 17 62 10 47 14 90 85 26 85 68 83 46 30 27 22 13 32 5 61 14
r124 0.950004
52 14 27 96 51 46 39 53 58 48 15 60 90 24 48 72 42 33 40 26 72 65 48 86 70 72 84 32 78 51
40 28 60 62 24 8 8 55 56 58 98 63 16 85 79 59 57 22 84 90 40 53 55 80 40 26 49 24 50 28
r125 0.802272
51 27 41 67 30 45 23 79 95 21 42 8 99 19 59 56 33 44 46 68 92 94 45 29 17 89 48 62 14 15
41 60 37 77 28 63 19 43 39 15 59 76 15 55 87 70 12 20 14 50 83 98 41 25 28 50 15 68 9 24
r126 0.867238
77 13 23 97 68 37 40 7 44 91 76 55 47 63 22 51 79 28 93 59 26 32 80 46 77 90 12 79 11 86
24 83 94 39 77 60 72 17 62 13 6 38 60 48 97 77 91 73 5 84 32 24 16 12 62 86 94 69 65 6
r127 0.641369
81 44 21 59 99 85 68 61 90 69 92 51 14 86 25 5 59 23 82 86 42 90 91 96 76 85 66 38 86 15
20 68 54 33 24 53 18 87 12 8 54 99 51 63 82 72 61 41 90 43 24 29 30 15 25 99 93 83 37 76
r128 0.907339
41 45 77 60 94 87 45 98 91 94 94 42 54 76 11 15 14 96 50 30 22 76 38 40 72 31 23 6 7 14
51 44 55 25 96 46 13 41 41 96 35 35 35 85 8 42 92 17 35 43 42 53 16 75 85 83 98 5 84 6
r129 0.946713
42 62 53 38 5 58 72 41 51 99 68 81 81 71 20 74 80 51 14 19 96 25 90 81 5 85 81 81 86 88
14 25 47 59 56 44 14 28 77 60 27 45 38 9 13 54 75 88 5 84 5 93 6 87 74 6 72 52 79 56
r130 0.972747
76 80 44 32 25 53 55 97 10 75 40 44 76 48 93 51 34 90 35 34 83 36 21 54 34 85 98 10 41 36
94 18 17 35 42 37 81 90 31 86 65 66 27 41 12 17 87 38 7 19 67 82 47 80 33 73 65 32 78 99
r131 0.539733
17 72 5 54 6 78 41 30 61 6 91 84 39 95 93 23 33 96 37 92 75 76 72 6 49 35 30 28 34 85
89 43 58 86 89 56 64 31 81 26 29 70 7 61 65 95 79 94 88 14 86 61 85 56 62 35 83 87 55 14
r132 0.963303
52 27 28 38 76 87 61 57 10 86 27 9 47 88 97 26 79 85 32 65 43 18 18 5 45 96 84 95 10 54
36 57 73 56 88 49 44 49 7 46 32 26 48 74 11 45 93 85 27 25 48 66 38 61 63 75 58 48 67 63
r133 0.692757
18 67 52 6 17 88 47 16 32 75 34 75 49 41 20 39 26 39 57 69 97 87 31 61 63 81 6 30 44 95
26 54 59 74 52 68 59 95 79 86 67 14 61 13 47 73 48 68 13 5 35 10 84 58 63 47 39 64 73 75
r134 0.77627
27 16 62 74 76 22 66 53 5 33 59 62 39 6 35 82 69 40 79 96 43 63 54 6 8 85 66 73 61 19
61 80 27 24 54 99 38 18 52 38 43 11 95 77 12 28 56 73 60 35 67 98 91 18 5 91 99 63 64 57
r135 0.780756
37 5 41 83 96 74 96 45 13 40 48 5 14 52 25 66 22 81 96 84 79 84 98 76 75 97 39 36 51 17
54 83 14 90 63 7 65 60 47 70 92 90 67 6 39 85 64 56 66 61 41 42 42 39 16 15 33 50 46 76
r136 0.726575
56 65 83 19 67 48 71 11 15 60 93 74 62 32 59 23 84 22 76 22 57 19 53 68 26 81 15 64 54 70
57 10 35 40 24 95 80 91 98 90 51 92 61 10 21 21 29 97 35 5 19 84 16 67 52 37 45 63 97 94
r137 0.647484
99 57 89 24 52 66 12 48 53 55 37 14 61 53 27 82 48 58 79 62 42 91 27 87 25 67 47 22 59 72
68 58 29 54 74 74 20 81 19 68 34 51 78 90 96 97 69 44 52 48 7 87 39 29 74 60 88 21 74 47
r138 0.824178
98 11 89 72 77 10 51 91 70 80 42 45 67 39 43 36 78 90 76 77 77 13 98 48 65 84 61 39 31 46
71 29 50 61 94 27 63 45 19 33 22 53 74 81 87 14 14 63 99 85 40 74 93 36 22 55 20 79 87 46
r139 0.616273
68 67 19 62 87 77 99 6 8 18 51 77 94 39 83 8 94 82 88 31 56 79 62 74 34 77 50 21 21 67
75 81 32 86 40 19 61 36 17 64 49 63 38 43 94 21 46 88 95 31 20 52 10 74 23 37 49 65 50 65
r140 0.970638
43 56 9 78 70 62 14 82 26 58 46 56 93 40 69 39 26 64 65 38 13 68 12 28 97 56 88 47 18 18
65 56 69 66 31 40 28 37 19 46 90 57 97 83 93 66 19 16 30 77 49 36 42 53 59 39 10 48 81 20
r141 0.705494
72 24 9 95 59 32 33 71 73 20 28 67 96 18 33 15 29 56 84 70 87 26 24 46 60 26 86 39 41 41
77 10 61 82 6 17 11 34 83 80 49 12 44 45 22 73 53 47 26 37 14 13 56 33 51 13 54 35 47 88
r142 0.903269
93 29 99 94 42 10 25 25 82 67 29 24 9 47 92 57 86 15 87 95 23 43 26 66 48 75 93 91 63 62
13 54 86 9 48 28 11 66 49 86 33 70 10 37 17 94 87 95 9 71 91 24 11 17 85 54 84 76 45 45
r143 0.550578
94 24 54 39 48 58 5 89 44 30 59 46 60 69 40 47 64 44 18 52 60 24 61 45 70 46 18 16 86 51
58 77 71 10 16 19 63 14 5 99 39 59 45 94 25 77 38 82 18 48 34 73 64 91 15 35 34 29 43 20
r144 0.670549
89 46 6 5 57 61 14 57 60 46 14 97 37 31 74 71 13 87 16 40 57 76 28 68 8 57 92 46 69 67
39 58 11 38 55 63 94 65 18 52 8 27 46 40 50 18 8 59 5 20 94 58 88 22 23 91 71 15 34 40
r145 0.639138
90 80 98 45 41 90 7 54 39 10 73 80 46 23 93 49 74 91 61 65 46 49 79 64 37 50 71 66 82 45
29 72 23 27 18 59 14 20 10 48 23 75 26 61 90 16 7 62 99 64 27 45 10 7 6 43 49 69 6 29
r146 0.618182
96 30 53 11 81 59 24 83 8 42 55 26 98 45 37 97 7 37 61 27 74 67 26 73 10 67 42 11 91 49
37 88 71 82 91 49 41 15 32 41 52 82 62 47 25 92 45 24 29 98 46 98 65 67 68 67 35 11 71 23
r147 0.734091
11 21 79 98 65 17 10 93 54 55 72 13 97 89 5 39 14 29 35 52 25 92 17 88 60 44 91 28 62 44
25 66 60 99 64 22 16 66 12 62 21 80 71 16 66 71 50 75 93 77 25 15 70 37 95 30 76 87 50 38
r148 0.685857
99 80 69 60 97 77 27 10 40 40 82 11 51 48 74 94 21 64 71 41 74 41 73 70 63 49 54 13 79 77
75 76 57 41 36 51 19 55 56 54 88 38 57 39 79 31 33 95 88 97 36 62 35 6 29 94 47 78 99 26
r149 0.61057
97 6 16 31 53 27 78 9 76 66 40 33 98 16 57 28 11 45 25 39 99 56 40 29 47 82 99 43 5 52
15 95 53 27 26 6 46 96 8 23 60 40 48 58 48 97 81 54 39 99 85 39 55 25 60 94 99 59 37 99
r150 0.653039
94 57 67 17 55 13 14 55 28 69 87 69 27 35 66 5 81 6 99 66 37 51 83 92 45 82 48 75 82 52
20 73 6 82 86 53 87 92 6 16 61 85 77 80 18 43 80 94 41 77 58 73 28 41 62 66 24 11 38 98
r151 0.814801
71 53 32 57 98 19 46 99 27 7 82 99 79 95 40 57 89 76 34 47 47 54 84 9 17 5 12 50 98 59
98 66 12 30 21 11 42 62 7 61 65 84 58 41 79 93 93 66 66 24 13 13 74 89 15 86 89 19 37 84
r152 0.687138
51 81 55 67 84 89 29 87 47 86 68 5 28 48 90 18 14 57 38 19 62 9 9 69 87 90 84 24 75 58
49 23 36 96 85 18 85 11 97 32 93 65 30 18 10 20 28 19 69 61 31 29 62 35 93 50 22 77 66 89
r153 0.904371
12 61 8 92 71 88 96 68 18 89 33 43 99 36 55 27 47 25 81 73 46 43 5 39 88 23 14 55 12 38
62 17 94 66 9 65 51 5 30 64 86 56 99 82 87 52 10 34 69 83 8 15 26 5 49 12 20 55 59 28
r154 0.769753
40 80 79 41 43 31 39 68 87 22 21 84 5 8 36 10 35 5 88 35 15 11 35 56 18 51 12 72 71 93
86 8 73 62 44 13 88 75 74 73 93 90 54 93 94 85 95 29 82 83 56 89 86 86 45 97 34 49 69 5
r155 0.540836
8 13 15 45 18 95 20 87 68 13 78 22 98 72 99 93 93 78 73 49 67 60 32 10 57 62 51 23 62 86
71 63 91 78 8 9 73 23 92 39 29 70 53 27 39 50 21 29 28 89 70 88 46 97 90 98 59 41 22 19
r156 0.563319
77 15 60 77 17 33 92 9 64 21 71 18 41 7 60 54 28 83 40 93 68 82 90 58 80 47 95 94 58 19
76 35 27 36 12 39 62 99 40 26 18 8 36 51 10 91 5 30 72 40 23 40 19 10 94 92 49 86 83 7
r157 0.997926
37 24 88 41 58 50 38 90 69 48 93 5 94 95 92 91 25 61 28 43 96 43 46 90 35 90 76 18 93 74
70 27 90 59 61 46 6 94 36 70 39 27 68 30 22 60 21 40 18 44 75 14 79 21 97 11 12 70 22 97
r158 0.573975
24 32 43 77 73 42 68 6 12 7 28 75 32 43 32 45 75 45 85 50 52 61 64 49 68 68 19 85 65 56
69 81 80 13 59 50 50 24 51 54 27 72 30 51 12 54 92 82 92 74 29 44 35 88 88 98 56 99 80 18
r159 0.614296
92 32 58 48 77 5 67 26 54 89 90 76 38 97 28 30 76 20 99 5 59 31 86 44 27 39 43 7 53 88
49 42 20 7 85 90 99 52 16 51 39 6 27 72 95 50 97 71 65 93 68 21 21 51 57 43 86 96 43 36
r160 0.518963
73 96 87 55 86 86 7 94 37 38 92 57 10 87 99 99 55 62 89 21 78 11 64 36 46 50 29 84 78 10
72 48 98 59 98 82 42 98 73 75 36 66 29 39 50 28 35 98 82 25 16 61 28 75 89 69 26 15 51 96
r161 0.771722
45 12 74 40 89 16 38 63 83 67 26 12 6 71 33 36 66 15 53 77 68 73 53 54 40 71 64 86 67 73
6 9 81 75 45 67 86 75 30 67 42 48 74 40 20 99 69 78 12 22 56 75 88 9 30 28 75 86 11 42
r162 0.617855
44 38 79 84 5 65 59 28 32 94 68 99 34 80 95 98 59 7 18 15 78 6 19 5 26 86 83 32 28 40
36 64 70 15 48 68 72 5 88 97 94 56 93 25 37 88 24 91 88 37 98 63 35 17 63 56 98 43 80 23
r163 0.569074
83 46 23 28 11 90 25 94 87 16 48 80 37 77 66 56 65 54 85 63 17 20 72 72 71 67 15 48 85 86
59 65 30 77 86 36 67 8 28 52 20 68 29 49 45 90 97 10 44 82 65 53 97 37 25 65 99 33 13 81
r164 0.866742
44 41 41 27 73 5 30 93 49 42 61 74 83 6 61 80 8 98 62 68 51 56 5 72 18 96 97 23 77 16
82 18 53 20 40 23 18 63 13 62 5 69 33 84 67 90 61 67 88 21 35 36 72 32 5 83 25 97 6 97
r165 0.552529
13 56 96 48 74 14 8 79 69 6 48 97 82 12 84 43 74 69 59 6 6 29 30 6 12 50 96 10 44 7
86 52 58 83 93 29 92 96 8 58 94 48 56 76 55 40 17 26 7 71 24 8 92 49 6 96 94 97 99 35
r166 0.510096
83 54 68 73 78 58 66 81 16 61 26 64 34 73 97 46 94 99 15 15 7 7 56 5 96 47 98 95 78 94
80 61 46 46 31 24 96 92 98 12 53 24 72 83 93 69 26 84 65 36 95 67 36 51 67 32 94 62 24 69
r167 0.597236
27 95 42 53 16 38 45 14 43 91 31 12 71 24 73 92 5 38 29 92 5 60 41 64 84 32 27 8 96 73
99 23 68 42 71 79 72 13 89 15 96 17 22 67 36 90 57 33 28 78 26 25 38 62 82 19 89 6 22 85
r168 0.603175
8 42 55 71 18 28 79 99 38 73 16 53 40 47 40 92 76 61 70 94 78 5 56 60 19 45 61 33 30 35
47 30 69 97 93 83 25 72 82 56 42 94 6 78 38 41 67 11 97 35 5 76 32 56 33 44 96 90 72 23
r169 0.988053
45 87 14 38 70 31 8 52 79 45 46 80 20 77 19 80 83 13 15 84 81 39 37 15 78 34 5 48 49 22
59 87 9 65 25 71 92 25 24 71 66 62 52 81 39 66 61 20 74 68 99 56 8 36 63 78 62 63 23 9
r170 0.794247
91 79 43 13 50 32 34 66 99 95 29 48 73 60 14 32 75 80 95 71 33 95 5 91 74 62 51 89 63 26
64 54 5 8 60 47 35 89 14 31 81 35 74 54 90 80 81 63 61 74 31 86 69 31 78 40 86 26 27 49
r171 0.668371
96 47 89 56 90 22 42 96 45 23 31 20 69 18 95 48 73 53 22 5 40 83 31 15 21 14 36 43 59 79
29 52 23 16 8 10 30 45 6 70 60 29 82 29 43 75 72 13 28 89 13 63 70 37 70 86 46 7 26 97
r172 0.763687
49 93 55 49 99 80 89 97 48 46 27 27 71 62 97 40 70 26 27 76 81 92 10 52 75 51 51 93 46 29
40 90 19 91 40 18 68 26 13 16 68 32 39 36 89 36 71 56 54 93 29 36 82 34 80 57 81 31 50 27
r173 0.816476
14 66 74 49 77 42 68 85 51 36 14 82 64 98 15 35 51 65 26 76 93 8 10 70 58 83 96 8 7 45
83 17 8 57 58 80 92 26 62 40 54 71 22 18 66 32 46 18 89 67 86 82 70 88 49 28 72 42 29 74
r174 0.847921
83 86 62 39 63 51 60 23 86 12 89 8 25 53 32 63 63 22 30 49 96 93 37 46 18 6 80 39 73 63
44 53 46 6 87 6 49 48 24 35 55 11 35 72 59 62 36 22 76 58 63 70 51 95 13 62 94 88 96 67
r175 0.53439
20 89 38 8 88 82 48 12 14 95 18 44 64 69 99 95 86 75 51 49 42 97 42 50 59 33 39 53 95 82
88 12 69 27 12 57 6 52 61 16 47 72 52 9 41 51 99 28 24 50 69 58 45 11 9 96 39 40 49 31
r176 0.782215
36 80 54 40 34 55 88 91 63 32 63 13 36 99 56 33 24 72 75 89 31 17 92 35 14 29 67 55 55 78
85 83 59 39 24 88 87 9 79 47 33 39 55 65 36 9 90 55 76 65 41 7 75 34 34 84 55 93 36 7
r177 0.589986
86 31 53 7 16 37 8 91 77 36 27 29 93 58 33 83 11 10 46 47 9 21 73 36 5 25 29 33 28 96
47 14 27 93 13 39 30 16 27 99 47 46 29 41 97 57 21 8 59 62 47 61 78 18 92 75 38 21 9 61
r178 0.813763
67 37 41 72 68 64 80 87 63 28 34 87 61 31 42 77 31 93 37 70 54 15 83 46 86 19 63 87 72 73
35 37 10 72 9 71 36 85 58 94 10 84 79 63 15 21 37 38 14 69 9 61 77 84 7 60 98 62 47 68
r179 0.897071
5 38 46 6 6 74 83 59 66 88 44 45 48 51 58 81 82 64 47 86 25 24 67 28 79 63 82 26 31 18
96 28 48 39 29 49 14 13 5 75 93 44 17 39 88 70 20 70 34 62 53 55 82 20 75 61 78 57 80 6
r180 0.891003
29 12 12 54 53 18 59 54 85 49 90 97 83 78 64 95 45 91 55 93 43 34 11 15 87 81 67 67 83 32
37 12 36 42 58 85 55 14 39 38 59 29 35 39 5 92 32 45 83 82 36 23 16 42 33 95 23 92 63 98
r181 0.881349
11 56 34 61 41 85 71 72 23 27 96 50 58 93 39 85 39 19 64 67 37 72 9 65 68 24 58 28 23 74
20 26 27 50 82 60 32 50 32 47 72 26 89 31 19 26 13 50 40 73 17 70 45 18 35 10 38 85 33 53
r182 0.679346
71 79 91 53 37 20 99 61 59 68 82 45 94 94 66 5 44 99 73 54 69 15 67 96 21 97 79 49 50 36
90 18 12 78 64 44 90 63 6 46 28 80 87 20 74 50 20 16 49 88 65 18 95 29 15 16 27 86 61 69
r183 0.752643
83 29 24 47 66 14 7 67 56 30 47 40 45 19 85 57 27 35 45 87 45 41 16 52 49 35 38 7 5 55
51 83 77 67 27 43 76 29 7 29 51 46 64 89 57 47 46 79 77 84 66 22 22 75 67 66 10 5 69 7
r184 0.581055
82 30 79 9 65 52 30 67 77 77 10 38 63 63 80 9 42 54 88 6 69 10 73 36 69 75 33 38 78 81
50 60 8 29 62 68 76 84 32 50 58 38 81 21 93 58 26 32 10 11 33 74 14 6 7 78 74 35 13 52
r185 0.648246
9 17 79 63 81 52 48 10 95 6 40 76 20 33 34 41 61 39 44 86 10 50 85 9 25 59 37 33 11 46
83 12 58 59 71 36 12 16 39 99 17 74 75 32 8 6 65 61 38 7 47 40 52 32 45 70 86 77 98 89
r186 0.652704
94 70 38 65 99 42 73 38 41 85 12 13 15 12 15 72 68 48 74 13 80 24 37 25 89 21 94 84 10 14
60 96 80 94 58 79 33 31 14 67 14 21 75 24 26 82 91 86 27 63 94 8 79 29 28 65 45 20 46 47
r187 0.859248
44 6 93 97 77 26 29 86 85 38 5 61 54 26 43 42 9 66 5 99 69 76 28 89 41 65 9 80 12 31
82 51 32 75 46 7 93 70 85 79 5 85 37 54 8 75 91 13 38 89 9 99 65 29 89 99 89 90 79 93
r188 0.882961
45 46 33 86 45 23 53 30 97 53 13 31 7 16 7 90 21 37 79 22 37 42 46 23 41 32 13 17 26 27
70 63 65 98 46 10 21 94 35 16 44 40 39 43 49 41 33 65 71 13 80 8 50 26 26 83 51 31 95 72
r189 0.952708
35 15 60 76 20 73 67 48 81 11 83 21 49 32 54 74 90 25 82 70 28 29 88 46 9 39 70 99 8 20
61 35 31 21 8 46 87 70 89 68 73 70 84 22 94 39 92 81 59 71 48 80 93 37 23 97 68 88 94 69
r190 0.631138
99 35 66 8 76 53 70 63 21 44 30 98 58 24 37 47 6 88 16 49 68 9 78 87 98 44 75 89 13 79
42 12 11 5 12 80 53 78 43 66 19 65 64 72 84 93 20 82 82 31 29 50 32 7 34 30 46 7 17 51
r191 0.586775
59 85 51 63 65 96 38 5 59 52 65 24 25 46 14 40 29 91 63 50 39 90 52 65 17 91 67 29 42 46
75 93 28 23 57 88 19 90 85 74 43 47 90 60 85 96 92 11 88 55 56 24 42 9 84 54 92 49 76 34
r192 0.912477
28 18 67 77 98 78 64 80 49 99 27 36 59 9 33 51 16 18 98 67 34 40 68 18 90 60 59 63 90 49
11 15 59 70 84 54 46 48 31 87 45 53 24 99 55 49 48 66 62 46 33 91 82 97 6 69 54 61 32 44
r193 0.758956
51 59 98 35 13 44 76 40 31 21 85 47 17 40 91 60 98 50 7 29 41 81 23 40 47 72 93 74 14 95
6 60 51 99 88 57 40 61 89 67 74 74 14 86 12 6 44 7 48 43 31 82 24 49 22 66 22 12 37 31
r194 0.90539
83 54 35 68 11 70 29 95 34 98 66 44 85 70 42 26 73 85 64 96 67 83 46 81 46 60 88 78 86 88
10 66 39 40 35 42 8 59 34 34 55 92 73 37 60 12 58 30 90 22 26 54 97 67 33 43 24 21 18 10
r195 0.716703
69 40 56 99 74 56 55 8 85 10 93 59 39 53 63 92 78 50 14 99 5 11 64 33 46 83 46 59 86 45
75 55 77 31 51 52 82 98 52 67 6 45 23 40 93 79 33 71 29 39 68 29 43 29 54 84 9 93 41 90
r196 0.873496
42 15 42 85 59 21 84 12 83 85 52 99 22 43 78 47 14 99 79 74 26 22 98 75 98 8 65 39 90 95
47 30 11 84 15 62 97 91 69 78 73 19 77 91 57 52 35 63 51 14 38 72 31 33 45 27 33 10 58 24
r197 0.88693
46 9 82 53 66 80 45 33 58 18 47 32 6 99 79 34 62 30 43 92 95 67 26 40 89 51 42 44 67 40
45 13 44 28 62 8 8 99 33 58 14 75 85 13 71 64 42 30 86 80 23 78 47 41 18 33 84 53 73 52
r198 0.579438
60 33 38 19 33 38 18 61 91 25 33 76 33 99 37 70 26 21 47 44 94 87 77 10 20 62 58 85 11 46
96 63 71 31 78 99 65 88 57 53 13 82 30 38 81 59 8 5 75 48 41 67 35 19 72 50 73 30 33 79
r199 0.748158
42 43 52 17 39 14 98 89 63 8 71 85 42 50 44 42 50 17 85 86 79 20 97 51 63 70 73 88 46 44
14 81 79 58 93 19 68 88 5 31 92 71 13 34 18 52 71 63 61 54 47 37 69 44 80 32 12 53 20 50
r200 0.909949
31 69 80 22 80 48 10 80 71 97 49 79 28 62 28 92 26 85 46 68 19 12 9 95 37 16 48 49 62 38
71 85 8 51 7 83 91 10 61 59 7 10 38 28 67 58 20 88 40 58 53 55 65 58 50 97 69 90 47 28
