200 30 3 1 10
0 0.25
31097 32645 38364 38811 36637 34643 33341 34829 39970 44693 35952 37688 36575 38247 43345 36064 36436 32216 37059 38094 36961 41105 32407 42089 38522 32723 38119 39995 32836 38330
w1 0.5
2434 3828 1782 2245 1817 3778 2938 3646 2100 2632 3598 3788 3559 3197 2486 3975 3633 1702 2034 3079 2663 4492 2486 3105 4014 2562 2224 2009 2398 1906
w2 0.5
3684 4234 3562 1781 1551 3192 3220 4049 3792 1704 3147 3432 4115 1845 4418 3590 4330 1621 4476 2910 3136 4468 4248 1741 4334 2662 2465 2196 3561 3224
w3 0.5
2745 2958 3389 3379 3362 2081 2099 2911 1725 2655 1911 3658 2622 2608 3928 2064 2438 4049 2040 3848 3038 2361 3949 3279 2547 2111 1597 3243 1524 3321
w4 0.5
3122 2131 1960 2001 4345 2894 2952 3109 3119 4107 3520 2629 2581 1980 2058 3145 2918 1959 3685 2619 3497 1898 2068 2629 2946 3031 3078 1689 3056 1899
w5 0.5
1678 2882 4073 2179 3080 2467 3631 1689 4438 3590 4061 2568 1671 1541 3478 3316 3311 4289 2853 4430 3639 3252 2350 1768 2050 3882 3346 2591 2438 4097
w6 0.5
2968 2831 4277 3999 4411 2596 3482 1952 2534 2572 1513 3954 3095 1906 3284 2263 3718 3074 3616 4000 2213 2720 1851 2833 3622 1585 2031 1714 2875 1628
w7 0.5
4343 2959 1695 3842 3223 3143 2824 3675 4177 4248 4041 3984 2843 1799 2768 3958 4017 1694 3426 3870 2407 1647 1573 4092 3769 1658 1623 3983 3033 2103
w8 0.5
2876 3915 2300 2570 2638 3943 4246 2165 3621 3994 1706 3105 2689 2006 1725 2147 1875 1920 4073 4245 3179 1572 4318 2772 4194 1828 3247 4029 3361 3851
w9 0.5
2089 3266 2083 3511 1756 1879 3257 2421 4000 3103 2980 2957 4292 3838 3534 2291 4213 3954 2217 4311 2986 2641 4481 4258 2335 1810 3005 2217 4023 2708
w10 0.5
1965 4474 2935 3976 1730 3666 2734 2652 3166 1689 4484 1975 1834 3822 4362 2625 3887 3816 3694 3698 2302 1836 4032 2412 3023 1694 4270 3740 4217 2478
r1 0.682232
10 95 71 55 61 37 59 80 66 13 17 15 92 69 88 25 68 47 90 72 75 77 90 74 86 62 86 71 10 19
80 80 80 80 80 80 80 80 80 80 80 80 80 80 80 80 80 80 80 80 80 80 80 80 80 80 80 80 80 80
r2 0.556881
51 63 67 83 19 47 50 25 60 57 14 29 45 34 92 85 25 65 60 97 52 31 81 14 18 52 16 29 29 24
35 35 35 35 35 35 35 35 35 35 35 35 35 35 35 35 35 35 35 35 35 35 35 35 35 35 35 35 35 35
r3 0.860799
97 56 90 45 98 15 97 56 25 26 93 51 16 78 71 73 36 66 25 62 44 34 72 88 42 93 17 61 28 85
37 37 37 37 37 37 37 37 37 37 37 37 37 37 37 37 37 37 37 37 37 37 37 37 37 37 37 37 37 37
r4 0.663711
28 60 40 35 57 88 52 78 82 99 86 57 67 59 88 30 79 48 69 10 17 54 48 11 67 6 31 52 39 46
86 86 86 86 86 86 86 86 86 86 86 86 86 86 86 86 86 86 86 86 86 86 86 86 86 86 86 86 86 86
r5 0.983154
24 89 58 9 42 34 86 38 20 41 5 75 26 28 51 66 92 54 79 47 97 82 11 95 10 55 34 52 42 88
53 53 53 53 53 53 53 53 53 53 53 53 53 53 53 53 53 53 53 53 53 53 53 53 53 53 53 53 53 53
r6 0.940273
9 65 17 38 49 50 53 82 47 25 8 70 69 70 60 23 46 99 17 28 10 12 30 60 39 77 94 24 28 55
94 94 94 94 94 94 94 94 94 94 94 94 94 94 94 94 94 94 94 94 94 94 94 94 94 94 94 94 94 94
r7 0.741699
8 65 59 50 15 41 93 33 41 60 94 8 20 17 49 19 29 69 24 33 95 77 64 69 71 84 89 24 75 21
34 34 34 34 34 34 34 34 34 34 34 34 34 34 34 34 34 34 34 34 34 34 34 34 34 34 34 34 34 34
r8 0.927853
88 26 86 26 19 19 59 75 13 63 87 22 12 7 43 74 23 71 66 92 36 35 64 17 25 83 84 38 17 63
17 17 17 17 17 17 17 17 17 17 17 17 17 17 17 17 17 17 17 17 17 17 17 17 17 17 17 17 17 17
r9 0.681177
95 23 96 11 77 68 19 37 53 33 45 52 71 19 70 39 77 63 70 12 24 79 29 7 64 60 16 24 69 10
6 6 6 6 6 6 6 6 6 6 6 6 6 6 6 6 6 6 6 6 6 6 6 6 6 6 6 6 6 6
r10 0.751526
95 70 97 63 81 35 16 14 72 60 77 83 31 16 60 86 79 64 10 58 86 9 22 46 17 39 12 22 40 71
42 42 42 42 42 42 42 42 42 42 42 42 42 42 42 42 42 42 42 42 42 42 42 42 42 42 42 42 42 42
r11 0.881349
36 91 19 63 99 25 35 60 97 15 83 13 67 66 87 32 68 46 15 69 60 56 81 91 63 95 32 31 37 59
64 64 64 64 64 64 64 64 64 64 64 64 64 64 64 64 64 64 64 64 64 64 64 64 64 64 64 64 64 64
r12 0.708763
78 29 47 95 56 99 92 64 82 5 31 48 88 55 16 31 65 80 86 18 58 78 73 50 7 96 79 61 60 44
6 6 6 6 6 6 6 6 6 6 6 6 6 6 6 6 6 6 6 6 6 6 6 6 6 6 6 6 6 6
r13 0.803653
48 30 22 47 22 78 26 20 9 66 8 60 77 34 22 54 17 33 9 87 6 54 89 98 33 48 55 72 49 83
35 35 35 35 35 35 35 35 35 35 35 35 35 35 35 35 35 35 35 35 35 35 35 35 35 35 35 35 35 35
r14 0.728512
52 33 28 30 54 43 31 20 43 83 89 69 6 40 81 31 44 66 32 90 55 27 23 95 75 87 41 58 22 27
66 66 66 66 66 66 66 66 66 66 66 66 66 66 66 66 66 66 66 66 66 66 66 66 66 66 66 66 66 66
r15 0.739729
86 88 9 26 20 21 64 95 7 33 96 42 12 24 78 73 52 68 25 71 83 18 46 68 51 99 85 74 63 49
29 29 29 29 29 29 29 29 29 29 29 29 29 29 29 29 29 29 29 29 29 29 29 29 29 29 29 29 29 29
r16 0.781965
31 68 49 44 29 45 47 55 38 84 59 58 60 29 7 25 46 73 9 59 17 72 11 13 54 77 68 98 98 12
33 33 33 33 33 33 33 33 33 33 33 33 33 33 33 33 33 33 33 33 33 33 33 33 33 33 33 33 33 33
r17 0.886596
77 66 96 22 13 48 56 89 7 11 49 31 13 70 73 78 71 29 90 43 32 96 89 9 64 88 8 71 21 29
43 43 43 43 43 43 43 43 43 43 43 43 43 43 43 43 43 43 43 43 43 43 43 43 43 43 43 43 43 43
r18 0.951682
37 13 95 80 61 85 80 67 31 8 75 93 73 53 64 95 41 99 27 37 89 29 93 74 29 62 90 50 97 80
38 38 38 38 38 38 38 38 38 38 38 38 38 38 38 38 38 38 38 38 38 38 38 38 38 38 38 38 38 38
r19 0.892174
33 12 46 18 84 10 42 87 77 35 58 28 92 53 64 91 75 93 77 96 83 51 25 45 38 68 43 16 6 69
96 96 96 96 96 96 96 96 96 96 96 96 96 96 96 96 96 96 96 96 96 96 96 96 96 96 96 96 96 96
r20 0.690888
40 45 57 45 82 42 23 14 95 46 98 48 7 87 20 95 64 17 78 13 34 21 43 97 56 54 95 22 48 30
91 91 91 91 91 91 91 91 91 91 91 91 91 91 91 91 91 91 91 91 91 91 91 91 91 91 91 91 91 91
r21 0.894429
45 25 49 82 43 55 77 81 54 22 83 41 35 75 97 44 51 10 73 67 46 68 20 95 63 37 40 85 25 20
52 52 52 52 52 52 52 52 52 52 52 52 52 52 52 52 52 52 52 52 52 52 52 52 52 52 52 52 52 52
r22 0.639279
96 48 76 52 23 58 98 40 38 39 70 14 33 14 60 36 80 24 77 45 36 69 5 68 10 86 86 25 38 52
58 58 58 58 58 58 58 58 58 58 58 58 58 58 58 58 58 58 58 58 58 58 58 58 58 58 58 58 58 58
r23 0.666139
35 76 15 88 74 48 26 10 18 32 38 25 84 66 97 8 43 42 39 13 39 5 15 25 86 35 56 35 89 83
30 30 30 30 30 30 30 30 30 30 30 30 30 30 30 30 30 30 30 30 30 30 30 30 30 30 30 30 30 30
r24 0.502656
38 9 30 81 27 32 91 52 62 13 36 29 10 37 67 44 71 72 79 68 82 96 51 18 49 81 99 29 9 20
80 80 80 80 80 80 80 80 80 80 80 80 80 80 80 80 80 80 80 80 80 80 80 80 80 80 80 80 80 80
r25 0.940455
7 20 40 34 11 87 89 20 24 18 22 56 77 62 24 50 38 85 29 31 36 39 76 15 38 5 19 50 78 53
63 63 63 63 63 63 63 63 63 63 63 63 63 63 63 63 63 63 63 63 63 63 63 63 63 63 63 63 63 63
r26 0.739437
99 12 71 86 96 83 7 11 6 58 80 63 75 27 93 60 52 24 88 86 95 98 22 93 14 67 71 59 28 48
24 24 24 24 24 24 24 24 24 24 24 24 24 24 24 24 24 24 24 24 24 24 24 24 24 24 24 24 24 24
r27 0.629374
88 13 48 71 16 54 72 66 32 32 41 54 25 93 6 45 82 85 37 77 7 30 87 66 93 46 89 42 63 13
92 92 92 92 92 92 92 92 92 92 92 92 92 92 92 92 92 92 92 92 92 92 92 92 92 92 92 92 92 92
r28 0.772546
41 22 27 87 87 88 19 19 27 66 40 20 64 80 94 49 14 72 48 40 59 12 33 97 93 67 57 7 60 8
21 21 21 21 21 21 21 21 21 21 21 21 21 21 21 21 21 21 21 21 21 21 21 21 21 21 21 21 21 21
r29 0.950039
43 77 10 28 89 24 47 55 56 63 16 36 54 61 46 26 6 78 77 13 8 72 99 71 29 6 28 30 19 18
45 45 45 45 45 45 45 45 45 45 45 45 45 45 45 45 45 45 45 45 45 45 45 45 45 45 45 45 45 45
r30 0.689117
50 77 76 66 22 28 23 77 40 51 31 93 89 53 94 64 27 5 68 94 99 36 21 97 56 43 16 69 83 62
56 56 56 56 56 56 56 56 56 56 56 56 56 56 56 56 56 56 56 56 56 56 56 56 56 56 56 56 56 56
r31 0.500469
30 91 53 50 11 30 82 58 57 75 44 7 67 9 29 67 69 21 66 5 34 63 56 72 71 22 55 33 70 80
64 64 64 64 64 64 64 64 64 64 64 64 64 64 64 64 64 64 64 64 64 64 64 64 64 64 64 64 64 64
r32 0.836382
18 43 75 43 25 30 92 96 69 94 63 70 21 30 39 34 88 36 63 48 84 32 19 6 82 44 72 59 5 67
27 27 27 27 27 27 27 27 27 27 27 27 27 27 27 27 27 27 27 27 27 27 27 27 27 27 27 27 27 27
r33 0.976002
94 54 28 24 43 24 86 38 79 53 51 6 88 80 86 21 40 34 6 67 45 7 46 84 74 97 84 39 21 95
41 41 41 41 41 41 41 41 41 41 41 41 41 41 41 41 41 41 41 41 41 41 41 41 41 41 41 41 41 41
r34 0.736539
61 32 84 77 15 19 56 64 65 54 49 42 40 65 77 69 63 41 14 66 79 90 37 76 72 68 93 64 7 9
10 10 10 10 10 10 10 10 10 10 10 10 10 10 10 10 10 10 10 10 10 10 10 10 10 10 10 10 10 10
r35 0.784104
86 41 44 6 89 8 63 44 52 98 79 14 72 46 73 14 52 36 88 43 68 62 12 34 55 71 36 56 76 91
84 84 84 84 84 84 84 84 84 84 84 84 84 84 84 84 84 84 84 84 84 84 84 84 84 84 84 84 84 84
r36 0.68558
25 57 19 28 18 58 72 16 34 82 83 75 52 89 28 83 75 63 51 37 70 77 84 41 13 40 14 97 21 68
29 29 29 29 29 29 29 29 29 29 29 29 29 29 29 29 29 29 29 29 29 29 29 29 29 29 29 29 29 29
r37 0.898424
43 62 36 93 35 47 28 14 30 95 61 20 23 44 87 81 87 24 48 65 5 84 70 40 90 67 53 59 89 87
77 77 77 77 77 77 77 77 77 77 77 77 77 77 77 77 77 77 77 77 77 77 77 77 77 77 77 77 77 77
r38 0.662424
13 23 77 52 43 83 74 38 44 89 54 80 73 32 67 92 76 29 89 57 95 26 48 59 75 99 48 59 73 70
6 6 6 6 6 6 6 6 6 6 6 6 6 6 6 6 6 6 6 6 6 6 6 6 6 6 6 6 6 6
r39 0.505917
78 30 28 61 99 61 97 86 15 77 59 43 42 49 16 66 38 68 58 60 16 15 32 15 58 86 83 28 88 61
13 13 13 13 13 13 13 13 13 13 13 13 13 13 13 13 13 13 13 13 13 13 13 13 13 13 13 13 13 13
r40 0.770125
36 22 83 90 19 69 97 89 28 40 31 69 51 89 8 20 45 60 28 55 87 39 10 70 19 31 58 76 36 19
59 59 59 59 59 59 59 59 59 59 59 59 59 59 59 59 59 59 59 59 59 59 59 59 59 59 59 59 59 59
r41 0.507101
42 55 47 8 52 33 29 85 59 93 33 46 93 48 86 53 69 38 37 5 43 8 19 66 58 87 98 72 44 63
5 5 5 5 5 5 5 5 5 5 5 5 5 5 5 5 5 5 5 5 5 5 5 5 5 5 5 5 5 5
r42 0.500418
45 82 62 73 11 47 30 99 76 71 90 21 54 43 85 87 76 82 27 76 97 86 34 84 84 99 25 47 99 99
57 57 57 57 57 57 57 57 57 57 57 57 57 57 57 57 57 57 57 57 57 57 57 57 57 57 57 57 57 57
r43 0.524858
19 15 87 59 40 83 32 11 73 48 57 14 31 41 82 13 60 58 7 46 87 84 30 83 9 69 80 8 26 21
84 84 84 84 84 84 84 84 84 84 84 84 84 84 84 84 84 84 84 84 84 84 84 84 84 84 84 84 84 84
r44 0.803639
68 89 66 49 21 69 22 61 26 28 87 59 10 93 20 60 92 61 45 76 84 28 78 53 8 81 72 25 63 10
48 48 48 48 48 48 48 48 48 48 48 48 48 48 48 48 48 48 48 48 48 48 48 48 48 48 48 48 48 48
r45 0.672201
15 72 12 76 87 68 95 15 53 54 18 46 66 73 35 28 18 12 12 39 82 57 42 60 29 59 23 31 8 44
22 22 22 22 22 22 22 22 22 22 22 22 22 22 22 22 22 22 22 22 22 22 22 22 22 22 22 22 22 22
r46 0.915857
29 86 95 90 81 8 43 33 21 81 94 86 16 22 5 20 26 36 97 76 73 58 5 33 73 29 36 17 43 46
29 29 29 29 29 29 29 29 29 29 29 29 29 29 29 29 29 29 29 29 29 29 29 29 29 29 29 29 29 29
r47 0.924842
21 58 11 24 93 39 40 74 33 24 85 51 21 98 69 52 95 45 25 50 43 50 24 67 81 36 10 24 57 70
49 49 49 49 49 49 49 49 49 49 49 49 49 49 49 49 49 49 49 49 49 49 49 49 49 49 49 49 49 49
r48 0.52896
55 90 18 89 28 87 22 47 70 65 63 68 35 12 60 72 32 11 15 75 30 74 53 58 80 73 13 47 22 79
68 68 68 68 68 68 68 68 68 68 68 68 68 68 68 68 68 68 68 68 68 68 68 68 68 68 68 68 68 68
r49 0.842502
78 61 89 63 75 36 33 41 91 96 68 98 56 40 28 59 51 98 84 25 51 40 97 21 48 42 38 24 10 7
85 85 85 85 85 85 85 85 85 85 85 85 85 85 85 85 85 85 85 85 85 85 85 85 85 85 85 85 85 85
r50 0.529954
75 43 36 8 71 69 95 64 37 90 18 69 15 72 17 10 54 35 54 89 29 70 34 66 6 53 71 5 38 52
61 61 61 61 61 61 61 61 61 61 61 61 61 61 61 61 61 61 61 61 61 61 61 61 61 61 61 61 61 61
r51 0.537261
89 14 59 55 6 20 84 88 33 53 99 98 66 6 52 93 55 38 22 23 67 84 24 17 52 24 47 96 77 53
84 84 84 84 84 84 84 84 84 84 84 84 84 84 84 84 84 84 84 84 84 84 84 84 84 84 84 84 84 84
r52 0.617599
40 18 63 55 97 51 84 48 47 79 11 49 31 99 96 64 21 19 28 97 35 40 50 52 82 43 29 32 27 85
89 89 89 89 89 89 89 89 89 89 89 89 89 89 89 89 89 89 89 89 89 89 89 89 89 89 89 89 89 89
r53 0.806237
49 18 93 93 94 41 40 73 47 81 96 46 78 57 59 89 80 54 25 17 96 72 91 39 93 24 59 78 13 21
77 77 77 77 77 77 77 77 77 77 77 77 77 77 77 77 77 77 77 77 77 77 77 77 77 77 77 77 77 77
r54 0.570493
70 48 22 11 83 87 50 62 83 88 40 40 44 29 17 93 46 29 89 18 21 26 12 37 80 85 42 93 59 92
25 25 25 25 25 25 25 25 25 25 25 25 25 25 25 25 25 25 25 25 25 25 25 25 25 25 25 25 25 25
r55 0.602473
42 29 21 30 74 78 10 62 15 43 7 36 55 92 78 80 79 88 93 5 92 27 77 75 64 70 34 57 90 56
89 89 89 89 89 89 89 89 89 89 89 89 89 89 89 89 89 89 89 89 89 89 89 89 89 89 89 89 89 89
r56 0.664757
10 52 52 80 57 11 90 95 13 24 48 98 94 25 77 82 18 74 72 37 51 47 96 21 76 50 12 29 40 34
7 7 7 7 7 7 7 7 7 7 7 7 7 7 7 7 7 7 7 7 7 7 7 7 7 7 7 7 7 7
r57 0.886077
51 23 38 57 10 31 63 29 74 61 20 94 38 98 9 9 70 41 55 14 34 71 85 80 75 12 20 9 11 57
85 85 85 85 85 85 85 85 85 85 85 85 85 85 85 85 85 85 85 85 85 85 85 85 85 85 85 85 85 85
r58 0.923779
21 11 81 44 69 7 15 30 23 6 60 21 10 64 83 43 19 92 72 83 74 49 58 78 64 60 81 22 42 38
89 89 89 89 89 89 89 89 89 89 89 89 89 89 89 89 89 89 89 89 89 89 89 89 89 89 89 89 89 89
r59 0.618876
70 94 11 73 6 37 91 7 89 9 9 54 84 47 65 73 17 45 47 61 96 23 23 56 99 37 90 35 26 46
72 72 72 72 72 72 72 72 72 72 72 72 72 72 72 72 72 72 72 72 72 72 72 72 72 72 72 72 72 72
r60 0.930296
78 62 39 12 50 41 94 54 46 48 35 85 10 8 97 48 47 56 44 65 74 92 62 8 79 92 29 25 61 18
55 55 55 55 55 55 55 55 55 55 55 55 55 55 55 55 55 55 55 55 55 55 55 55 55 55 55 55 55 55
r61 0.55128
89 44 25 27 38 71 65 78 6 51 80 9 45 28 52 96 64 14 67 53 71 70 33 63 92 50 24 10 5 56
81 81 81 81 81 81 81 81 81 81 81 81 81 81 81 81 81 81 81 81 81 81 81 81 81 81 81 81 81 81
r62 0.977642
98 14 27 67 74 97 68 25 74 70 63 95 22 56 59 28 24 10 95 86 38 58 78 80 75 81 81 28 59 67
17 17 17 17 17 17 17 17 17 17 17 17 17 17 17 17 17 17 17 17 17 17 17 17 17 17 17 17 17 17
r63 0.9093
36 24 51 33 85 68 99 55 31 94 69 83 51 92 99 56 84 82 89 40 58 69 12 39 47 35 90 15 44 47
83 83 83 83 83 83 83 83 83 83 83 83 83 83 83 83 83 83 83 83 83 83 83 83 83 83 83 83 83 83
r64 0.996939
31 5 46 95 96 93 23 91 59 98 42 48 94 93 33 74 79 68 29 45 75 63 88 7 50 95 43 92 78 15
53 53 53 53 53 53 53 53 53 53 53 53 53 53 53 53 53 53 53 53 53 53 53 53 53 53 53 53 53 53
r65 0.917232
91 97 11 84 17 94 43 13 36 87 7 29 20 73 5 83 97 46 55 57 31 57 7 23 95 92 96 10 45 98
17 17 17 17 17 17 17 17 17 17 17 17 17 17 17 17 17 17 17 17 17 17 17 17 17 17 17 17 17 17
r66 0.967465
20 18 10 12 57 18 43 44 17 65 56 83 65 36 80 8 86 38 31 40 37 49 32 29 43 34 67 41 43 96
34 34 34 34 34 34 34 34 34 34 34 34 34 34 34 34 34 34 34 34 34 34 34 34 34 34 34 34 34 34
r67 0.606688
36 62 63 46 6 7 55 63 55 38 28 86 16 29 69 46 55 9 78 5 33 5 43 62 67 76 97 60 7 53
69 69 69 69 69 69 69 69 69 69 69 69 69 69 69 69 69 69 69 69 69 69 69 69 69 69 69 69 69 69
r68 0.622854
33 76 13 32 29 71 80 59 92 66 70 21 36 16 68 37 87 65 63 87 5 22 51 77 20 11 76 65 72 12
75 75 75 75 75 75 75 75 75 75 75 75 75 75 75 75 75 75 75 75 75 75 75 75 75 75 75 75 75 75
r69 0.729506
81 27 9 49 7 61 41 68 31 54 96 40 23 31 24 83 89 11 84 11 54 58 23 60 34 83 29 38 56 27
19 19 19 19 19 19 19 19 19 19 19 19 19 19 19 19 19 19 19 19 19 19 19 19 19 19 19 19 19 19
r70 0.87984
20 81 48 76 20 13 5 69 7 40 84 33 56 68 19 62 49 25 13 99 41 65 30 24 89 64 72 13 75 9
54 54 54 54 54 54 54 54 54 54 54 54 54 54 54 54 54 54 54 54 54 54 54 54 54 54 54 54 54 54
r71 0.501433
94 64 98 8 61 64 7 93 49 35 49 14 46 11 55 63 16 54 99 76 76 21 65 40 88 71 12 93 22 95
73 73 73 73 73 73 73 73 73 73 73 73 73 73 73 73 73 73 73 73 73 73 73 73 73 73 73 73 73 73
r72 0.808298
68 17 17 32 19 10 73 46 54 82 87 57 37 50 68 83 50 44 60 66 6 92 54 72 97 44 87 92 14 99
48 48 48 48 48 48 48 48 48 48 48 48 48 48 48 48 48 48 48 48 48 48 48 48 48 48 48 48 48 48
r73 0.612678
60 10 24 62 78 65 16 58 49 65 90 94 33 71 41 69 28 99 67 17 51 37 14 90 24 6 5 20 46 74
28 28 28 28 28 28 28 28 28 28 28 28 28 28 28 28 28 28 28 28 28 28 28 28 28 28 28 28 28 28
r74 0.939225
47 60 55 9 71 13 53 33 95 47 61 63 81 27 86 80 87 99 31 24 13 19 40 12 16 55 53 85 78 52
62 62 62 62 62 62 62 62 62 62 62 62 62 62 62 62 62 62 62 62 62 62 62 62 62 62 62 62 62 62
r75 0.798978
17 26 76 22 71 9 14 15 63 73 91 82 56 69 69 52 95 88 58 11 28 65 22 75 15 5 53 62 62 67
67 67 67 67 67 67 67 67 67 67 67 67 67 67 67 67 67 67 67 67 67 67 67 67 67 67 67 67 67 67
r76 0.989767
43 88 56 44 94 67 7 67 58 85 21 24 54 68 20 40 26 23 60 83 41 36 94 41 81 53 95 46 17 69
31 31 31 31 31 31 31 31 31 31 31 31 31 31 31 31 31 31 31 31 31 31 31 31 31 31 31 31 31 31
r77 0.574889
83 92 48 47 91 13 97 76 29 22 28 89 34 60 16 52 20 91 85 48 85 23 30 36 18 71 48 79 94 93
33 33 33 33 33 33 33 33 33 33 33 33 33 33 33 33 33 33 33 33 33 33 33 33 33 33 33 33 33 33
r78 0.552053
74 21 76 82 16 50 8 33 70 92 59 30 5 11 42 92 92 86 74 15 13 7 29 76 48 8 70 41 34 45
23 23 23 23 23 23 23 23 23 23 23 23 23 23 23 23 23 23 23 23 23 23 23 23 23 23 23 23 23 23
r79 0.97354
94 82 69 41 82 97 11 74 56 36 72 60 74 64 49 57 35 56 65 38 80 41 78 81 11 19 12 48 37 12
7 7 7 7 7 7 7 7 7 7 7 7 7 7 7 7 7 7 7 7 7 7 7 7 7 7 7 7 7 7
r80 0.752077
71 65 68 66 71 39 22 5 11 74 71 67 23 28 98 75 85 33 52 26 11 30 29 22 37 70 51 41 72 74
27 27 27 27 27 27 27 27 27 27 27 27 27 27 27 27 27 27 27 27 27 27 27 27 27 27 27 27 27 27
r81 0.75806
90 9 5 30 24 5 33 93 71 96 14 94 94 81 79 24 33 97 27 59 23 44 88 88 87 27 57 61 49 96
90 90 90 90 90 90 90 90 90 90 90 90 90 90 90 90 90 90 90 90 90 90 90 90 90 90 90 90 90 90
r82 0.764931
90 59 21 90 87 12 58 83 18 52 74 94 28 93 24 22 20 78 37 56 64 23 43 83 75 97 32 71 87 61
66 66 66 66 66 66 66 66 66 66 66 66 66 66 66 66 66 66 66 66 66 66 66 66 66 66 66 66 66 66
r83 0.712207
82 61 5 86 19 83 99 66 55 90 86 45 15 5 61 85 37 14 46 55 50 29 31 47 54 94 31 15 60 97
31 31 31 31 31 31 31 31 31 31 31 31 31 31 31 31 31 31 31 31 31 31 31 31 31 31 31 31 31 31
r84 0.784005
28 23 72 11 20 35 58 10 21 99 17 18 57 98 50 66 44 98 16 66 26 55 20 17 78 30 70 75 53 10
33 33 33 33 33 33 33 33 33 33 33 33 33 33 33 33 33 33 33 33 33 33 33 33 33 33 33 33 33 33
r85 0.667204
97 80 43 32 38 46 45 37 58 58 89 56 6 53 93 96 61 59 22 17 71 31 87 96 96 63 50 6 88 23
27 27 27 27 27 27 27 27 27 27 27 27 27 27 27 27 27 27 27 27 27 27 27 27 27 27 27 27 27 27
r86 0.557282
62 15 37 8 53 69 59 8 56 12 6 9 97 97 65 56 16 74 27 43 62 21 39 22 63 38 7 81 60 85
80 80 80 80 80 80 80 80 80 80 80 80 80 80 80 80 80 80 80 80 80 80 80 80 80 80 80 80 80 80
r87 0.965863
14 23 46 78 77 46 31 81 48 35 79 42 93 32 54 64 52 92 26 68 28 40 31 61 43 9 21 25 84 36
18 18 18 18 18 18 18 18 18 18 18 18 18 18 18 18 18 18 18 18 18 18 18 18 18 18 18 18 18 18
r88 0.839168
56 69 25 98 95 6 43 28 80 80 18 13 34 77 57 23 96 25 47 33 48 5 68 52 19 89 37 47 99 27
93 93 93 93 93 93 93 93 93 93 93 93 93 93 93 93 93 93 93 93 93 93 93 93 93 93 93 93 93 93
r89 0.956586
15 51 81 13 86 9 86 66 19 91 93 91 48 13 84 68 52 18 16 53 81 60 64 67 89 11 67 17 96 20
5 5 5 5 5 5 5 5 5 5 5 5 5 5 5 5 5 5 5 5 5 5 5 5 5 5 5 5 5 5
r90 0.769854
78 19 49 82 5 12 93 91 97 82 39 11 66 99 55 76 12 5 55 68 64 19 57 70 78 66 66 93 64 69
53 53 53 53 53 53 53 53 53 53 53 53 53 53 53 53 53 53 53 53 53 53 53 53 53 53 53 53 53 53
r91 0.748271
94 22 81 7 15 70 96 89 6 99 56 6 55 29 13 52 76 73 17 91 28 82 69 89 46 60 50 15 13 88
91 91 91 91 91 91 91 91 91 91 91 91 91 91 91 91 91 91 91 91 91 91 91 91 91 91 91 91 91 91
r92 0.902673
70 7 17 40 95 7 41 95 55 39 47 76 45 94 53 18 8 41 41 83 10 28 29 65 73 36 71 58 25 71
60 60 60 60 60 60 60 60 60 60 60 60 60 60 60 60 60 60 60 60 60 60 60 60 60 60 60 60 60 60
r93 0.702708
70 27 65 69 63 60 21 95 99 92 40 91 42 50 94 78 84 77 84 12 98 46 77 35 17 33 55 83 88 42
53 53 53 53 53 53 53 53 53 53 53 53 53 53 53 53 53 53 53 53 53 53 53 53 53 53 53 53 53 53
r94 0.749966
19 24 27 71 37 22 68 30 54 59 67 5 50 43 84 28 27 91 26 65 65 53 75 93 8 55 79 45 9 31
9 9 9 9 9 9 9 9 9 9 9 9 9 9 9 9 9 9 9 9 9 9 9 9 9 9 9 9 9 9
r95 0.739583
29 83 80 43 51 7 93 10 70 93 56 10 74 76 29 65 94 89 27 48 64 18 48 20 89 89 21 20 90 33
63 63 63 63 63 63 63 63 63 63 63 63 63 63 63 63 63 63 63 63 63 63 63 63 63 63 63 63 63 63
r96 0.75263
41 52 63 43 45 65 10 35 18 15 9 89 39 66 81 29 85 29 85 98 72 97 87 58 15 5 49 43 60 57
55 55 55 55 55 55 55 55 55 55 55 55 55 55 55 55 55 55 55 55 55 55 55 55 55 55 55 55 55 55
r97 0.549478
15 40 46 75 45 76 86 56 77 72 90 40 53 16 26 77 94 24 50 88 9 8 99 6 49 39 61 99 89 58
8 8 8 8 8 8 8 8 8 8 8 8 8 8 8 8 8 8 8 8 8 8 8 8 8 8 8 8 8 8
r98 0.594957
47 72 38 20 55 89 93 27 77 33 76 85 51 50 76 71 95 65 72 96 61 73 42 95 34 41 82 84 42 78
77 77 77 77 77 77 77 77 77 77 77 77 77 77 77 77 77 77 77 77 77 77 77 77 77 77 77 77 77 77
r99 0.919389
13 99 97 97 89 22 71 20 93 54 66 43 30 34 36 90 6 29 51 71 66 47 98 5 26 82 39 99 60 20
47 47 47 47 47 47 47 47 47 47 47 47 47 47 47 47 47 47 47 47 47 47 47 47 47 47 47 47 47 47
r100 0.868918
41 62 6 58 31 21 48 80 82 84 10 17 20 93 15 41 44 79 99 83 77 99 9 59 35 6 16 50 45 76
62 62 62 62 62 62 62 62 62 62 62 62 62 62 62 62 62 62 62 62 62 62 62 62 62 62 62 62 62 62
r101 0.78031
60 37 62 76 80 42 55 64 44 64 76 37 72 17 74 51 17 57 28 13 59 82 44 60 91 86 5 67 48 78
98 98 98 98 98 98 98 98 98 98 98 98 98 98 98 98 98 98 98 98 98 98 98 98 98 98 98 98 98 98
r102 0.562272
60 76 88 94 29 52 39 85 26 71 57 35 42 8 44 95 31 53 51 11 89 8 97 75 8 61 21 78 60 18
89 89 89 89 89 89 89 89 89 89 89 89 89 89 89 89 89 89 89 89 89 89 89 89 89 89 89 89 89 89
r103 0.864443
77 15 16 26 46 96 47 14 54 75 52 57 19 47 81 67 90 87 53 93 81 26 93 42 39 71 94 52 60 15
39 39 39 39 39 39 39 39 39 39 39 39 39 39 39 39 39 39 39 39 39 39 39 39 39 39 39 39 39 39
r104 0.595393
47 56 63 44 95 72 90 70 21 44 85 60 25 49 50 9 95 43 82 21 36 22 52 8 16 99 60 26 36 90
40 40 40 40 40 40 40 40 40 40 40 40 40 40 40 40 40 40 40 40 40 40 40 40 40 40 40 40 40 40
r105 0.825261
95 19 38 65 6 9 81 46 86 42 63 32 87 65 27 28 47 43 56 64 87 56 76 87 17 94 20 99 32 93
42 42 42 42 42 42 42 42 42 42 42 42 42 42 42 42 42 42 42 42 42 42 42 42 42 42 42 42 42 42
r106 0.94576
72 84 11 73 66 49 59 5 13 87 84 70 11 12 17 50 64 74 37 20 47 21 29 38 36 25 65 27 62 85
29 29 29 29 29 29 29 29 29 29 29 29 29 29 29 29 29 29 29 29 29 29 29 29 29 29 29 29 29 29
r107 0.52838
35 5 32 80 57 32 85 41 17 55 47 21 64 92 77 35 27 90 77 40 19 16 69 40 76 91 94 58 20 26
28 28 28 28 28 28 28 28 28 28 28 28 28 28 28 28 28 28 28 28 28 28 28 28 28 28 28 28 28 28
r108 0.795795
52 24 76 80 6 17 89 53 59 10 18 49 83 48 71 73 23 8 84 34 72 21 7 60 13 61 75 34 84 20
53 53 53 53 53 53 53 53 53 53 53 53 53 53 53 53 53 53 53 53 53 53 53 53 53 53 53 53 53 53
r109 0.580494
26 13 38 38 94 86 93 97 96 42 77 42 10 47 60 13 31 89 81 45 91 41 53 52 14 79 33 26 30 62
57 57 57 57 57 57 57 57 57 57 57 57 57 57 57 57 57 57 57 57 57 57 57 57 57 57 57 57 57 57
r110 0.792146
87 85 59 74 75 56 70 14 33 12 19 75 67 24 98 53 97 40 45 36 88 89 42 65 23 63 90 77 17 38
41 41 41 41 41 41 41 41 41 41 41 41 41 41 41 41 41 41 41 41 41 41 41 41 41 41 41 41 41 41
r111 0.700864
95 74 90 51 41 96 76 46 15 48 10 32 44 59 29 79 96 60 65 85 97 30 5 57 17 77 70 47 16 67
63 63 63 63 63 63 63 63 63 63 63 63 63 63 63 63 63 63 63 63 63 63 63 63 63 63 63 63 63 63
r112 0.795012
50 55 74 47 28 17 54 72 23 81 16 74 11 87 70 63 52 52 58 74 53 15 86 27 77 31 38 44 89 42
77 77 77 77 77 77 77 77 77 77 77 77 77 77 77 77 77 77 77 77 77 77 77 77 77 77 77 77 77 77
r113 0.822029
49 75 20 58 30 84 73 8 92 47 11 80 14 67 29 62 25 99 12 32 82 34 10 13 65 46 94 7 24 28
91 91 91 91 91 91 91 91 91 91 91 91 91 91 91 91 91 91 91 91 91 91 91 91 91 91 91 91 91 91
r114 0.817495
8 23 25 88 92 26 77 36 32 54 46 94 79 5 16 78 9 44 57 35 49 66 95 90 57 94 11 80 85 68
79 79 79 79 79 79 79 79 79 79 79 79 79 79 79 79 79 79 79 79 79 79 79 79 79 79 79 79 79 79
r115 0.933511
96 74 73 22 48 9 47 98 47 41 77 44 50 52 48 89 9 79 35 67 71 22 25 66 29 5 51 89 76 37
73 73 73 73 73 73 73 73 73 73 73 73 73 73 73 73 73 73 73 73 73 73 73 73 73 73 73 73 73 73
r116 0.890083
46 87 52 48 34 47 87 68 21 32 18 68 75 7 69 51 34 37 23 51 57 84 72 54 32 62 31 65 32 96
65 65 65 65 65 65 65 65 65 65 65 65 65 65 65 65 65 65 65 65 65 65 65 65 65 65 65 65 65 65
r117 0.716907
17 19 15 56 98 78 72 30 91 40 98 90 10 49 24 39 67 70 91 51 40 42 79 97 65 41 26 61 6 92
42 42 42 42 42 42 42 42 42 42 42 42 42 42 42 42 42 42 42 42 42 42 42 42 42 42 42 42 42 42
r118 0.827687
52 67 7 27 40 29 18 72 27 5 74 72 21 13 39 83 96 83 23 39 59 17 99 92 39 58 90 28 92 6
32 32 32 32 32 32 32 32 32 32 32 32 32 32 32 32 32 32 32 32 32 32 32 32 32 32 32 32 32 32
r119 0.859785
31 66 98 55 76 70 78 73 45 50 89 50 81 72 47 61 88 78 17 5 74 9 39 29 95 60 21 93 87 57
56 56 56 56 56 56 56 56 56 56 56 56 56 56 56 56 56 56 56 56 56 56 56 56 56 56 56 56 56 56
r120 0.633149
54 65 91 22 40 64 59 82 50 9 61 20 48 22 8 23 35 5 93 36 37 19 28 92 36 22 79 88 73 86
9 9 9 9 9 9 9 9 9 9 9 9 9 9 9 9 9 9 9 9 9 9 9 9 9 9 9 9 9 9
r121 0.751181
92 42 84 57 96 66 99 97 27 19 46 42 22 61 72 20 54 5 52 66 29 44 97 43 20 82 16 6 86 33
49 49 49 49 49 49 49 49 49 49 49 49 49 49 49 49 49 49 49 49 49 49 49 49 49 49 49 49 49 49
r122 0.986855
33 33 60 92 32 58 19 44 96 56 58 57 25 73 9 26 25 70 47 64 64 85 79 46 93 77 30 27 27 6
89 89 89 89 89 89 89 89 89 89 89 89 89 89 89 89 89 89 89 89 89 89 89 89 89 89 89 89 89 89
r123 0.842917
50 44 55 5 56 94 96 9 53 50 27 26 51 45 47 21 87 8 77 72 80 24 65 54 46 84 76 47 74 26
70 70 70 70 70 70 70 70 70 70 70 70 70 70 70 70 70 70 70 70 70 70 70 70 70 70 70 70 70 70
r124 0.851977
25 18 15 20 11 17 68 56 39 86 8 79 30 21 63 31 94 35 11 15 92 60 56 77 34 95 48 52 65 64
14 14 14 14 14 14 14 14 14 14 14 14 14 14 14 14 14 14 14 14 14 14 14 14 14 14 14 14 14 14
r125 0.897004
22 97 83 34 62 36 68 49 36 44 71 53 99 97 47 34 5 57 26 61 10 95 87 5 43 39 62 7 45 47
76 76 76 76 76 76 76 76 76 76 76 76 76 76 76 76 76 76 76 76 76 76 76 76 76 76 76 76 76 76
r126 0.859646
56 88 99 88 53 45 21 92 17 69 91 11 13 22 12 62 41 65 67 36 52 64 75 83 26 74 28 66 51 83
8 8 8 8 8 8 8 8 8 8 8 8 8 8 8 8 8 8 8 8 8 8 8 8 8 8 8 8 8 8
r127 0.658576
99 84 25 42 6 14 51 70 98 57 79 17 61 38 50 26 6 82 70 62 54 50 84 28 71 47 71 54 47 71
22 22 22 22 22 22 22 22 22 22 22 22 22 22 22 22 22 22 22 22 22 22 22 22 22 22 22 22 22 22
r128 0.856473
39 83 53 46 31 24 41 84 95 53 42 30 99 64 31 78 31 86 32 77 70 55 48 14 24 94 56 90 16 94
42 42 42 42 42 42 42 42 42 42 42 42 42 42 42 42 42 42 42 42 42 42 42 42 42 42 42 42 42 42
r129 0.728274
91 89 6 12 30 85 99 75 28 29 71 84 56 49 15 39 76 84 6 29 29 15 48 23 66 35 32 60 72 75
35 35 35 35 35 35 35 35 35 35 35 35 35 35 35 35 35 35 35 35 35 35 35 35 35 35 35 35 35 35
r130 0.585655
37 67 83 19 66 58 39 91 27 23 44 71 31 78 45 12 79 69 37 89 14 55 52 44 79 9 13 54 40 69
12 12 12 12 12 12 12 12 12 12 12 12 12 12 12 12 12 12 12 12 12 12 12 12 12 12 12 12 12 12
r131 0.674906
87 83 95 43 23 86 65 38 27 36 61 97 73 69 76 42 98 62 48 53 11 84 30 15 93 76 47 62 84 16
90 90 90 90 90 90 90 90 90 90 90 90 90 90 90 90 90 90 90 90 90 90 90 90 90 90 90 90 90 90
r132 0.796748
82 14 12 65 74 45 87 8 99 84 76 65 57 16 63 16 56 13 22 41 38 30 34 15 72 88 91 84 75 62
76 76 76 76 76 76 76 76 76 76 76 76 76 76 76 76 76 76 76 76 76 76 76 76 76 76 76 76 76 76
r133 0.906205
80 20 40 25 5 43 21 84 17 81 39 28 41 47 79 50 65 17 80 87 46 90 59 31 78 43 7 41 16 57
7 7 7 7 7 7 7 7 7 7 7 7 7 7 7 7 7 7 7 7 7 7 7 7 7 7 7 7 7 7
r134 0.862252
42 14 72 81 27 54 90 9 85 15 42 32 86 84 89 99 65 76 45 52 36 72 31 71 71 64 80 25 66 68
92 92 92 92 92 92 92 92 92 92 92 92 92 92 92 92 92 92 92 92 92 92 92 92 92 92 92 92 92 92
r135 0.643594
62 81 5 16 71 6 93 81 43 25 68 25 12 67 85 83 9 34 16 73 60 80 44 24 60 64 85 28 54 86
98 98 98 98 98 98 98 98 98 98 98 98 98 98 98 98 98 98 98 98 98 98 98 98 98 98 98 98 98 98
r136 0.926589
95 24 39 96 14 20 36 34 80 56 38 47 38 19 52 68 30 25 28 10 62 45 62 23 27 86 72 13 84 80
76 76 76 76 76 76 76 76 76 76 76 76 76 76 76 76 76 76 76 76 76 76 76 76 76 76 76 76 76 76
r137 0.995458
12 72 10 27 5 37 8 54 70 47 87 84 94 55 12 17 76 14 71 18 72 89 40 55 59 46 36 39 22 12
33 33 33 33 33 33 33 33 33 33 33 33 33 33 33 33 33 33 33 33 33 33 33 33 33 33 33 33 33 33
r138 0.997844
35 48 76 67 48 30 35 91 18 19 82 65 23 91 38 33 62 48 5 52 84 55 11 27 86 42 41 90 67 62
69 69 69 69 69 69 69 69 69 69 69 69 69 69 69 69 69 69 69 69 69 69 69 69 69 69 69 69 69 69
r139 0.710737
42 65 51 68 95 39 78 12 21 43 30 10 74 55 67 22 55 16 98 7 19 25 85 57 61 75 21 23 41 19
26 26 26 26 26 26 26 26 26 26 26 26 26 26 26 26 26 26 26 26 26 26 26 26 26 26 26 26 26 26
r140 0.639286
72 47 69 8 25 73 24 60 96 29 31 51 89 46 7 5 44 6 20 62 87 69 23 59 85 39 96 97 57 75
71 71 71 71 71 71 71 71 71 71 71 71 71 71 71 71 71 71 71 71 71 71 71 71 71 71 71 71 71 71
r141 0.934777
40 32 36 11 48 91 7 70 20 53 56 61 52 56 97 54 71 59 38 37 75 92 23 14 88 17 66 60 83 87
74 74 74 74 74 74 74 74 74 74 74 74 74 74 74 74 74 74 74 74 74 74 74 74 74 74 74 74 74 74
r142 0.95984
10 29 56 94 28 23 14 77 74 67 26 31 64 75 94 21 10 32 91 98 47 97 83 59 63 44 42 47 15 57
55 55 55 55 55 55 55 55 55 55 55 55 55 55 55 55 55 55 55 55 55 55 55 55 55 55 55 55 55 55
r143 0.568788
11 12 7 30 18 76 96 77 98 24 41 70 19 57 76 43 45 71 85 42 54 41 97 90 75 44 98 29 91 16
8 8 8 8 8 8 8 8 8 8 8 8 8 8 8 8 8 8 8 8 8 8 8 8 8 8 8 8 8 8
r144 0.9397
8 25 33 76 18 7 74 38 43 42 52 93 18 87 38 84 72 73 35 10 70 23 80 12 18 9 98 29 10 93
41 41 41 41 41 41 41 41 41 41 41 41 41 41 41 41 41 41 41 41 41 41 41 41 41 41 41 41 41 41
r145 0.776554
66 81 29 68 53 62 8 90 11 96 5 93 32 81 62 97 13 64 67 31 44 74 41 45 70 65 47 63 98 49
71 71 71 71 71 71 71 71 71 71 71 71 71 71 71 71 71 71 71 71 71 71 71 71 71 71 71 71 71 71
r146 0.515272
95 32 76 54 36 66 60 29 63 50 56 44 12 53 52 71 18 76 12 84 17 49 54 75 92 15 73 41 78 38
64 64 64 64 64 64 64 64 64 64 64 64 64 64 64 64 64 64 64 64 64 64 64 64 64 64 64 64 64 64
r147 0.786214
40 27 96 98 79 26 61 29 74 5 33 25 50 96 38 26 8 19 38 49 66 13 38 73 82 75 51 17 36 24
77 77 77 77 77 77 77 77 77 77 77 77 77 77 77 77 77 77 77 77 77 77 77 77 77 77 77 77 77 77
r148 0.754379
71 64 22 92 23 43 63 20 71 83 65 64 18 86 64 33 22 13 91 30 47 64 9 19 15 21 47 31 91 16
69 69 69 69 69 69 69 69 69 69 69 69 69 69 69 69 69 69 69 69 69 69 69 69 69 69 69 69 69 69
r149 0.699282
83 51 91 26 14 11 89 90 72 53 8 55 17 33 72 25 24 98 64 80 99 78 90 18 23 21 9 34 82 66
7 7 7 7 7 7 7 7 7 7 7 7 7 7 7 7 7 7 7 7 7 7 7 7 7 7 7 7 7 7
r150 0.842568
93 83 23 5 72 13 69 22 14 24 34 39 92 52 56 87 13 36 83 84 24 96 7 37 5 36 20 63 36 77
72 72 72 72 72 72 72 72 72 72 72 72 72 72 72 72 72 72 72 72 72 72 72 72 72 72 72 72 72 72
r151 0.793048
88 26 30 93 90 48 7 15 74 42 99 26 90 86 32 26 69 16 45 63 18 75 60 46 90 24 77 67 88 7
25 25 25 25 25 25 25 25 25 25 25 25 25 25 25 25 25 25 25 25 25 25 25 25 25 25 25 25 25 25
r152 0.997385
51 67 16 91 69 23 65 8 22 84 93 5 16 17 66 27 54 26 40 29 82 81 19 6 59 79 86 58 96 60
78 78 78 78 78 78 78 78 78 78 78 78 78 78 78 78 78 78 78 78 78 78 78 78 78 78 78 78 78 78
r153 0.560657
86 35 88 9 96 92 23 80 82 20 91 94 79 15 49 5 50 70 82 28 82 80 79 58 67 37 54 24 13 94
46 46 46 46 46 46 46 46 46 46 46 46 46 46 46 46 46 46 46 46 46 46 46 46 46 46 46 46 46 46
r154 0.663637
34 99 22 23 19 97 98 35 85 92 14 95 38 11 42 6 89 66 83 69 45 41 33 75 90 52 83 81 90 74
11 11 11 11 11 11 11 11 11 11 11 11 11 11 11 11 11 11 11 11 11 11 11 11 11 11 11 11 11 11
r155 0.977547
25 40 85 20 38 17 97 28 26 93 58 29 32 59 18 90 42 80 33 75 13 8 66 61 83 44 48 57 47 68
28 28 28 28 28 28 28 28 28 28 28 28 28 28 28 28 28 28 28 28 28 28 28 28 28 28 28 28 28 28
r156 0.674185
13 83 36 25 80 56 43 70 12 67 98 66 78 85 6 58 18 73 63 21 39 21 99 79 65 54 26 33 77 86
31 31 31 31 31 31 31 31 31 31 31 31 31 31 31 31 31 31 31 31 31 31 31 31 31 31 31 31 31 31
r157 0.780606
60 99 47 16 42 14 23 6 9 82 76 90 80 34 8 53 93 22 85 14 18 61 74 67 79 5 41 66 28 20
32 32 32 32 32 32 32 32 32 32 32 32 32 32 32 32 32 32 32 32 32 32 32 32 32 32 32 32 32 32
r158 0.67919
71 95 53 81 15 52 82 89 28 72 69 58 73 23 48 90 5 57 5 61 29 65 37 26 6 98 49 22 28 33
33 33 33 33 33 33 33 33 33 33 33 33 33 33 33 33 33 33 33 33 33 33 33 33 33 33 33 33 33 33
r159 0.978089
82 72 32 34 52 22 54 21 86 12 89 6 52 76 98 7 77 59 31 42 92 52 40 87 96 54 12 26 83 7
43 43 43 43 43 43 43 43 43 43 43 43 43 43 43 43 43 43 43 43 43 43 43 43 43 43 43 43 43 43
r160 0.729605
71 88 20 88 42 37 71 47 23 73 94 95 71 93 69 28 24 8 17 68 40 96 62 90 9 80 70 8 24 32
74 74 74 74 74 74 74 74 74 74 74 74 74 74 74 74 74 74 74 74 74 74 74 74 74 74 74 74 74 74
r161 0.658286
87 78 54 24 49 93 42 19 85 34 83 78 98 8 95 98 20 63 39 16 22 26 17 98 91 20 22 20 87 12
32 32 32 32 32 32 32 32 32 32 32 32 32 32 32 32 32 32 32 32 32 32 32 32 32 32 32 32 32 32
r162 0.605219
78 93 28 69 32 40 54 62 23 29 60 23 24 56 35 80 90 43 94 13 56 92 99 71 11 16 58 15 40 32
92 92 92 92 92 92 92 92 92 92 92 92 92 92 92 92 92 92 92 92 92 92 92 92 92 92 92 92 92 92
r163 0.999067
18 79 50 53 33 12 68 55 64 83 74 20 18 51 7 56 46 15 12 35 11 79 42 19 34 52 54 62 42 65
79 79 79 79 79 79 79 79 79 79 79 79 79 79 79 79 79 79 79 79 79 79 79 79 79 79 79 79 79 79
r164 0.664502
26 97 70 33 62 25 93 45 91 10 58 40 13 14 78 20 19 13 27 90 47 41 24 92 88 78 34 53 55 78
89 89 89 89 89 89 89 89 89 89 89 89 89 89 89 89 89 89 89 89 89 89 89 89 89 89 89 89 89 89
r165 0.616471
59 10 37 76 95 77 65 5 35 97 13 41 75 26 52 83 48 42 28 81 62 20 69 37 49 19 87 24 9 64
94 94 94 94 94 94 94 94 94 94 94 94 94 94 94 94 94 94 94 94 94 94 94 94 94 94 94 94 94 94
r166 0.594838
31 37 61 5 94 61 32 91 67 65 66 88 18 46 33 55 69 11 14 84 73 47 30 87 34 49 91 90 40 49
56 56 56 56 56 56 56 56 56 56 56 56 56 56 56 56 56 56 56 56 56 56 56 56 56 56 56 56 56 56
r167 0.99016
17 63 72 71 90 63 38 56 26 23 66 67 48 21 34 54 28 18 27 67 41 12 93 85 95 84 23 44 40 81
22 22 22 22 22 22 22 22 22 22 22 22 22 22 22 22 22 22 22 22 22 22 22 22 22 22 22 22 22 22
r168 0.584297
89 21 35 52 51 83 73 66 49 38 14 63 67 60 83 77 83 50 18 90 40 96 85 24 19 27 57 95 44 7
40 40 40 40 40 40 40 40 40 40 40 40 40 40 40 40 40 40 40 40 40 40 40 40 40 40 40 40 40 40
r169 0.717841
68 78 66 48 49 32 90 82 41 53 46 96 33 23 76 75 37 63 15 33 46 32 44 68 84 39 12 86 75 38
6 6 6 6 6 6 6 6 6 6 6 6 6 6 6 6 6 6 6 6 6 6 6 6 6 6 6 6 6 6
r170 0.720164
67 83 61 91 73 40 29 23 81 22 51 99 94 23 36 54 34 61 92 61 5 60 42 40 65 28 12 95 26 44
12 12 12 12 12 12 12 12 12 12 12 12 12 12 12 12 12 12 12 12 12 12 12 12 12 12 12 12 12 12
r171 0.596914
65 76 93 5 5 13 81 22 57 78 13 75 11 60 9 68 52 62 65 10 99 97 67 24 6 62 45 45 67 30
65 65 65 65 65 65 65 65 65 65 65 65 65 65 65 65 65 65 65 65 65 65 65 65 65 65 65 65 65 65
r172 0.549366
58 30 95 63 8 15 20 81 23 91 88 75 92 53 28 52 18 30 51 16 89 68 17 48 10 55 15 33 20 40
31 31 31 31 31 31 31 31 31 31 31 31 31 31 31 31 31 31 31 31 31 31 31 31 31 31 31 31 31 31
r173 0.62913
27 33 62 37 49 44 52 40 29 28 29 74 48 76 87 70 25 95 59 88 10 7 93 60 15 26 72 47 50 42
9 9 9 9 9 9 9 9 9 9 9 9 9 9 9 9 9 9 9 9 9 9 9 9 9 9 9 9 9 9
r174 0.829762
66 6 16 7 53 48 28 73 73 97 18 49 85 83 66 77 39 54 82 39 45 39 49 66 11 91 16 45 92 80
13 13 13 13 13 13 13 13 13 13 13 13 13 13 13 13 13 13 13 13 13 13 13 13 13 13 13 13 13 13
r175 0.952476
24 58 32 68 81 97 41 79 16 82 61 91 49 38 28 95 18 62 40 49 8 99 53 91 12 93 83 88 6 38
66 66 66 66 66 66 66 66 66 66 66 66 66 66 66 66 66 66 66 66 66 66 66 66 66 66 66 66 66 66
r176 0.928606
90 86 73 88 27 49 96 6 10 87 47 40 12 43 50 69 78 95 69 74 45 60 82 38 43 70 37 77 33 55
65 65 65 65 65 65 65 65 65 65 65 65 65 65 65 65 65 65 65 65 65 65 65 65 65 65 65 65 65 65
r177 0.632782
35 12 60 79 8 61 81 87 9 19 95 47 64 61 22 56 31 89 96 83 71 32 27 38 64 96 66 16 58 85
52 52 52 52 52 52 52 52 52 52 52 52 52 52 52 52 52 52 52 52 52 52 52 52 52 52 52 52 52 52
r178 0.790888
12 65 92 65 44 77 66 58 69 10 22 30 25 71 53 14 67 37 80 94 56 18 55 49 79 66 7 62 15 88
51 51 51 51 51 51 51 51 51 51 51 51 51 51 51 51 51 51 51 51 51 51 51 51 51 51 51 51 51 51
r179 0.786139
41 77 93 15 43 48 79 49 65 6 69 33 52 78 96 84 58 87 37 68 40 81 44 98 80 6 14 69 50 25
20 20 20 20 20 20 20 20 20 20 20 20 20 20 20 20 20 20 20 20 20 20 20 20 20 20 20 20 20 20
r180 0.888996
13 90 41 56 69 82 18 70 48 44 22 26 40 98 76 24 32 41 59 10 80 58 86 79 64 52 26 84 67 6
79 79 79 79 79 79 79 79 79 79 79 79 79 79 79 79 79 79 79 79 79 79 79 79 79 79 79 79 79 79
r181 0.641867
20 25 60 94 35 27 42 74 42 60 11 37 36 31 65 72 85 67 49 40 53 28 99 97 49 81 64 50 60 33
41 41 41 41 41 41 41 41 41 41 41 41 41 41 41 41 41 41 41 41 41 41 41 41 41 41 41 41 41 41
r182 0.855383
93 63 84 18 5 58 55 60 65 84 88 88 46 57 70 14 6 11 59 30 7 57 71 80 18 22 40 47 55 9
95 95 95 95 95 95 95 95 95 95 95 95 95 95 95 95 95 95 95 95 95 95 95 95 95 95 95 95 95 95
r183 0.750321
76 59 64 35 11 24 92 87 9 80 34 61 50 43 63 53 94 88 53 51 59 33 62 73 66 9 26 70 96 64
35 35 35 35 35 35 35 35 35 35 35 35 35 35 35 35 35 35 35 35 35 35 35 35 35 35 35 35 35 35
r184 0.892417
94 5 26 16 89 13 17 66 39 74 13 74 37 62 69 22 15 20 73 43 74 44 6 78 62 72 72 26 99 42
41 41 41 41 41 41 41 41 41 41 41 41 41 41 41 41 41 41 41 41 41 41 41 41 41 41 41 41 41 41
r185 0.747158
59 98 28 64 16 89 99 82 94 73 19 56 42 33 63 55 98 99 26 42 5 97 96 69 69 22 65 11 55 56
45 45 45 45 45 45 45 45 45 45 45 45 45 45 45 45 45 45 45 45 45 45 45 45 45 45 45 45 45 45
r186 0.984596
65 71 62 51 67 44 45 37 55 94 72 80 57 27 79 53 48 18 54 42 15 20 11 29 81 14 80 37 51 86
83 83 83 83 83 83 83 83 83 83 83 83 83 83 83 83 83 83 83 83 83 83 83 83 83 83 83 83 83 83
r187 0.812717
43 62 21 79 5 54 35 94 26 15 48 45 86 97 85 5 48 28 12 60 34 36 41 41 13 70 87 92 51 96
46 46 46 46 46 46 46 46 46 46 46 46 46 46 46 46 46 46 46 46 46 46 46 46 46 46 46 46 46 46
r188 0.532859
63 65 55 14 92 46 35 5 90 72 86 84 57 83 29 80 90 84 12 24 23 48 32 85 32 24 36 28 66 22
79 79 79 79 79 79 79 79 79 79 79 79 79 79 79 79 79 79 79 79 79 79 79 79 79 79 79 79 79 79
r189 0.73881
31 35 75 73 62 75 60 34 59 41 86 42 62 64 30 46 68 49 61 13 73 47 40 93 78 61 56 93 40 74
73 73 73 73 73 73 73 73 73 73 73 73 73 73 73 73 73 73 73 73 73 73 73 73 73 73 73 73 73 73
r190 0.581447
45 36 66 18 88 92 72 29 78 11 86 39 36 30 7 77 83 15 51 30 51 41 6 9 92 91 44 66 64 99
67 67 67 67 67 67 67 67 67 67 67 67 67 67 67 67 67 67 67 67 67 67 67 67 67 67 67 67 67 67
r191 0.597196
30 19 21 22 83 43 92 90 29 32 23 51 34 96 32 42 47 57 88 80 55 89 72 46 30 35 7 29 94 9
57 57 57 57 57 57 57 57 57 57 57 57 57 57 57 57 57 57 57 57 57 57 57 57 57 57 57 57 57 57
r192 0.816915
74 38 99 17 30 86 38 57 9 82 84 97 14 26 41 63 11 21 19 95 85 57 25 20 60 49 11 61 7 30
73 73 73 73 73 73 73 73 73 73 73 73 73 73 73 73 73 73 73 73 73 73 73 73 73 73 73 73 73 73
r193 0.651476
72 85 86 58 20 40 60 97 24 57 11 42 94 70 45 15 81 40 96 38 57 13 90 99 20 48 98 45 22 71
6 6 6 6 6 6 6 6 6 6 6 6 6 6 6 6 6 6 6 6 6 6 6 6 6 6 6 6 6 6
r194 0.871272
84 45 68 24 5 66 41 57 72 78 51 39 24 62 20 56 55 51 14 63 41 10 78 85 8 21 99 74 19 88
27 27 27 27 27 27 27 27 27 27 27 27 27 27 27 27 27 27 27 27 27 27 27 27 27 27 27 27 27 27
r195 0.67887
87 22 30 53 58 80 23 34 31 57 50 85 70 98 40 21 9 96 54 14 74 36 17 87 35 83 6 21 7 99
43 43 43 43 43 43 43 43 43 43 43 43 43 43 43 43 43 43 43 43 43 43 43 43 43 43 43 43 43 43
r196 0.613156
69 43 69 49 58 95 72 13 45 55 78 44 90 91 45 83 42 55 58 74 67 42 6 48 44 19 50 40 58 40
51 51 51 51 51 51 51 51 51 51 51 51 51 51 51 51 51 51 51 51 51 51 51 51 51 51 51 51 51 51
r197 0.726067
21 65 34 16 37 42 54 84 17 90 75 8 35 58 43 85 13 14 50 51 12 93 87 27 40 27 77 73 74 96
49 49 49 49 49 49 49 49 49 49 49 49 49 49 49 49 49 49 49 49 49 49 49 49 49 49 49 49 49 49
r198 0.645795
78 95 87 18 49 72 30 36 44 31 67 94 69 49 8 75 91 51 82 81 38 9 22 57 78 90 28 71 39 15
29 29 29 29 29 29 29 29 29 29 29 29 29 29 29 29 29 29 29 29 29 29 29 29 29 29 29 29 29 29
r199 0.802148
17 27 52 84 50 84 25 76 51 19 42 92 19 17 84 65 91 65 95 96 82 50 71 69 73 43 5 81 67 15
84 84 84 84 84 84 84 84 84 84 84 84 84 84 84 84 84 84 84 84 84 84 84 84 84 84 84 84 84 84
r200 0.678366
36 57 76 20 77 49 63 92 86 56 11 95 37 69 87 97 64 80 77 11 51 46 77 86 44 58 51 51 42 27
80 80 80 80 80 80 80 80 80 80 80 80 80 80 80 80 80 80 80 80 80 80 80 80 80 80 80 80 80 80
