200 30 1 1 15
0 0.25
37440 30562 44849 35839 34860 34897 34394 40578 37880 33540 41957 30920 43478 30502 30910 41696 44703 35317 37654 35257 39781 44028 40560 40552 42846 43348 30209 40024 42137 30747
w1 0.5
3077 3161 3882 3268 2021 2780 2015 3951 1660 2555 3908 2932 4386 1762 3842 4082 4466 3159 3088 4075 4292 2116 2635 2844 3315 3984 3405 4339 4473 1504
w2 0.5
3402 3165 3255 2170 3686 1887 2685 3490 2399 4093 3250 3831 4331 3513 3525 3913 3831 2536 2502 3406 2328 3470 1541 4024 2637 4377 3282 2476 4350 3286
w3 0.5
3252 1952 4308 4275 4490 1695 2812 3480 2594 2757 2231 2277 2588 1596 4302 2002 3927 2338 3356 2833 3518 2678 2874 3042 3816 2752 1824 2144 2954 3963
w4 0.5
1707 4415 3005 1834 1757 3200 3146 4090 1646 4404 2173 2775 2492 2269 2577 3346 2048 3767 2202 3381 2785 3733 2107 1680 3049 3711 2356 4045 2166 1819
w5 0.5
2725 2086 4248 3059 2344 2949 1705 2286 3447 1961 2959 1723 2954 4080 3152 2152 1628 2420 2855 3509 4057 2440 4468 4237 4341 3680 2094 3886 4346 2765
w6 0.5
2923 3352 1878 4482 1548 3679 2039 2334 2626 2501 4145 3201 4307 3725 1854 1959 3853 3126 3666 3214 2683 1606 3182 2773 4447 2714 3367 4186 2912 1632
w7 0.5
4335 3836 2193 1669 4236 4372 2209 2422 2851 3562 2067 1904 3369 1644 2258 3828 4349 4236 3347 3415 2420 3453 2098 3693 3753 3664 2912 3439 2077 3396
w8 0.5
2264 3085 1800 2434 2821 2024 3143 3744 3727 2205 1663 4132 4426 1808 2242 3754 1657 1979 2953 3925 3251 1907 1875 2796 1512 4039 4208 3451 1968 3456
w9 0.5
2733 2041 3357 3667 3363 4234 2662 2959 3461 3719 3122 3445 3645 3782 4188 3251 4292 2019 1705 3717 3770 2464 4092 2066 2476 3631 2126 4427 4100 4082
w10 0.5
2685 1976 2194 1852 3839 2280 3014 2650 4241 2585 4272 3539 1730 3907 3227 3481 3699 3746 4038 3268 3368 2002 2860 4286 2978 2343 1912 2905 2295 1846
w11 0.5
3480 2322 2788 4184 2013 3568 3050 3163 3661 4135 3288 2700 1717 2695 1779 3699 2246 4377 3589 4014 3597 4092 2726 3383 2922 3569 3795 1680 1717 4494
w12 0.5
4049 2316 3562 3734 2830 2982 2284 1845 2495 2272 3633 3696 2489 1828 4327 2040 2574 1557 4130 2440 3654 4074 3666 2538 2496 3088 2185 2676 3305 2179
w13 0.5
2854 3348 2864 2440 2030 4346 3577 2375 2342 4349 1509 1890 2690 2189 2069 3231 3264 2126 3213 1556 4281 3139 3723 2671 4135 2311 3356 2664 4468 4388
w14 0.5
3174 3588 3331 4115 4118 3177 3544 1993 4371 3393 2354 1761 1935 3044 2331 4018 2160 2957 3083 2216 3090 1722 4439 4261 1710 2602 3470 2874 2570 3358
w15 0.5
4245 2446 2171 4212 2064 4201 3256 2909 4072 2501 4116 1686 2936 2660 2517 2807 3320 4326 4390 4388 3269 1613 1680 3030 1823 2782 2000 3549 4205 4210
r1 0.547871
86 43 64 7 6 92 39 88 68 5 94 51 60 33 58 27 30 16 55 54 34 92 66 84 95 72 5 52 74 66
19 19 19 19 19 19 19 19 19 19 19 19 19 19 19 19 19 19 19 19 19 19 19 19 19 19 19 19 19 19
r2 0.881142
75 60 7 67 94 91 32 91 82 78 51 16 34 70 38 45 23 84 71 15 50 52 7 19 52 54 89 15 65 47
17 17 17 17 17 17 17 17 17 17 17 17 17 17 17 17 17 17 17 17 17 17 17 17 17 17 17 17 17 17
r3 0.711758
19 99 94 7 31 85 85 7 34 93 36 96 31 73 19 12 41 30 54 88 29 69 37 79 55 47 44 94 56 80
93 93 93 93 93 93 93 93 93 93 93 93 93 93 93 93 93 93 93 93 93 93 93 93 93 93 93 93 93 93
r4 0.830158
84 70 8 67 55 10 96 45 38 92 71 8 9 75 44 31 30 29 55 91 58 34 46 97 71 37 54 48 30 25
24 24 24 24 24 24 24 24 24 24 24 24 24 24 24 24 24 24 24 24 24 24 24 24 24 24 24 24 24 24
r5 0.935985
24 77 43 29 70 80 59 59 52 59 63 24 95 86 49 21 42 40 74 68 78 72 36 15 23 79 38 40 96 45
27 27 27 27 27 27 27 27 27 27 27 27 27 27 27 27 27 27 27 27 27 27 27 27 27 27 27 27 27 27
r6 0.654412
65 42 84 46 96 40 90 53 96 11 48 82 56 65 24 91 39 85 67 8 21 77 26 93 15 61 89 55 84 6
69 69 69 69 69 69 69 69 69 69 69 69 69 69 69 69 69 69 69 69 69 69 69 69 69 69 69 69 69 69
r7 0.826341
50 84 37 86 71 85 82 78 33 64 34 93 81 22 30 63 81 30 76 59 49 69 66 10 55 19 86 57 80 30
92 92 92 92 92 92 92 92 92 92 92 92 92 92 92 92 92 92 92 92 92 92 92 92 92 92 92 92 92 92
r8 0.560928
29 14 78 14 88 56 43 49 82 33 27 96 55 85 78 81 59 34 27 28 92 29 76 11 16 30 84 38 22 12
44 44 44 44 44 44 44 44 44 44 44 44 44 44 44 44 44 44 44 44 44 44 44 44 44 44 44 44 44 44
r9 0.871276
22 53 6 70 88 50 49 22 73 46 69 55 24 47 14 50 69 35 42 94 8 46 7 33 30 37 47 34 76 89
47 47 47 47 47 47 47 47 47 47 47 47 47 47 47 47 47 47 47 47 47 47 47 47 47 47 47 47 47 47
r10 0.680265
45 61 28 87 11 42 57 49 12 13 65 54 19 15 21 49 52 12 49 90 11 77 20 43 25 46 16 11 85 7
46 46 46 46 46 46 46 46 46 46 46 46 46 46 46 46 46 46 46 46 46 46 46 46 46 46 46 46 46 46
r11 0.672451
70 18 67 12 70 13 16 75 73 63 90 83 79 36 32 83 81 23 89 55 35 32 72 74 43 76 59 43 22 85
99 99 99 99 99 99 99 99 99 99 99 99 99 99 99 99 99 99 99 99 99 99 99 99 99 99 99 99 99 99
r12 0.895255
63 89 65 71 97 38 44 60 25 24 36 56 48 19 34 63 8 82 91 35 54 65 71 30 24 14 45 6 13 26
96 96 96 96 96 96 96 96 96 96 96 96 96 96 96 96 96 96 96 96 96 96 96 96 96 96 96 96 96 96
r13 0.956492
62 39 13 92 75 65 17 94 97 68 39 16 95 98 20 77 86 47 31 51 18 54 67 24 94 69 32 20 65 95
28 28 28 28 28 28 28 28 28 28 28 28 28 28 28 28 28 28 28 28 28 28 28 28 28 28 28 28 28 28
r14 0.766742
33 16 6 93 28 92 87 89 32 99 81 27 16 58 13 58 81 56 69 35 23 88 26 84 18 42 50 10 62 66
37 37 37 37 37 37 37 37 37 37 37 37 37 37 37 37 37 37 37 37 37 37 37 37 37 37 37 37 37 37
r15 0.83459
38 80 98 28 68 84 52 67 62 71 75 20 79 33 94 32 94 26 47 83 48 32 93 82 74 98 44 40 35 31
15 15 15 15 15 15 15 15 15 15 15 15 15 15 15 15 15 15 15 15 15 15 15 15 15 15 15 15 15 15
r16 0.946564
11 86 71 87 38 35 50 9 10 65 80 39 56 9 33 78 51 13 23 78 6 5 49 97 41 85 29 64 92 87
67 67 67 67 67 67 67 67 67 67 67 67 67 67 67 67 67 67 67 67 67 67 67 67 67 67 67 67 67 67
r17 0.8158
39 86 11 69 36 12 72 93 87 11 47 88 36 25 40 42 40 15 40 37 60 34 73 42 59 34 34 46 96 30
17 17 17 17 17 17 17 17 17 17 17 17 17 17 17 17 17 17 17 17 17 17 17 17 17 17 17 17 17 17
r18 0.640743
20 94 44 28 66 34 12 69 73 96 97 93 33 39 30 43 72 62 95 6 32 37 60 61 64 99 55 89 16 82
97 97 97 97 97 97 97 97 97 97 97 97 97 97 97 97 97 97 97 97 97 97 97 97 97 97 97 97 97 97
r19 0.941572
38 51 42 64 56 11 38 49 9 28 77 40 54 20 12 16 13 14 44 42 66 97 6 62 52 90 73 35 84 97
8 8 8 8 8 8 8 8 8 8 8 8 8 8 8 8 8 8 8 8 8 8 8 8 8 8 8 8 8 8
r20 0.590529
46 79 96 49 17 45 50 37 22 86 86 35 90 95 40 96 39 77 60 33 79 22 81 66 91 13 48 85 16 62
30 30 30 30 30 30 30 30 30 30 30 30 30 30 30 30 30 30 30 30 30 30 30 30 30 30 30 30 30 30
r21 0.551909
24 99 50 64 49 83 79 32 66 11 23 61 43 16 92 20 71 26 91 89 99 58 77 12 98 62 23 60 84 73
94 94 94 94 94 94 94 94 94 94 94 94 94 94 94 94 94 94 94 94 94 94 94 94 94 94 94 94 94 94
r22 0.698429
41 65 18 21 44 43 83 47 58 41 85 69 31 97 41 52 89 30 51 47 99 58 45 61 73 97 45 46 91 46
12 12 12 12 12 12 12 12 12 12 12 12 12 12 12 12 12 12 12 12 12 12 12 12 12 12 12 12 12 12
r23 0.631253
23 46 47 61 26 86 19 60 71 80 86 65 21 38 54 43 81 96 42 36 38 95 9 33 38 48 24 79 55 46
82 82 82 82 82 82 82 82 82 82 82 82 82 82 82 82 82 82 82 82 82 82 82 82 82 82 82 82 82 82
r24 0.93853
29 31 11 12 42 66 78 23 52 40 36 82 90 75 60 83 14 91 22 7 93 50 37 38 66 16 85 13 90 56
93 93 93 93 93 93 93 93 93 93 93 93 93 93 93 93 93 93 93 93 93 93 93 93 93 93 93 93 93 93
r25 0.974773
96 26 25 63 96 40 12 36 71 87 23 43 47 7 50 36 24 52 26 66 84 59 29 92 41 34 82 92 24 93
72 72 72 72 72 72 72 72 72 72 72 72 72 72 72 72 72 72 72 72 72 72 72 72 72 72 72 72 72 72
r26 0.59842
89 79 9 29 83 37 95 70 56 39 18 58 81 49 74 33 67 37 14 23 58 98 59 88 77 49 12 67 18 28
75 75 75 75 75 75 75 75 75 75 75 75 75 75 75 75 75 75 75 75 75 75 75 75 75 75 75 75 75 75
r27 0.750994
79 28 83 13 23 53 61 54 63 16 35 9 82 60 71 19 66 89 73 61 46 58 38 90 65 5 8 86 72 7
82 82 82 82 82 82 82 82 82 82 82 82 82 82 82 82 82 82 82 82 82 82 82 82 82 82 82 82 82 82
r28 0.98395
65 57 45 16 15 92 71 27 27 73 9 80 44 21 43 31 86 5 69 44 38 56 6 36 56 84 8 58 67 52
80 80 80 80 80 80 80 80 80 80 80 80 80 80 80 80 80 80 80 80 80 80 80 80 80 80 80 80 80 80
r29 0.823748
25 37 16 17 6 38 37 74 40 14 15 53 52 38 39 52 7 75 83 58 73 16 14 58 16 64 22 60 44 43
61 61 61 61 61 61 61 61 61 61 61 61 61 61 61 61 61 61 61 61 61 61 61 61 61 61 61 61 61 61
r30 0.7699
73 77 77 8 11 48 40 20 58 88 68 92 27 17 94 94 95 50 68 8 59 23 20 24 40 75 60 78 34 25
51 51 51 51 51 51 51 51 51 51 51 51 51 51 51 51 51 51 51 51 51 51 51 51 51 51 51 51 51 51
r31 0.991972
25 7 6 68 43 22 27 28 82 19 48 94 10 42 87 55 7 90 12 25 7 28 57 75 83 33 9 6 79 8
96 96 96 96 96 96 96 96 96 96 96 96 96 96 96 96 96 96 96 96 96 96 96 96 96 96 96 96 96 96
r32 0.54753
94 65 45 13 84 66 87 98 14 82 6 51 66 56 51 53 60 71 56 83 29 28 64 57 32 65 33 35 58 30
37 37 37 37 37 37 37 37 37 37 37 37 37 37 37 37 37 37 37 37 37 37 37 37 37 37 37 37 37 37
r33 0.97114
75 58 72 41 45 68 47 24 69 90 82 22 41 36 78 13 84 58 34 12 22 83 36 82 13 66 37 36 95 85
24 24 24 24 24 24 24 24 24 24 24 24 24 24 24 24 24 24 24 24 24 24 24 24 24 24 24 24 24 24
r34 0.925868
91 8 77 56 50 94 25 41 76 40 74 9 15 82 88 68 13 92 86 91 28 65 97 86 98 33 79 80 52 49
17 17 17 17 17 17 17 17 17 17 17 17 17 17 17 17 17 17 17 17 17 17 17 17 17 17 17 17 17 17
r35 0.625918
89 92 92 83 17 30 57 49 5 61 59 82 47 28 88 39 11 76 60 68 73 43 63 6 22 40 53 64 52 86
11 11 11 11 11 11 11 11 11 11 11 11 11 11 11 11 11 11 11 11 11 11 11 11 11 11 11 11 11 11
r36 0.594991
98 19 87 29 71 37 29 33 91 8 75 16 91 11 19 65 63 80 38 7 43 40 21 79 85 77 31 71 83 62
49 49 49 49 49 49 49 49 49 49 49 49 49 49 49 49 49 49 49 49 49 49 49 49 49 49 49 49 49 49
r37 0.906089
37 8 48 66 29 73 54 32 48 63 21 52 77 81 12 57 16 11 93 51 28 72 37 5 95 8 81 55 50 60
32 32 32 32 32 32 32 32 32 32 32 32 32 32 32 32 32 32 32 32 32 32 32 32 32 32 32 32 32 32
r38 0.560816
75 45 87 46 94 16 86 57 29 38 32 7 46 81 19 52 71 65 72 40 94 70 33 95 51 83 45 11 15 24
66 66 66 66 66 66 66 66 66 66 66 66 66 66 66 66 66 66 66 66 66 66 66 66 66 66 66 66 66 66
r39 0.763757
53 28 55 61 15 10 86 45 34 88 83 12 99 33 79 65 5 19 56 67 47 51 15 30 91 21 37 12 79 20
68 68 68 68 68 68 68 68 68 68 68 68 68 68 68 68 68 68 68 68 68 68 68 68 68 68 68 68 68 68
r40 0.901295
24 86 47 26 72 88 52 57 68 59 57 96 38 19 94 50 70 61 92 22 69 20 10 85 52 18 65 64 81 89
97 97 97 97 97 97 97 97 97 97 97 97 97 97 97 97 97 97 97 97 97 97 97 97 97 97 97 97 97 97
r41 0.671372
44 20 44 29 67 94 93 27 48 89 57 62 80 99 29 39 89 43 8 9 49 85 53 59 47 15 40 37 12 35
9 9 9 9 9 9 9 9 9 9 9 9 9 9 9 9 9 9 9 9 9 9 9 9 9 9 9 9 9 9
r42 0.584936
46 73 18 40 66 37 83 52 86 42 30 86 66 64 75 10 64 76 51 49 26 7 92 36 42 26 40 72 30 84
20 20 20 20 20 20 20 20 20 20 20 20 20 20 20 20 20 20 20 20 20 20 20 20 20 20 20 20 20 20
r43 0.909286
33 8 20 65 86 64 48 28 89 34 87 50 6 89 14 77 40 56 99 42 48 32 76 69 68 46 91 49 61 60
98 98 98 98 98 98 98 98 98 98 98 98 98 98 98 98 98 98 98 98 98 98 98 98 98 98 98 98 98 98
r44 0.626487
18 48 50 74 91 70 61 26 57 11 24 46 18 97 78 69 93 17 14 25 89 75 85 32 66 34 85 23 32 71
82 82 82 82 82 82 82 82 82 82 82 82 82 82 82 82 82 82 82 82 82 82 82 82 82 82 82 82 82 82
r45 0.787784
29 17 10 91 70 28 49 73 48 87 86 42 66 52 35 75 58 52 61 33 35 88 92 64 73 15 89 41 89 28
55 55 55 55 55 55 55 55 55 55 55 55 55 55 55 55 55 55 55 55 55 55 55 55 55 55 55 55 55 55
r46 0.793897
58 7 7 78 48 76 23 32 59 60 90 9 87 66 62 37 27 88 67 13 80 28 81 87 14 23 74 38 70 84
70 70 70 70 70 70 70 70 70 70 70 70 70 70 70 70 70 70 70 70 70 70 70 70 70 70 70 70 70 70
r47 0.525765
70 99 28 43 22 53 97 75 43 98 59 6 58 91 29 46 55 34 26 76 15 10 85 30 79 20 93 64 83 18
44 44 44 44 44 44 44 44 44 44 44 44 44 44 44 44 44 44 44 44 44 44 44 44 44 44 44 44 44 44
r48 0.727618
68 91 32 18 85 7 56 81 61 55 39 50 76 80 5 10 98 76 17 8 62 43 83 74 36 47 57 46 83 10
59 59 59 59 59 59 59 59 59 59 59 59 59 59 59 59 59 59 59 59 59 59 59 59 59 59 59 59 59 59
r49 0.646151
83 61 79 85 15 60 43 65 91 88 41 71 86 46 69 62 58 72 21 93 55 91 26 94 48 68 75 51 24 23
44 44 44 44 44 44 44 44 44 44 44 44 44 44 44 44 44 44 44 44 44 44 44 44 44 44 44 44 44 44
r50 0.819217
20 84 90 72 27 52 63 13 88 34 94 34 98 56 84 68 70 78 20 58 99 15 6 64 85 52 83 5 89 82
80 80 80 80 80 80 80 80 80 80 80 80 80 80 80 80 80 80 80 80 80 80 80 80 80 80 80 80 80 80
r51 0.823648
67 77 86 16 37 94 99 67 85 30 62 38 15 30 8 88 46 61 84 53 60 49 35 9 29 35 93 12 13 95
73 73 73 73 73 73 73 73 73 73 73 73 73 73 73 73 73 73 73 73 73 73 73 73 73 73 73 73 73 73
r52 0.639284
56 84 6 50 83 68 35 11 28 66 21 53 69 6 91 28 85 44 83 31 71 84 56 7 78 63 15 70 33 79
39 39 39 39 39 39 39 39 39 39 39 39 39 39 39 39 39 39 39 39 39 39 39 39 39 39 39 39 39 39
r53 0.703526
40 32 44 6 60 50 29 26 66 74 90 64 66 15 46 7 93 73 74 78 29 73 53 84 80 20 17 59 51 94
20 20 20 20 20 20 20 20 20 20 20 20 20 20 20 20 20 20 20 20 20 20 20 20 20 20 20 20 20 20
r54 0.54626
59 84 82 9 10 8 67 77 90 31 40 6 72 39 91 42 13 66 63 78 16 47 58 31 57 15 77 51 30 61
70 70 70 70 70 70 70 70 70 70 70 70 70 70 70 70 70 70 70 70 70 70 70 70 70 70 70 70 70 70
r55 0.821869
49 85 45 52 52 22 40 75 54 38 47 88 29 82 97 91 45 72 99 88 31 31 42 38 5 85 63 58 56 44
93 93 93 93 93 93 93 93 93 93 93 93 93 93 93 93 93 93 93 93 93 93 93 93 93 93 93 93 93 93
r56 0.971081
35 50 73 52 82 48 6 20 87 89 44 69 83 32 15 53 32 95 76 55 37 14 52 22 72 8 70 16 96 68
37 37 37 37 37 37 37 37 37 37 37 37 37 37 37 37 37 37 37 37 37 37 37 37 37 37 37 37 37 37
r57 0.87116
10 75 92 53 73 9 40 59 48 10 40 73 17 88 97 12 64 52 44 70 96 58 42 99 29 50 95 89 82 23
99 99 99 99 99 99 99 99 99 99 99 99 99 99 99 99 99 99 99 99 99 99 99 99 99 99 99 99 99 99
r58 0.873988
88 37 63 92 72 20 37 74 55 10 86 40 7 90 96 51 34 66 48 85 5 44 14 50 37 95 29 55 94 13
43 43 43 43 43 43 43 43 43 43 43 43 43 43 43 43 43 43 43 43 43 43 43 43 43 43 43 43 43 43
r59 0.631578
6 71 14 18 8 84 65 11 67 5 10 58 96 54 84 59 97 69 59 38 75 9 70 70 30 23 61 38 61 40
78 78 78 78 78 78 78 78 78 78 78 78 78 78 78 78 78 78 78 78 78 78 78 78 78 78 78 78 78 78
r60 0.59321
88 73 9 69 38 15 36 39 17 86 32 66 71 87 60 40 46 94 16 48 64 81 73 82 43 12 43 75 82 95
79 79 79 79 79 79 79 79 79 79 79 79 79 79 79 79 79 79 79 79 79 79 79 79 79 79 79 79 79 79
r61 0.921897
83 39 98 93 68 34 7 54 62 69 25 46 29 58 84 20 69 32 80 47 98 59 85 7 95 61 81 90 37 49
55 55 55 55 55 55 55 55 55 55 55 55 55 55 55 55 55 55 55 55 55 55 55 55 55 55 55 55 55 55
r62 0.641112
53 10 48 83 12 95 42 76 20 83 98 70 67 15 39 92 87 82 87 47 64 86 39 22 67 29 54 16 76 69
92 92 92 92 92 92 92 92 92 92 92 92 92 92 92 92 92 92 92 92 92 92 92 92 92 92 92 92 92 92
r63 0.674562
37 12 79 32 49 55 45 29 50 15 89 61 47 78 48 29 65 87 88 48 26 8 12 47 57 21 23 24 13 48
93 93 93 93 93 93 93 93 93 93 93 93 93 93 93 93 93 93 93 93 93 93 93 93 93 93 93 93 93 93
r64 0.604048
72 70 94 25 12 23 67 22 9 25 64 82 69 85 44 53 71 84 72 74 92 19 31 13 35 50 18 75 41 55
24 24 24 24 24 24 24 24 24 24 24 24 24 24 24 24 24 24 24 24 24 24 24 24 24 24 24 24 24 24
r65 0.819555
18 27 29 34 90 47 38 12 8 18 73 89 54 27 57 39 94 31 31 10 54 39 40 97 52 12 35 7 32 40
25 25 25 25 25 25 25 25 25 25 25 25 25 25 25 25 25 25 25 25 25 25 25 25 25 25 25 25 25 25
r66 0.881839
46 71 47 88 7 54 89 20 28 75 69 47 32 8 38 55 31 43 9 65 76 98 14 83 33 14 15 66 34 53
23 23 23 23 23 23 23 23 23 23 23 23 23 23 23 23 23 23 23 23 23 23 23 23 23 23 23 23 23 23
r67 0.509248
65 61 23 16 47 38 36 22 5 78 46 5 16 96 32 52 97 89 25 96 99 8 26 13 16 87 39 61 10 11
77 77 77 77 77 77 77 77 77 77 77 77 77 77 77 77 77 77 77 77 77 77 77 77 77 77 77 77 77 77
r68 0.717658
96 79 11 31 15 25 31 86 66 29 94 62 56 46 60 45 66 56 44 67 77 49 75 62 83 36 64 90 13 32
54 54 54 54 54 54 54 54 54 54 54 54 54 54 54 54 54 54 54 54 54 54 54 54 54 54 54 54 54 54
r69 0.886837
61 36 15 81 59 96 45 80 91 7 33 34 59 74 93 15 15 57 85 60 32 44 40 63 8 30 68 32 80 70
32 32 32 32 32 32 32 32 32 32 32 32 32 32 32 32 32 32 32 32 32 32 32 32 32 32 32 32 32 32
r70 0.703905
43 16 54 36 56 35 24 59 63 51 18 34 44 26 42 96 8 94 25 47 34 80 47 60 48 72 37 18 99 70
16 16 16 16 16 16 16 16 16 16 16 16 16 16 16 16 16 16 16 16 16 16 16 16 16 16 16 16 16 16
r71 0.567231
66 71 35 93 90 89 56 41 99 86 77 22 28 70 22 19 90 64 48 67 9 8 16 73 37 26 72 99 35 12
78 78 78 78 78 78 78 78 78 78 78 78 78 78 78 78 78 78 78 78 78 78 78 78 78 78 78 78 78 78
r72 0.737671
13 86 65 94 39 99 90 22 76 13 42 44 30 56 34 87 5 97 88 5 10 61 38 28 33 37 58 37 12 48
12 12 12 12 12 12 12 12 12 12 12 12 12 12 12 12 12 12 12 12 12 12 12 12 12 12 12 12 12 12
r73 0.675955
70 14 66 66 5 83 42 10 26 81 32 77 13 19 77 7 7 75 9 60 13 32 86 42 83 23 50 31 28 62
58 58 58 58 58 58 58 58 58 58 58 58 58 58 58 58 58 58 58 58 58 58 58 58 58 58 58 58 58 58
r74 0.559748
21 56 69 99 93 74 25 72 6 95 77 18 72 76 17 47 80 73 52 9 59 87 84 74 37 16 94 94 66 84
63 63 63 63 63 63 63 63 63 63 63 63 63 63 63 63 63 63 63 63 63 63 63 63 63 63 63 63 63 63
r75 0.883732
29 78 31 98 99 95 97 94 69 12 63 45 21 8 22 89 55 26 45 39 11 17 68 19 11 63 77 88 23 56
28 28 28 28 28 28 28 28 28 28 28 28 28 28 28 28 28 28 28 28 28 28 28 28 28 28 28 28 28 28
r76 0.818365
51 43 33 43 37 24 12 44 80 52 61 83 69 47 35 88 85 70 91 94 38 10 97 93 79 85 14 35 11 57
64 64 64 64 64 64 64 64 64 64 64 64 64 64 64 64 64 64 64 64 64 64 64 64 64 64 64 64 64 64
r77 0.740141
90 93 30 11 5 66 86 50 24 69 16 64 97 99 46 67 90 40 97 92 34 91 71 17 5 98 20 54 63 69
43 43 43 43 43 43 43 43 43 43 43 43 43 43 43 43 43 43 43 43 43 43 43 43 43 43 43 43 43 43
r78 0.905039
68 59 60 32 43 7 48 12 18 12 6 15 50 68 97 85 63 90 17 51 58 29 48 54 41 97 17 10 40 62
62 62 62 62 62 62 62 62 62 62 62 62 62 62 62 62 62 62 62 62 62 62 62 62 62 62 62 62 62 62
r79 0.857168
19 30 56 21 73 61 34 81 62 44 31 28 42 14 86 29 23 37 79 47 80 33 80 74 45 85 11 99 44 9
18 18 18 18 18 18 18 18 18 18 18 18 18 18 18 18 18 18 18 18 18 18 18 18 18 18 18 18 18 18
r80 0.52959
69 74 8 27 9 81 85 45 9 13 79 15 91 8 33 25 80 72 97 13 52 71 51 35 74 50 74 76 60 33
10 10 10 10 10 10 10 10 10 10 10 10 10 10 10 10 10 10 10 10 10 10 10 10 10 10 10 10 10 10
r81 0.586809
10 49 8 83 34 46 88 39 25 98 30 29 29 50 9 96 44 14 49 15 60 76 82 8 50 58 63 78 60 85
78 78 78 78 78 78 78 78 78 78 78 78 78 78 78 78 78 78 78 78 78 78 78 78 78 78 78 78 78 78
r82 0.909476
81 49 61 27 34 93 45 30 20 69 54 63 70 50 7 79 91 15 37 67 92 37 18 47 95 88 7 78 66 65
10 10 10 10 10 10 10 10 10 10 10 10 10 10 10 10 10 10 10 10 10 10 10 10 10 10 10 10 10 10
r83 0.769021
63 64 41 53 9 66 69 70 17 32 40 63 31 17 54 41 46 19 30 78 29 72 70 17 75 48 76 37 50 21
44 44 44 44 44 44 44 44 44 44 44 44 44 44 44 44 44 44 44 44 44 44 44 44 44 44 44 44 44 44
r84 0.929262
78 56 82 41 25 52 54 49 85 17 73 94 63 14 40 74 40 18 98 9 80 16 76 26 84 14 68 97 50 74
74 74 74 74 74 74 74 74 74 74 74 74 74 74 74 74 74 74 74 74 74 74 74 74 74 74 74 74 74 74
r85 0.671532
56 65 45 6 19 87 83 28 60 77 83 69 14 58 6 24 56 8 99 64 79 25 48 88 89 45 39 60 17 62
83 83 83 83 83 83 83 83 83 83 83 83 83 83 83 83 83 83 83 83 83 83 83 83 83 83 83 83 83 83
r86 0.985523
29 66 35 16 46 58 68 23 42 34 29 95 36 48 48 39 45 13 15 65 56 99 51 94 35 12 11 89 87 71
14 14 14 14 14 14 14 14 14 14 14 14 14 14 14 14 14 14 14 14 14 14 14 14 14 14 14 14 14 14
r87 0.693556
44 21 76 95 84 92 37 19 21 29 47 62 72 78 7 80 88 64 34 87 16 25 19 20 31 9 99 94 18 13
29 29 29 29 29 29 29 29 29 29 29 29 29 29 29 29 29 29 29 29 29 29 29 29 29 29 29 29 29 29
r88 0.844471
98 49 14 90 78 25 8 7 67 65 75 45 64 55 33 29 81 18 40 6 32 52 32 36 51 24 46 59 45 93
81 81 81 81 81 81 81 81 81 81 81 81 81 81 81 81 81 81 81 81 81 81 81 81 81 81 81 81 81 81
r89 0.688035
87 30 18 12 34 20 71 91 87 16 56 43 41 80 24 54 17 23 79 64 47 12 15 66 54 67 12 44 45 50
78 78 78 78 78 78 78 78 78 78 78 78 78 78 78 78 78 78 78 78 78 78 78 78 78 78 78 78 78 78
r90 0.918147
91 36 7 9 7 93 91 15 49 31 51 26 48 98 38 66 77 97 13 84 10 72 35 69 79 71 14 26 50 38
94 94 94 94 94 94 94 94 94 94 94 94 94 94 94 94 94 94 94 94 94 94 94 94 94 94 94 94 94 94
r91 0.763219
93 39 68 87 28 75 33 54 23 55 94 21 88 57 90 83 63 72 85 35 99 54 11 71 63 29 21 93 24 51
59 59 59 59 59 59 59 59 59 59 59 59 59 59 59 59 59 59 59 59 59 59 59 59 59 59 59 59 59 59
r92 0.539355
27 96 14 94 27 60 17 77 55 34 62 9 21 42 67 88 27 97 88 76 5 59 36 30 72 29 46 23 83 55
6 6 6 6 6 6 6 6 6 6 6 6 6 6 6 6 6 6 6 6 6 6 6 6 6 6 6 6 6 6
r93 0.819477
15 96 71 68 14 45 20 40 7 24 53 42 87 42 64 81 27 41 82 78 69 9 47 94 50 65 74 97 64 74
46 46 46 46 46 46 46 46 46 46 46 46 46 46 46 46 46 46 46 46 46 46 46 46 46 46 46 46 46 46
r94 0.553571
14 39 76 54 54 13 54 74 62 91 58 96 52 39 20 85 18 93 55 22 40 46 64 97 20 62 61 89 5 30
57 57 57 57 57 57 57 57 57 57 57 57 57 57 57 57 57 57 57 57 57 57 57 57 57 57 57 57 57 57
r95 0.641052
30 64 19 36 15 85 90 6 43 83 54 74 98 39 88 88 86 7 25 32 67 22 45 26 76 31 26 6 80 36
62 62 62 62 62 62 62 62 62 62 62 62 62 62 62 62 62 62 62 62 62 62 62 62 62 62 62 62 62 62
r96 0.958967
73 39 8 58 26 7 93 9 53 65 99 84 53 87 71 52 12 95 19 26 40 40 97 67 62 95 47 90 55 50
83 83 83 83 83 83 83 83 83 83 83 83 83 83 83 83 83 83 83 83 83 83 83 83 83 83 83 83 83 83
r97 0.605844
84 79 7 86 72 11 36 37 10 20 82 89 83 35 96 79 46 23 19 79 17 78 38 10 26 28 60 68 9 83
50 50 50 50 50 50 50 50 50 50 50 50 50 50 50 50 50 50 50 50 50 50 50 50 50 50 50 50 50 50
r98 0.883332
52 71 32 56 7 61 58 19 41 48 98 71 41 74 14 56 85 88 69 64 26 71 82 47 28 47 51 11 92 36
66 66 66 66 66 66 66 66 66 66 66 66 66 66 66 66 66 66 66 66 66 66 66 66 66 66 66 66 66 66
r99 0.748946
90 90 6 51 48 17 87 88 12 55 30 81 65 81 64 50 47 25 69 18 99 16 41 46 59 45 36 90 8 73
89 89 89 89 89 89 89 89 89 89 89 89 89 89 89 89 89 89 89 89 89 89 89 89 89 89 89 89 89 89
r100 0.849763
87 41 8 96 26 92 9 76 22 82 38 95 46 84 43 66 53 53 65 61 87 12 20 29 43 7 32 13 88 22
68 68 68 68 68 68 68 68 68 68 68 68 68 68 68 68 68 68 68 68 68 68 68 68 68 68 68 68 68 68
r101 0.524875
71 68 79 63 72 53 77 55 83 73 96 67 13 63 17 61 25 70 45 32 85 69 67 84 96 75 72 15 43 44
69 69 69 69 69 69 69 69 69 69 69 69 69 69 69 69 69 69 69 69 69 69 69 69 69 69 69 69 69 69
r102 0.529386
45 70 77 90 48 32 74 18 26 38 26 81 48 82 6 18 25 31 96 89 93 80 83 66 50 93 6 89 59 13
94 94 94 94 94 94 94 94 94 94 94 94 94 94 94 94 94 94 94 94 94 94 94 94 94 94 94 94 94 94
r103 0.950207
72 87 24 96 61 34 19 95 55 95 43 34 94 56 54 25 52 44 15 30 27 76 75 17 75 61 72 83 56 69
59 59 59 59 59 59 59 59 59 59 59 59 59 59 59 59 59 59 59 59 59 59 59 59 59 59 59 59 59 59
r104 0.885714
75 18 18 9 33 13 56 25 48 86 19 99 37 39 49 76 50 71 95 23 46 13 93 99 77 74 55 46 30 72
94 94 94 94 94 94 94 94 94 94 94 94 94 94 94 94 94 94 94 94 94 94 94 94 94 94 94 94 94 94
r105 0.68114
12 99 16 17 56 33 60 39 48 57 71 82 6 45 29 69 37 45 15 42 35 14 19 9 62 57 32 31 52 30
14 14 14 14 14 14 14 14 14 14 14 14 14 14 14 14 14 14 14 14 14 14 14 14 14 14 14 14 14 14
r106 0.685693
22 69 77 51 26 16 94 78 80 73 76 22 95 45 54 40 52 92 70 59 8 72 21 61 99 44 10 26 51 58
47 47 47 47 47 47 47 47 47 47 47 47 47 47 47 47 47 47 47 47 47 47 47 47 47 47 47 47 47 47
r107 0.826291
22 16 46 33 7 21 10 76 93 27 68 35 77 5 83 66 70 39 69 39 52 27 35 91 29 56 42 83 96 8
7 7 7 7 7 7 7 7 7 7 7 7 7 7 7 7 7 7 7 7 7 7 7 7 7 7 7 7 7 7
r108 0.688549
48 43 22 65 49 90 55 68 58 82 42 58 62 8 25 96 70 57 48 89 87 37 16 41 71 94 37 74 93 47
89 89 89 89 89 89 89 89 89 89 89 89 89 89 89 89 89 89 89 89 89 89 89 89 89 89 89 89 89 89
r109 0.578737
8 96 31 93 51 95 48 30 37 98 88 38 20 81 5 72 30 89 60 59 5 93 30 91 27 5 82 69 86 21
54 54 54 54 54 54 54 54 54 54 54 54 54 54 54 54 54 54 54 54 54 54 54 54 54 54 54 54 54 54
r110 0.571197
78 76 60 73 24 85 7 19 70 40 34 52 40 7 74 27 59 33 24 52 58 13 74 55 90 43 41 11 89 24
23 23 23 23 23 23 23 23 23 23 23 23 23 23 23 23 23 23 23 23 23 23 23 23 23 23 23 23 23 23
r111 0.837941
78 37 19 60 40 30 31 72 60 78 13 59 49 32 18 77 51 62 32 59 36 83 49 71 21 55 57 41 70 25
36 36 36 36 36 36 36 36 36 36 36 36 36 36 36 36 36 36 36 36 36 36 36 36 36 36 36 36 36 36
r112 0.612033
48 6 89 70 29 62 30 99 67 84 48 91 94 22 42 56 49 94 87 29 43 55 43 91 13 79 58 30 12 99
79 79 79 79 79 79 79 79 79 79 79 79 79 79 79 79 79 79 79 79 79 79 79 79 79 79 79 79 79 79
r113 0.892738
66 23 26 28 45 25 87 27 68 78 21 85 17 73 31 11 57 56 47 13 94 35 18 70 88 43 74 84 19 24
81 81 81 81 81 81 81 81 81 81 81 81 81 81 81 81 81 81 81 81 81 81 81 81 81 81 81 81 81 81
r114 0.582875
7 5 79 27 87 98 87 62 20 69 72 88 96 78 42 49 22 50 40 52 63 7 38 98 76 19 18 92 96 93
31 31 31 31 31 31 31 31 31 31 31 31 31 31 31 31 31 31 31 31 31 31 31 31 31 31 31 31 31 31
r115 0.94947
8 23 78 6 7 38 18 72 10 98 68 80 41 17 98 83 49 47 44 51 77 42 27 92 52 17 88 46 43 83
37 37 37 37 37 37 37 37 37 37 37 37 37 37 37 37 37 37 37 37 37 37 37 37 37 37 37 37 37 37
r116 0.821682
12 42 6 45 55 73 47 54 38 28 87 47 26 70 91 65 14 42 40 49 61 32 96 73 17 39 14 95 71 49
91 91 91 91 91 91 91 91 91 91 91 91 91 91 91 91 91 91 91 91 91 91 91 91 91 91 91 91 91 91
r117 0.643863
92 18 39 62 61 85 95 84 72 39 7 42 30 67 49 67 7 93 25 31 89 94 43 29 5 36 92 49 24 65
36 36 36 36 36 36 36 36 36 36 36 36 36 36 36 36 36 36 36 36 36 36 36 36 36 36 36 36 36 36
r118 0.986276
67 70 40 52 62 24 24 96 26 58 23 85 7 82 85 95 7 13 82 93 49 11 93 80 95 43 99 61 71 12
40 40 40 40 40 40 40 40 40 40 40 40 40 40 40 40 40 40 40 40 40 40 40 40 40 40 40 40 40 40
r119 0.930459
75 82 36 91 6 29 14 59 47 91 62 26 73 54 28 82 36 22 31 39 12 8 35 50 99 88 18 11 25 48
77 77 77 77 77 77 77 77 77 77 77 77 77 77 77 77 77 77 77 77 77 77 77 77 77 77 77 77 77 77
r120 0.991885
10 83 31 34 92 83 73 83 42 94 57 91 19 36 28 36 62 59 44 65 86 86 61 74 97 67 94 45 41 86
71 71 71 71 71 71 71 71 71 71 71 71 71 71 71 71 71 71 71 71 71 71 71 71 71 71 71 71 71 71
r121 0.745172
94 72 58 74 45 39 16 36 88 5 50 24 25 79 78 79 23 43 66 6 96 40 98 63 32 44 96 15 12 42
77 77 77 77 77 77 77 77 77 77 77 77 77 77 77 77 77 77 77 77 77 77 77 77 77 77 77 77 77 77
r122 0.784905
35 73 51 66 81 79 54 78 26 73 98 5 51 78 20 86 41 22 82 76 17 42 5 53 35 16 57 69 85 56
75 75 75 75 75 75 75 75 75 75 75 75 75 75 75 75 75 75 75 75 75 75 75 75 75 75 75 75 75 75
r123 0.631967
23 79 99 97 30 78 24 99 76 21 47 51 37 31 87 51 10 61 60 45 61 14 75 69 66 45 51 19 20 64
40 40 40 40 40 40 40 40 40 40 40 40 40 40 40 40 40 40 40 40 40 40 40 40 40 40 40 40 40 40
r124 0.507862
37 33 68 15 49 64 83 66 9 35 95 32 22 46 34 75 6 74 37 15 47 98 74 84 50 88 96 14 26 32
49 49 49 49 49 49 49 49 49 49 49 49 49 49 49 49 49 49 49 49 49 49 49 49 49 49 49 49 49 49
r125 0.939254
14 65 7 71 48 68 72 75 60 99 90 6 30 65 5 5 94 12 44 90 81 25 40 67 21 46 85 46 87 43
99 99 99 99 99 99 99 99 99 99 99 99 99 99 99 99 99 99 99 99 99 99 99 99 99 99 99 99 99 99
r126 0.624562
98 64 45 64 33 21 24 32 8 26 58 68 23 55 60 30 91 50 9 16 85 71 29 28 56 67 12 91 66 5
91 91 91 91 91 91 91 91 91 91 91 91 91 91 91 91 91 91 91 91 91 91 91 91 91 91 91 91 91 91
r127 0.563958
33 26 90 46 45 20 49 63 70 18 81 22 73 9 13 20 13 21 97 79 42 25 32 10 32 23 68 29 11 30
86 86 86 86 86 86 86 86 86 86 86 86 86 86 86 86 86 86 86 86 86 86 86 86 86 86 86 86 86 86
r128 0.533886
74 78 89 89 27 52 56 37 31 73 10 35 78 22 40 94 19 19 36 39 43 38 63 58 7 85 64 32 71 95
76 76 76 76 76 76 76 76 76 76 76 76 76 76 76 76 76 76 76 76 76 76 76 76 76 76 76 76 76 76
r129 0.901616
65 31 93 14 82 30 37 55 33 64 33 50 99 24 65 15 53 96 53 86 57 11 85 42 67 15 13 60 86 51
30 30 30 30 30 30 30 30 30 30 30 30 30 30 30 30 30 30 30 30 30 30 30 30 30 30 30 30 30 30
r130 0.960854
23 54 57 46 84 9 74 45 35 21 42 54 81 52 99 75 98 83 32 6 68 69 66 75 74 23 58 25 48 98
95 95 95 95 95 95 95 95 95 95 95 95 95 95 95 95 95 95 95 95 95 95 95 95 95 95 95 95 95 95
r131 0.940454
52 7 34 53 73 74 83 89 13 38 68 61 34 43 56 17 70 54 78 39 20 53 13 35 12 31 76 10 26 40
55 55 55 55 55 55 55 55 55 55 55 55 55 55 55 55 55 55 55 55 55 55 55 55 55 55 55 55 55 55
r132 0.939307
81 23 12 53 99 96 61 37 64 19 63 99 67 76 69 22 51 5 34 96 11 65 5 37 41 8 55 73 55 22
12 12 12 12 12 12 12 12 12 12 12 12 12 12 12 12 12 12 12 12 12 12 12 12 12 12 12 12 12 12
r133 0.776438
16 82 36 12 43 65 69 55 29 65 22 97 35 39 45 32 66 41 38 28 42 67 64 45 19 34 95 33 38 29
63 63 63 63 63 63 63 63 63 63 63 63 63 63 63 63 63 63 63 63 63 63 63 63 63 63 63 63 63 63
r134 0.837468
94 53 50 57 19 5 78 80 19 75 12 51 20 39 17 53 70 40 90 34 96 32 49 27 25 74 57 49 37 6
56 56 56 56 56 56 56 56 56 56 56 56 56 56 56 56 56 56 56 56 56 56 56 56 56 56 56 56 56 56
r135 0.984376
98 81 66 95 59 46 14 34 50 60 46 84 69 91 51 6 79 81 94 11 27 18 31 96 70 73 31 68 29 55
20 20 20 20 20 20 20 20 20 20 20 20 20 20 20 20 20 20 20 20 20 20 20 20 20 20 20 20 20 20
r136 0.741233
81 19 90 24 25 21 66 78 59 50 44 50 94 43 29 75 37 33 94 51 56 90 18 29 18 82 50 68 97 66
99 99 99 99 99 99 99 99 99 99 99 99 99 99 99 99 99 99 99 99 99 99 99 99 99 99 99 99 99 99
r137 0.772726
89 91 95 7 57 73 61 99 14 9 93 52 30 65 82 58 59 30 12 47 43 33 60 25 76 29 19 42 28 89
20 20 20 20 20 20 20 20 20 20 20 20 20 20 20 20 20 20 20 20 20 20 20 20 20 20 20 20 20 20
r138 0.878878
12 14 34 80 71 31 86 72 24 39 97 85 21 53 41 46 57 83 81 85 41 7 61 62 21 96 82 8 13 92
77 77 77 77 77 77 77 77 77 77 77 77 77 77 77 77 77 77 77 77 77 77 77 77 77 77 77 77 77 77
r139 0.759169
12 92 70 35 78 42 54 17 36 36 30 81 70 68 38 50 50 24 86 52 77 48 65 70 31 65 78 20 43 90
19 19 19 19 19 19 19 19 19 19 19 19 19 19 19 19 19 19 19 19 19 19 19 19 19 19 19 19 19 19
r140 0.755909
81 77 61 20 28 70 52 60 93 33 27 61 64 72 11 83 56 55 57 99 18 28 27 78 98 40 18 89 54 60
68 68 68 68 68 68 68 68 68 68 68 68 68 68 68 68 68 68 68 68 68 68 68 68 68 68 68 68 68 68
r141 0.912373
26 51 58 89 95 15 82 26 37 43 85 6 50 65 57 5 19 54 15 39 76 89 38 16 99 24 63 57 87 91
86 86 86 86 86 86 86 86 86 86 86 86 86 86 86 86 86 86 86 86 86 86 86 86 86 86 86 86 86 86
r142 0.510921
41 95 35 48 77 53 77 20 38 79 62 95 36 60 14 85 70 49 59 56 79 67 56 98 30 10 82 18 91 88
53 53 53 53 53 53 53 53 53 53 53 53 53 53 53 53 53 53 53 53 53 53 53 53 53 53 53 53 53 53
r143 0.770305
80 73 60 33 48 73 63 27 35 58 55 90 64 38 61 13 92 14 87 56 65 82 82 70 65 95 59 50 45 81
34 34 34 34 34 34 34 34 34 34 34 34 34 34 34 34 34 34 34 34 34 34 34 34 34 34 34 34 34 34
r144 0.614806
89 53 94 59 16 18 90 66 69 80 31 99 38 36 88 48 21 44 10 98 23 76 60 16 32 11 56 13 37 77
59 59 59 59 59 59 59 59 59 59 59 59 59 59 59 59 59 59 59 59 59 59 59 59 59 59 59 59 59 59
r145 0.647056
54 78 36 67 68 97 33 45 25 32 79 57 20 24 70 57 29 65 75 97 23 86 26 29 43 34 58 17 86 76
39 39 39 39 39 39 39 39 39 39 39 39 39 39 39 39 39 39 39 39 39 39 39 39 39 39 39 39 39 39
r146 0.599208
70 96 19 68 30 60 85 54 36 42 67 55 9 24 76 70 94 71 88 81 92 14 21 27 67 33 10 40 67 42
90 90 90 90 90 90 90 90 90 90 90 90 90 90 90 90 90 90 90 90 90 90 90 90 90 90 90 90 90 90
r147 0.59506
6 95 60 58 80 15 89 20 77 41 24 96 15 89 87 81 74 68 73 83 81 92 47 14 97 83 74 36 70 9
70 70 70 70 70 70 70 70 70 70 70 70 70 70 70 70 70 70 70 70 70 70 70 70 70 70 70 70 70 70
r148 0.949213
30 30 76 37 16 91 11 53 16 99 63 97 87 41 69 52 14 49 34 99 92 40 96 72 11 33 42 12 95 10
8 8 8 8 8 8 8 8 8 8 8 8 8 8 8 8 8 8 8 8 8 8 8 8 8 8 8 8 8 8
r149 0.577309
80 55 41 71 61 86 79 61 46 74 45 82 43 92 88 84 23 87 76 56 81 45 62 14 79 70 6 82 70 23
14 14 14 14 14 14 14 14 14 14 14 14 14 14 14 14 14 14 14 14 14 14 14 14 14 14 14 14 14 14
r150 0.856057
47 19 32 33 90 85 74 61 27 56 96 19 45 81 35 29 54 86 10 95 48 16 74 15 17 56 81 36 63 28
6 6 6 6 6 6 6 6 6 6 6 6 6 6 6 6 6 6 6 6 6 6 6 6 6 6 6 6 6 6
r151 0.685544
30 39 30 12 13 86 34 62 80 49 99 61 76 28 15 62 34 10 7 45 80 15 58 33 88 86 91 16 87 94
51 51 51 51 51 51 51 51 51 51 51 51 51 51 51 51 51 51 51 51 51 51 51 51 51 51 51 51 51 51
r152 0.628695
73 22 38 56 52 95 36 93 94 92 69 20 5 28 49 10 27 89 82 37 44 13 25 30 99 34 15 90 77 25
23 23 23 23 23 23 23 23 23 23 23 23 23 23 23 23 23 23 23 23 23 23 23 23 23 23 23 23 23 23
r153 0.920586
54 98 86 46 32 76 38 21 42 53 21 65 97 27 88 83 6 25 25 14 43 50 11 72 57 96 49 77 17 91
17 17 17 17 17 17 17 17 17 17 17 17 17 17 17 17 17 17 17 17 17 17 17 17 17 17 17 17 17 17
r154 0.953437
95 9 18 72 42 35 14 90 51 72 84 70 57 65 72 74 85 81 17 35 84 81 88 81 30 62 90 18 71 53
5 5 5 5 5 5 5 5 5 5 5 5 5 5 5 5 5 5 5 5 5 5 5 5 5 5 5 5 5 5
r155 0.576982
18 33 95 48 42 82 92 11 64 62 63 29 34 35 14 13 47 41 92 29 26 70 51 84 57 62 52 10 62 16
60 60 60 60 60 60 60 60 60 60 60 60 60 60 60 60 60 60 60 60 60 60 60 60 60 60 60 60 60 60
r156 0.902118
52 21 79 34 13 82 90 70 46 19 97 76 25 10 20 62 94 41 83 62 85 64 16 47 17 19 9 25 74 76
62 62 62 62 62 62 62 62 62 62 62 62 62 62 62 62 62 62 62 62 62 62 62 62 62 62 62 62 62 62
r157 0.898665
41 52 97 23 43 68 61 54 62 34 75 67 47 37 58 83 17 17 68 77 29 12 86 43 16 11 17 88 68 35
77 77 77 77 77 77 77 77 77 77 77 77 77 77 77 77 77 77 77 77 77 77 77 77 77 77 77 77 77 77
r158 0.782145
72 22 19 37 78 69 94 10 41 58 52 70 16 32 82 26 93 56 50 5 42 85 17 46 94 97 11 29 71 10
5 5 5 5 5 5 5 5 5 5 5 5 5 5 5 5 5 5 5 5 5 5 5 5 5 5 5 5 5 5
r159 0.851217
20 75 97 81 69 7 19 24 51 84 36 79 66 54 69 23 99 69 57 84 78 98 78 72 7 99 44 12 96 79
34 34 34 34 34 34 34 34 34 34 34 34 34 34 34 34 34 34 34 34 34 34 34 34 34 34 34 34 34 34
r160 0.933563
28 89 18 28 8 38 74 87 69 50 51 23 19 69 19 84 23 95 62 19 70 32 21 66 71 25 62 47 51 71
94 94 94 94 94 94 94 94 94 94 94 94 94 94 94 94 94 94 94 94 94 94 94 94 94 94 94 94 94 94
r161 0.66066
13 97 61 46 72 48 12 19 91 27 34 60 41 18 79 33 72 90 98 99 11 64 67 31 23 15 77 89 6 51
50 50 50 50 50 50 50 50 50 50 50 50 50 50 50 50 50 50 50 50 50 50 50 50 50 50 50 50 50 50
r162 0.895687
8 52 15 51 59 29 43 78 58 95 16 68 71 44 38 61 39 37 64 95 97 90 19 9 64 8 10 13 50 17
54 54 54 54 54 54 54 54 54 54 54 54 54 54 54 54 54 54 54 54 54 54 54 54 54 54 54 54 54 54
r163 0.848801
64 97 21 88 37 94 47 29 8 12 96 47 45 54 79 75 19 74 72 6 85 76 66 86 78 74 36 90 25 82
52 52 52 52 52 52 52 52 52 52 52 52 52 52 52 52 52 52 52 52 52 52 52 52 52 52 52 52 52 52
r164 0.84723
68 69 13 59 13 37 62 21 30 7 61 77 81 36 88 52 5 89 38 73 52 21 52 23 52 42 43 31 86 24
7 7 7 7 7 7 7 7 7 7 7 7 7 7 7 7 7 7 7 7 7 7 7 7 7 7 7 7 7 7
r165 0.538206
12 11 97 45 65 15 67 67 72 44 45 5 32 90 6 19 25 74 63 41 23 82 85 58 22 17 44 42 16 91
28 28 28 28 28 28 28 28 28 28 28 28 28 28 28 28 28 28 28 28 28 28 28 28 28 28 28 28 28 28
r166 0.556779
22 64 59 33 28 24 97 68 61 97 92 51 95 11 68 67 70 9 85 49 90 43 66 99 80 5 15 71 25 34
65 65 65 65 65 65 65 65 65 65 65 65 65 65 65 65 65 65 65 65 65 65 65 65 65 65 65 65 65 65
r167 0.56459
21 68 19 37 62 82 94 59 71 42 52 75 11 19 45 12 96 86 97 40 49 96 20 50 9 83 67 38 45 7
29 29 29 29 29 29 29 29 29 29 29 29 29 29 29 29 29 29 29 29 29 29 29 29 29 29 29 29 29 29
r168 0.957785
43 91 29 22 85 81 85 24 33 60 30 44 97 35 40 83 32 72 33 26 84 75 30 67 39 60 9 42 84 63
6 6 6 6 6 6 6 6 6 6 6 6 6 6 6 6 6 6 6 6 6 6 6 6 6 6 6 6 6 6
r169 0.861435
28 38 36 9 24 55 34 76 78 73 74 13 10 57 37 78 82 58 59 54 80 24 89 41 28 28 25 86 29 42
40 40 40 40 40 40 40 40 40 40 40 40 40 40 40 40 40 40 40 40 40 40 40 40 40 40 40 40 40 40
r170 0.865927
68 53 88 24 82 65 94 52 39 7 58 88 39 33 68 90 87 22 70 8 11 11 32 31 29 15 56 63 48 5
35 35 35 35 35 35 35 35 35 35 35 35 35 35 35 35 35 35 35 35 35 35 35 35 35 35 35 35 35 35
r171 0.686109
24 32 33 81 26 81 17 28 36 5 60 61 68 47 45 83 17 49 89 21 76 21 42 83 69 97 31 66 32 43
20 20 20 20 20 20 20 20 20 20 20 20 20 20 20 20 20 20 20 20 20 20 20 20 20 20 20 20 20 20
r172 0.889569
49 26 92 27 38 17 58 39 69 16 99 16 56 82 26 5 69 39 73 82 73 57 51 70 83 17 94 23 30 40
86 86 86 86 86 86 86 86 86 86 86 86 86 86 86 86 86 86 86 86 86 86 86 86 86 86 86 86 86 86
r173 0.66308
75 93 95 87 48 34 54 59 30 62 15 13 83 13 74 19 81 56 87 38 7 54 19 16 49 37 38 84 23 9
45 45 45 45 45 45 45 45 45 45 45 45 45 45 45 45 45 45 45 45 45 45 45 45 45 45 45 45 45 45
r174 0.944197
40 78 39 66 29 93 89 86 6 97 67 11 68 81 87 24 66 23 23 20 37 31 61 66 65 42 82 69 83 72
64 64 64 64 64 64 64 64 64 64 64 64 64 64 64 64 64 64 64 64 64 64 64 64 64 64 64 64 64 64
r175 0.850043
98 79 74 89 68 58 87 62 25 93 30 6 80 46 64 95 64 77 32 90 38 91 55 73 73 22 56 45 78 68
88 88 88 88 88 88 88 88 88 88 88 88 88 88 88 88 88 88 88 88 88 88 88 88 88 88 88 88 88 88
r176 0.936154
59 62 12 17 49 66 37 39 91 36 20 34 95 15 93 69 40 81 5 31 33 73 99 50 26 41 25 86 26 97
31 31 31 31 31 31 31 31 31 31 31 31 31 31 31 31 31 31 31 31 31 31 31 31 31 31 31 31 31 31
r177 0.658986
38 93 98 97 28 37 88 59 52 23 51 60 13 18 92 86 18 23 20 83 19 62 9 52 83 90 74 77 18 55
33 33 33 33 33 33 33 33 33 33 33 33 33 33 33 33 33 33 33 33 33 33 33 33 33 33 33 33 33 33
r178 0.963615
31 49 68 64 34 24 13 49 71 65 55 81 57 41 94 72 53 77 86 13 78 36 91 65 10 65 79 57 93 28
97 97 97 97 97 97 97 97 97 97 97 97 97 97 97 97 97 97 97 97 97 97 97 97 97 97 97 97 97 97
r179 0.816825
63 78 95 82 83 42 50 49 92 31 6 30 22 71 79 94 54 87 69 85 75 35 87 40 11 44 30 34 39 47
98 98 98 98 98 98 98 98 98 98 98 98 98 98 98 98 98 98 98 98 98 98 98 98 98 98 98 98 98 98
r180 0.68471
90 79 6 32 27 50 24 53 48 50 71 19 26 62 69 10 29 51 80 56 39 17 62 78 42 91 17 82 86 11
99 99 99 99 99 99 99 99 99 99 99 99 99 99 99 99 99 99 99 99 99 99 99 99 99 99 99 99 99 99
r181 0.919448
97 9 10 44 25 55 88 67 26 99 85 81 65 90 10 17 67 58 48 76 20 26 16 8 36 93 86 42 89 62
22 22 22 22 22 22 22 22 22 22 22 22 22 22 22 22 22 22 22 22 22 22 22 22 22 22 22 22 22 22
r182 0.567067
27 28 81 78 13 48 96 10 31 74 70 18 76 79 81 34 27 54 49 46 65 52 74 55 35 13 45 93 31 29
53 53 53 53 53 53 53 53 53 53 53 53 53 53 53 53 53 53 53 53 53 53 53 53 53 53 53 53 53 53
r183 0.744361
31 31 58 75 25 63 98 94 30 16 71 7 89 97 29 44 47 67 9 91 41 60 27 50 97 17 76 23 62 29
67 67 67 67 67 67 67 67 67 67 67 67 67 67 67 67 67 67 67 67 67 67 67 67 67 67 67 67 67 67
r184 0.76439
22 61 70 77 59 61 8 70 32 10 57 27 31 96 69 94 97 57 35 54 76 77 51 85 53 66 48 75 31 34
25 25 25 25 25 25 25 25 25 25 25 25 25 25 25 25 25 25 25 25 25 25 25 25 25 25 25 25 25 25
r185 0.854346
90 23 46 51 26 13 76 28 65 98 51 61 64 42 56 18 73 10 90 47 54 72 96 17 20 71 43 49 88 87
36 36 36 36 36 36 36 36 36 36 36 36 36 36 36 36 36 36 36 36 36 36 36 36 36 36 36 36 36 36
r186 0.874488
74 26 28 83 97 48 48 92 91 7 56 34 58 67 7 63 57 49 14 29 42 27 42 10 65 83 93 49 17 68
51 51 51 51 51 51 51 51 51 51 51 51 51 51 51 51 51 51 51 51 51 51 51 51 51 51 51 51 51 51
r187 0.654405
71 69 84 16 18 77 8 20 30 37 70 89 36 30 46 77 40 68 20 62 7 22 24 82 16 66 94 76 17 81
66 66 66 66 66 66 66 66 66 66 66 66 66 66 66 66 66 66 66 66 66 66 66 66 66 66 66 66 66 66
r188 0.654518
48 92 57 22 95 72 44 29 39 34 60 65 72 38 5 40 50 59 39 67 75 22 75 41 16 52 51 89 15 32
37 37 37 37 37 37 37 37 37 37 37 37 37 37 37 37 37 37 37 37 37 37 37 37 37 37 37 37 37 37
r189 0.678713
89 75 17 59 20 41 90 49 94 55 21 32 52 54 74 11 85 41 79 7 17 20 16 64 66 97 74 90 34 30
12 12 12 12 12 12 12 12 12 12 12 12 12 12 12 12 12 12 12 12 12 12 12 12 12 12 12 12 12 12
r190 0.806181
21 72 17 54 62 58 48 18 72 72 65 23 46 69 8 83 45 11 92 60 19 53 24 16 24 14 46 49 18 59
47 47 47 47 47 47 47 47 47 47 47 47 47 47 47 47 47 47 47 47 47 47 47 47 47 47 47 47 47 47
r191 0.90113
56 81 85 15 29 95 82 97 58 5 43 27 8 23 67 11 15 24 25 63 40 37 80 47 75 29 60 31 71 87
54 54 54 54 54 54 54 54 54 54 54 54 54 54 54 54 54 54 54 54 54 54 54 54 54 54 54 54 54 54
r192 0.974851
39 35 92 35 14 86 88 14 27 12 14 45 71 18 53 87 35 13 28 67 88 70 39 15 27 65 78 14 16 6
74 74 74 74 74 74 74 74 74 74 74 74 74 74 74 74 74 74 74 74 74 74 74 74 74 74 74 74 74 74
r193 0.826323
67 78 42 50 63 48 72 67 55 15 38 68 63 22 98 68 45 63 57 12 94 67 35 57 45 41 68 44 16 19
69 69 69 69 69 69 69 69 69 69 69 69 69 69 69 69 69 69 69 69 69 69 69 69 69 69 69 69 69 69
r194 0.759716
12 25 52 52 90 19 7 5 49 70 60 67 66 28 9 26 80 14 20 44 41 72 82 74 41 26 85 52 90 57
42 42 42 42 42 42 42 42 42 42 42 42 42 42 42 42 42 42 42 42 42 42 42 42 42 42 42 42 42 42
r195 0.717447
86 47 65 6 49 65 47 17 22 14 75 45 16 96 23 22 13 62 58 81 44 32 19 62 15 63 50 67 97 44
42 42 42 42 42 42 42 42 42 42 42 42 42 42 42 42 42 42 42 42 42 42 42 42 42 42 42 42 42 42
r196 0.584633
7 85 30 64 32 42 81 39 14 27 47 7 42 64 15 99 22 88 41 46 99 95 56 63 45 21 60 82 58 44
62 62 62 62 62 62 62 62 62 62 62 62 62 62 62 62 62 62 62 62 62 62 62 62 62 62 62 62 62 62
r197 0.640467
87 22 51 26 96 82 35 20 29 37 57 88 45 53 7 33 86 45 30 82 97 88 27 18 45 6 68 82 64 26
8 8 8 8 8 8 8 8 8 8 8 8 8 8 8 8 8 8 8 8 8 8 8 8 8 8 8 8 8 8
r198 0.539143
51 70 34 33 5 49 57 35 98 42 72 51 41 5 38 82 27 17 76 15 36 86 53 38 51 35 94 73 38 42
11 11 11 11 11 11 11 11 11 11 11 11 11 11 11 11 11 11 11 11 11 11 11 11 11 11 11 11 11 11
r199 0.520121
40 15 10 81 65 37 76 99 9 24 41 6 54 20 29 66 88 36 98 71 84 33 22 19 27 87 50 61 90 32
66 66 66 66 66 66 66 66 66 66 66 66 66 66 66 66 66 66 66 66 66 66 66 66 66 66 66 66 66 66
r200 0.546502
68 8 99 5 79 99 9 99 37 7 53 49 31 17 37 63 15 5 44 43 19 59 62 7 6 23 89 30 84 17
67 67 67 67 67 67 67 67 67 67 67 67 67 67 67 67 67 67 67 67 67 67 67 67 67 67 67 67 67 67
