200 30 4 1 20
0 0.25
42156 44114 38643 32546 30621 33299 37563 43762 38267 31427 31214 31179 44442 43226 44139 30527 32058 44532 33390 42082 43821 33897 39351 40082 32979 35040 44383 32382 36457 30254
w1 0.5
2113 4221 1695 2012 1842 1994 3575 3604 1613 2002 1819 3144 1796 3397 2283 2675 2455 1815 3418 2889 3637 4315 3240 1719 4295 2281 4454 4029 3090 1709
w2 0.5
3704 1782 1776 4216 2124 2270 3643 1580 2383 4498 1899 4027 2146 3796 1810 3322 2103 2477 2240 3493 1614 2055 2585 2185 2202 3366 2492 1731 1957 3053
w3 0.5
1513 3335 2088 1581 4311 3210 3724 4391 4093 4074 1791 3972 1721 4439 1634 3543 2395 2612 4283 1740 3078 2190 2825 3764 3245 2044 2108 3476 2853 3661
w4 0.5
3218 2848 2081 3299 2659 3792 2875 2902 3385 2450 3193 3210 3023 3485 3344 2066 1732 4456 2201 1972 3035 3243 3297 2651 1988 4193 3611 4317 2546 3124
w5 0.5
4264 4472 1539 3415 2983 3831 2143 4385 3069 3445 3431 1779 1968 2768 3975 2886 3000 3932 3587 3824 2819 2682 2621 4322 3171 2667 3433 2988 3713 2057
w6 0.5
3478 2381 3189 2745 3864 2873 3388 4101 4442 2333 3032 2073 2801 4300 1548 1539 3152 4332 3626 2476 3003 2161 3950 2825 3832 2117 1758 2672 1682 2315
w7 0.5
3660 3548 3011 2258 2912 4384 4146 2514 1678 2332 4398 2603 3985 1551 3004 4025 3203 3188 3503 1532 1692 4164 4334 3017 3848 1951 3276 2372 2133 4443
w8 0.5
1646 3492 3706 2404 2256 3942 2402 3622 4473 3234 3521 2928 3072 3924 4432 2597 2979 3473 1600 3011 3665 1617 2845 2182 3965 3648 4310 2190 4282 1606
w9 0.5
1780 3950 2442 3036 2058 2237 3938 4181 2210 3025 3554 3990 1597 2978 3923 3046 4457 3248 3498 3321 2413 3615 2018 3447 3433 4167 3610 4123 4301 4068
w10 0.5
1581 3870 3802 3469 4428 1891 3259 4109 2953 1784 3515 2443 2233 1993 1866 3779 2303 3966 3130 4476 1879 2597 1994 4179 1882 1661 3289 1505 4462 2857
w11 0.5
1895 2227 2871 3864 2507 3262 2624 2469 1715 3260 4484 2658 3994 2330 3377 3625 3133 2843 2607 3109 3575 3705 3955 3254 4087 4117 2043 4445 4431 3752
w12 0.5
1827 1831 1885 1543 2838 3647 2667 3807 3862 4428 4144 2372 4274 1974 4249 3751 3959 2945 2211 2920 2020 4416 2375 3774 4355 1992 1669 4300 1924 3921
w13 0.5
2603 4252 3699 2646 2942 3198 3814 2602 2560 4094 2246 3785 4220 2720 3886 3823 2179 2331 1534 3599 2851 1802 1826 2477 1658 2319 2646 4458 3095 2067
w14 0.5
4198 2171 2824 2696 3614 1523 2362 2068 2935 2308 2814 2220 2028 4034 1607 1704 2065 2790 1738 1516 4494 2041 1842 2471 2199 3013 3618 2509 1608 1537
w15 0.5
1658 2209 3311 3207 1675 3686 4069 2243 2473 1878 3557 3546 2758 3443 4005 2962 4360 2295 3553 4376 2289 4446 1718 3613 2497 3584 2731 3506 3692 2768
w16 0.5
4203 3829 3156 2910 4004 2694 2831 2099 3667 3209 1508 2713 4468 3451 2570 3282 3311 3366 2335 3539 1507 2281 3758 3620 3278 2842 2203 2637 2386 3472
w17 0.5
2441 2801 4138 4203 2658 2332 2535 3257 1851 1596 3266 3417 1564 2569 4487 3699 4381 3705 1534 3420 4065 2316 3030 3185 4446 1724 3889 2583 2963 3213
w18 0.5
3904 1866 3555 3960 3024 1739 1995 2134 2091 2091 3900 4008 2508 1969 4347 1707 2202 3553 2093 4475 3118 3261 3357 2155 3208 3582 1896 1643 2397 3961
w19 0.5
1801 4328 3116 4261 3204 3356 2108 3838 3947 2700 3590 3807 4060 4412 3654 4267 2466 3059 1860 2441 1677 3622 4299 2685 2682 3733 3433 2825 1630 2895
w20 0.5
2283 3075 4003 2397 1779 2859 3005 4470 2306 1557 3912 1965 4117 3824 4119 4236 1791 2679 1949 3084 3208 4423 3235 4393 2605 2468 3679 4282 2950 2074
r1 0.837676
64 69 33 50 28 60 82 96 88 95 31 7 56 87 11 9 36 35 79 15 63 6 80 55 30 84 37 72 35 38
58 91 7 83 39 27 44 21 23 29 13 46 31 65 34 37 69 65 67 45 72 27 47 50 77 69 34 12 41 62
r2 0.900925
53 45 75 87 67 16 9 86 40 17 29 67 74 58 99 44 21 64 81 88 83 28 38 58 92 65 65 31 27 7
23 72 47 90 60 15 7 61 93 42 70 22 9 45 73 6 81 89 62 62 77 45 86 13 95 75 70 60 6 92
r3 0.603508
61 7 12 21 14 11 74 99 48 45 19 50 82 84 48 63 73 7 22 47 47 5 52 43 76 22 95 74 11 55
91 68 55 95 81 61 6 56 58 46 93 69 91 75 53 36 35 26 38 49 65 78 50 18 18 23 35 13 89 42
r4 0.870016
7 13 72 83 66 70 39 24 17 29 88 5 99 38 37 31 59 70 76 22 48 23 35 61 38 65 67 27 99 25
97 6 33 66 82 91 37 21 13 46 43 93 46 39 32 75 66 83 43 39 5 86 54 35 45 87 93 9 11 92
r5 0.94885
91 54 67 73 42 99 86 50 45 29 44 83 64 71 59 27 51 97 61 52 80 12 79 22 94 72 23 97 62 44
98 53 93 65 26 33 61 12 78 98 37 22 81 93 85 37 20 37 31 73 81 9 80 60 23 71 33 42 65 90
r6 0.634499
40 72 25 61 5 78 65 78 76 94 93 55 87 75 87 99 9 19 72 85 20 49 43 38 20 68 75 78 55 57
38 90 29 59 51 26 34 16 96 11 11 86 61 90 62 45 90 63 59 59 46 71 6 84 10 18 49 80 91 99
r7 0.776069
89 55 81 37 76 15 45 70 21 48 56 74 36 15 20 26 74 71 77 17 43 78 93 48 92 42 25 80 38 52
10 24 7 86 56 76 97 93 46 15 39 94 85 70 10 5 88 76 68 62 88 11 41 78 51 30 20 69 10 53
r8 0.762805
72 20 94 25 91 88 15 34 99 49 26 81 16 31 78 99 99 46 62 84 50 95 62 96 22 74 65 24 24 78
32 88 94 24 13 82 12 20 14 8 62 35 84 73 58 59 70 54 6 29 38 51 21 92 44 35 66 7 54 82
r9 0.972832
70 71 95 75 51 7 90 60 8 52 87 84 23 42 44 88 91 42 14 26 85 30 15 29 57 73 28 11 55 6
82 25 72 77 95 20 77 85 72 77 35 56 61 50 93 97 35 81 39 44 7 24 66 17 46 23 82 69 26 37
r10 0.53128
57 37 78 49 52 52 32 25 29 62 76 83 9 67 80 39 48 20 78 48 36 44 57 77 59 40 44 80 72 11
81 27 43 60 71 91 9 98 13 34 57 81 14 61 48 89 95 92 9 70 40 38 14 92 15 68 29 51 46 97
r11 0.735399
24 96 82 87 84 84 86 89 15 40 71 24 97 16 13 89 5 15 60 37 48 66 30 58 32 51 10 73 48 60
95 64 53 75 52 35 59 38 24 69 70 87 88 67 99 93 54 99 8 14 37 51 75 59 7 99 10 9 72 51
r12 0.840247
15 14 40 59 44 91 89 64 57 60 48 45 27 47 38 76 44 39 82 73 85 55 29 84 54 31 88 27 77 49
87 85 59 24 44 98 15 34 59 67 89 8 9 13 47 39 82 83 73 64 56 56 16 77 40 66 9 26 88 78
r13 0.750369
63 29 91 5 25 98 34 79 65 20 82 66 25 27 5 7 10 71 64 59 27 75 36 59 41 37 80 26 16 48
90 71 69 81 71 89 76 97 69 38 14 48 99 35 70 97 37 76 68 93 32 87 69 63 46 7 96 24 29 9
r14 0.901308
75 36 90 44 26 66 38 87 5 48 35 96 78 98 93 12 71 61 98 98 45 64 61 87 66 54 8 87 58 67
99 31 98 89 70 21 55 8 5 52 48 33 49 23 31 42 28 97 96 26 95 41 85 53 25 48 5 28 36 55
r15 0.78093
81 86 21 48 99 68 49 5 21 92 33 65 13 56 99 36 53 95 54 45 34 36 90 54 79 90 78 12 43 65
39 24 51 55 68 48 24 17 48 37 6 73 97 14 26 93 42 74 86 91 16 20 27 98 66 99 86 41 11 29
r16 0.750794
48 50 96 13 93 17 22 38 49 21 8 43 30 29 37 68 95 23 56 8 35 79 7 96 75 88 38 81 17 37
27 57 82 24 66 73 36 83 8 81 99 12 21 27 33 53 87 29 68 43 32 95 19 34 89 89 19 27 71 31
r17 0.613206
84 38 14 47 8 43 30 12 21 27 16 37 46 44 83 33 65 51 68 90 44 80 21 33 69 36 52 37 62 8
28 43 38 34 85 42 72 13 46 88 32 57 23 70 93 6 98 56 52 63 46 88 43 62 21 10 93 68 39 53
r18 0.847528
88 7 92 74 44 61 79 82 47 8 36 65 73 29 66 68 80 15 31 23 99 67 81 20 72 71 81 11 24 52
66 10 54 55 79 90 16 55 72 58 58 5 23 31 30 81 91 7 92 22 26 91 84 99 8 53 70 84 60 87
r19 0.682312
92 80 73 68 71 81 23 40 40 73 41 55 96 63 37 87 62 26 6 80 14 86 79 14 39 47 94 91 34 25
14 26 5 79 89 71 61 9 9 93 74 45 45 67 5 77 54 62 95 55 43 9 38 19 19 70 61 10 61 90
r20 0.899421
13 30 47 94 94 5 98 95 93 69 40 39 36 37 13 82 94 6 35 34 7 68 49 18 35 10 23 92 96 45
57 9 68 96 96 59 97 91 54 87 61 86 23 89 23 29 72 14 30 7 44 32 67 88 46 95 90 61 87 86
r21 0.607747
88 67 37 81 23 31 72 72 16 33 55 34 23 73 58 87 82 80 89 23 10 53 11 48 48 97 9 32 80 8
65 65 67 98 46 85 26 16 54 37 44 9 64 59 74 19 46 54 95 32 72 5 78 76 48 26 73 49 51 50
r22 0.726824
13 14 11 51 92 30 62 46 59 99 48 23 58 22 38 5 71 33 29 44 30 7 17 70 26 82 16 72 32 61
80 37 71 84 81 63 14 40 6 68 39 49 84 93 64 22 90 32 47 19 71 72 22 80 39 43 62 50 12 90
r23 0.585526
24 75 68 97 35 74 38 36 40 72 78 24 62 42 38 49 66 80 64 35 49 78 15 80 18 73 30 25 60 31
6 79 6 67 77 33 41 12 62 73 79 37 89 39 71 24 83 37 99 44 67 45 22 78 25 32 51 48 49 11
r24 0.940417
82 73 18 56 98 51 63 60 25 40 89 11 74 60 31 54 93 27 94 57 65 13 35 85 41 81 30 85 84 97
36 67 67 46 20 65 93 79 23 15 19 9 18 85 65 44 39 55 64 33 12 29 42 43 11 75 21 34 60 98
r25 0.909746
62 90 32 77 52 25 56 67 32 67 72 46 52 37 82 84 84 46 17 91 70 51 31 74 26 48 8 79 43 31
65 5 21 92 77 68 15 31 36 42 93 8 83 43 37 66 27 21 9 36 9 75 80 36 46 98 76 49 77 19
r26 0.645381
19 91 32 88 56 39 19 87 76 10 87 57 48 21 23 67 34 24 95 39 91 72 67 37 71 43 81 45 54 56
80 65 44 9 53 96 43 68 80 16 70 65 68 15 78 83 77 13 8 69 44 94 42 11 32 13 46 13 50 92
r27 0.776847
57 6 31 10 94 69 70 72 81 37 37 46 47 15 30 24 20 33 86 59 24 28 62 51 33 5 57 78 92 16
6 49 17 32 52 9 94 19 76 72 52 13 18 94 20 40 16 36 68 94 87 88 22 47 36 47 47 88 25 40
r28 0.951704
81 14 48 33 15 39 45 86 8 92 91 18 83 8 54 91 39 19 85 24 99 7 66 36 46 13 21 64 45 18
82 27 24 27 52 34 61 92 20 64 81 8 78 65 11 32 53 43 46 39 62 46 38 25 74 80 30 90 44 71
r29 0.877719
93 27 46 42 56 7 35 68 64 16 71 42 73 78 66 27 21 12 61 75 50 91 95 24 71 22 12 12 88 12
31 78 35 69 21 83 68 48 49 32 56 17 66 27 90 32 49 8 37 7 75 79 93 67 99 62 85 8 69 70
r30 0.73085
49 42 61 62 23 27 7 67 51 58 79 18 80 67 45 26 67 74 28 43 54 19 7 50 76 87 53 42 55 60
35 96 98 88 58 21 12 60 80 59 15 56 72 91 23 14 14 83 81 35 23 35 49 25 80 22 10 30 56 60
r31 0.865879
56 80 72 11 96 76 63 73 35 73 30 99 61 45 11 71 28 87 6 43 22 47 64 94 64 66 21 20 26 6
99 74 79 68 80 72 44 43 46 72 13 68 71 70 13 77 38 34 64 39 72 78 78 36 69 42 97 85 54 20
r32 0.681054
89 63 15 66 35 52 9 73 24 15 41 90 77 50 65 15 76 26 46 48 5 24 77 69 58 71 52 9 87 36
55 73 91 62 40 23 14 41 92 33 51 33 21 28 75 78 35 48 99 76 92 96 95 69 63 53 40 15 55 24
r33 0.6117
93 34 64 30 52 74 66 44 99 15 70 17 38 42 90 66 86 87 42 75 83 38 41 46 83 76 53 38 93 91
40 86 22 97 16 70 68 74 11 67 84 73 77 20 13 64 81 91 51 23 66 32 53 7 70 34 75 24 64 68
r34 0.635125
51 30 94 59 92 62 34 98 26 15 69 95 30 77 60 8 65 8 24 28 35 69 30 6 98 97 22 60 63 29
57 14 51 48 69 43 10 95 42 28 10 8 24 36 80 79 36 42 79 55 65 15 25 87 13 20 84 30 75 47
r35 0.831478
54 98 72 23 41 77 18 75 98 23 75 22 51 52 93 80 89 72 35 54 79 52 41 87 65 23 14 40 62 58
62 16 53 34 31 86 9 44 62 7 60 37 21 8 82 14 83 71 78 16 26 58 60 59 42 25 77 49 58 37
r36 0.731408
48 55 46 75 41 50 16 95 49 68 30 65 72 12 71 52 78 50 60 96 5 21 53 39 38 30 83 88 62 85
5 8 37 47 78 71 89 86 66 39 55 88 99 27 95 68 71 71 15 32 67 15 45 20 46 78 43 30 64 97
r37 0.898539
5 42 8 75 13 93 62 71 32 17 60 28 36 55 91 7 26 6 34 86 13 74 98 55 50 41 77 14 36 81
70 33 23 74 6 28 67 63 95 94 72 55 19 5 10 11 99 29 9 31 12 18 97 10 65 47 44 42 53 75
r38 0.685225
5 36 93 6 59 57 61 54 48 30 9 62 30 12 68 30 33 70 56 40 83 53 42 45 93 81 79 46 53 94
62 54 30 52 52 85 9 14 36 52 39 38 15 62 45 75 87 70 45 40 10 25 85 44 65 78 26 44 22 71
r39 0.769393
22 58 29 70 40 33 76 72 81 15 10 88 72 47 60 56 17 98 88 22 23 74 61 81 49 79 22 63 51 53
43 68 9 67 35 44 92 11 16 70 19 21 58 83 63 19 37 75 17 25 89 32 91 48 10 38 24 28 96 67
r40 0.737619
33 77 95 63 22 88 67 30 58 81 44 14 64 7 28 96 75 37 19 61 61 10 6 67 43 23 87 40 85 60
71 18 35 67 74 52 52 41 74 10 22 18 19 78 18 39 75 85 68 86 46 27 91 45 89 32 63 73 67 45
r41 0.776925
59 63 94 30 12 46 66 82 49 80 92 60 55 10 92 27 90 57 13 34 79 5 71 65 32 34 38 91 71 64
23 30 24 18 52 32 56 15 11 97 90 98 55 46 6 47 68 91 96 77 22 73 74 88 35 98 19 66 89 86
r42 0.741136
13 49 22 61 73 71 71 76 68 59 72 23 97 73 62 62 61 59 36 76 29 10 64 59 5 76 25 89 59 50
94 67 92 13 25 65 79 89 39 48 45 11 63 39 79 26 96 37 77 33 13 6 35 70 60 36 46 81 22 97
r43 0.77408
61 20 22 79 78 96 68 17 41 10 23 97 44 94 23 37 28 92 62 37 93 93 7 50 26 45 28 40 39 52
46 95 64 63 74 39 56 39 48 90 44 63 87 80 57 7 18 81 94 75 15 84 65 14 34 83 51 55 24 85
r44 0.548265
80 63 25 52 95 73 86 43 63 28 7 47 8 56 49 21 34 43 89 44 24 54 53 51 38 96 6 57 81 5
19 59 60 36 11 55 9 89 91 68 17 93 15 18 46 57 31 76 92 20 20 17 70 66 60 8 62 61 57 41
r45 0.651262
95 18 99 98 66 8 84 57 68 94 47 76 12 88 33 35 64 22 51 77 34 18 40 89 18 97 47 70 35 5
38 27 16 34 25 74 34 7 28 98 96 70 71 8 55 96 38 20 18 81 89 45 94 29 31 12 23 74 74 54
r46 0.704616
73 82 38 91 53 65 93 76 63 89 46 31 89 94 27 27 11 37 6 95 77 92 21 6 97 39 75 71 85 43
73 59 23 8 50 71 68 43 48 28 32 86 54 21 80 73 40 86 8 38 78 77 31 94 78 25 34 53 88 16
r47 0.897974
67 15 65 17 78 30 52 26 54 76 10 5 92 85 71 30 69 74 60 47 51 86 39 30 8 65 75 92 76 64
53 44 74 15 53 50 41 6 71 90 77 76 87 67 59 58 89 25 32 49 67 76 36 6 6 36 66 73 28 40
r48 0.683515
79 9 84 29 54 25 30 23 12 8 91 95 67 50 50 56 70 78 5 35 51 33 33 49 65 92 22 88 32 55
62 8 57 47 32 11 67 55 29 75 58 21 67 22 63 17 73 31 87 73 61 38 99 89 82 64 78 97 52 10
r49 0.530051
10 6 54 38 13 21 88 34 88 43 47 52 60 11 65 30 37 49 98 90 80 97 76 59 58 55 56 8 60 6
15 66 7 64 96 12 80 81 42 66 21 84 18 73 87 75 98 21 22 93 11 97 88 83 56 46 35 13 49 90
r50 0.508138
53 13 23 46 21 96 24 55 59 40 36 69 13 21 45 8 37 62 97 41 56 82 24 12 28 54 17 70 41 23
26 87 32 42 33 45 35 50 92 89 85 28 58 91 44 95 94 77 54 91 18 10 73 34 15 94 80 27 61 18
r51 0.814072
5 70 24 31 15 51 73 7 40 58 27 91 49 64 83 41 38 38 29 51 40 95 77 47 89 54 70 50 64 13
29 65 78 46 88 85 92 61 84 30 16 11 21 58 67 99 94 5 34 23 48 67 18 25 14 99 71 79 46 36
r52 0.565967
93 62 14 78 44 6 36 28 31 47 32 44 5 94 44 91 95 70 15 43 37 25 61 47 25 29 23 63 60 8
31 50 62 40 28 7 39 59 27 65 7 54 10 99 46 46 91 38 13 98 76 46 23 34 85 40 59 8 99 16
r53 0.87613
62 63 63 85 65 97 42 84 59 41 36 61 40 77 99 28 15 13 26 83 54 42 15 39 77 66 39 73 77 40
96 39 98 59 22 60 56 59 41 12 92 72 69 32 49 68 53 56 76 74 40 27 16 47 58 86 13 90 59 85
r54 0.963438
22 25 14 36 77 62 87 18 70 79 86 36 8 32 99 56 84 73 31 21 95 39 63 54 25 71 44 77 53 66
29 70 83 36 98 57 93 85 67 60 64 50 91 68 78 88 24 62 61 47 75 53 82 38 7 99 6 43 73 54
r55 0.902641
22 81 34 20 35 24 6 98 77 62 48 65 27 26 50 44 80 11 86 55 57 65 85 56 62 86 92 32 41 93
30 58 72 56 70 7 73 68 5 50 31 46 12 50 67 58 89 45 61 73 95 18 35 81 70 89 67 62 22 5
r56 0.605271
55 24 96 26 24 69 89 24 16 17 65 23 63 30 76 49 70 38 19 62 51 50 43 18 36 8 75 53 8 28
93 59 44 86 77 63 55 66 80 66 76 45 81 39 67 58 80 37 88 95 95 39 42 35 50 73 38 25 27 39
r57 0.513554
90 85 98 67 48 53 30 28 16 6 66 89 37 30 47 18 60 32 10 52 67 47 82 14 20 18 34 39 49 75
51 39 60 49 98 5 94 28 29 7 27 87 92 56 17 36 66 69 64 71 21 28 15 99 37 31 14 66 65 58
r58 0.943589
89 93 58 87 94 53 12 20 55 31 99 44 83 13 76 49 78 40 18 94 63 28 90 95 51 96 61 17 54 95
26 43 85 76 30 79 29 35 91 77 61 87 21 44 96 92 86 71 32 99 62 90 24 53 85 71 49 44 80 96
r59 0.882608
39 24 77 62 96 99 92 84 73 50 72 89 90 65 79 73 36 11 72 93 94 88 43 76 59 85 20 39 81 51
37 17 68 12 74 64 8 63 45 76 14 14 65 96 74 41 69 7 45 38 93 39 26 33 15 78 18 28 17 94
r60 0.984025
12 39 54 78 95 57 39 41 33 48 50 90 41 22 32 7 21 72 40 14 8 58 40 15 36 53 38 46 45 10
88 49 41 42 27 37 91 61 73 24 6 20 11 39 37 35 41 54 99 73 60 7 29 92 15 60 46 45 98 83
r61 0.529139
32 84 28 51 21 19 10 86 35 8 6 42 43 36 69 79 85 69 50 42 68 74 35 78 31 73 24 30 56 66
16 80 50 37 31 66 48 36 52 79 40 51 18 78 82 79 54 64 48 96 98 17 70 33 90 97 98 14 27 54
r62 0.59252
34 23 67 58 82 13 89 31 84 26 77 94 99 56 73 51 20 22 47 19 31 18 44 21 12 43 28 31 89 96
58 21 16 23 74 93 31 60 22 15 82 91 9 81 48 77 29 63 91 72 77 22 82 22 36 86 57 59 17 46
r63 0.628532
62 63 85 33 54 16 89 71 23 71 59 24 49 7 94 74 66 85 43 40 8 25 54 36 11 11 90 20 50 42
82 9 97 68 38 48 76 27 16 95 90 71 19 39 73 13 10 36 91 48 69 91 68 23 27 71 27 14 83 69
r64 0.533389
73 45 31 8 89 99 30 5 91 17 68 11 52 42 16 57 70 99 98 39 90 66 55 17 35 74 23 18 43 66
73 16 12 99 20 93 96 42 90 87 55 59 90 99 93 7 53 63 6 51 95 89 15 50 98 42 24 22 52 62
r65 0.727512
70 87 22 85 80 18 25 71 6 72 27 91 68 20 90 21 75 89 65 70 75 72 20 73 11 36 90 58 90 71
79 61 58 94 43 36 12 63 99 10 32 26 94 95 41 81 14 16 70 71 79 42 43 94 16 49 28 98 99 18
r66 0.953794
71 25 70 12 56 74 67 55 77 95 76 71 90 14 52 96 22 20 67 96 57 7 88 65 48 16 64 48 26 30
21 90 47 83 97 98 57 64 50 31 59 23 97 47 32 47 43 47 59 8 43 13 10 28 74 51 39 35 91 58
r67 0.741848
48 5 90 45 95 44 9 43 68 61 61 62 8 86 9 43 33 60 46 68 69 49 92 43 95 28 70 86 81 24
90 26 24 80 66 17 21 68 55 84 26 13 47 29 94 48 64 24 9 11 88 70 52 80 13 47 8 75 33 82
r68 0.737301
8 16 95 67 28 13 35 75 90 53 83 34 77 75 74 38 94 78 44 82 48 91 59 53 35 60 25 60 42 20
75 45 28 67 9 51 76 36 23 63 84 6 89 58 76 63 92 68 39 33 50 79 22 10 33 52 65 50 13 99
r69 0.553096
41 85 48 46 33 21 74 51 79 59 50 68 17 23 31 9 86 62 38 37 42 55 39 67 99 96 17 9 92 75
85 33 60 33 71 89 49 46 37 25 5 82 85 14 6 13 19 84 71 49 18 13 96 52 75 95 45 87 5 34
r70 0.743264
63 17 15 31 98 56 72 35 76 69 18 58 79 16 66 90 95 37 36 14 42 32 58 17 24 96 97 24 30 53
6 85 65 13 17 63 64 81 94 37 48 9 90 27 20 57 14 12 86 45 18 29 69 72 38 88 65 35 10 90
r71 0.910966
73 46 17 82 10 73 63 96 11 11 5 96 30 17 50 39 24 37 76 38 58 42 7 91 28 64 27 33 51 8
33 24 49 45 6 51 16 65 47 22 68 47 15 94 56 61 30 76 90 99 11 48 41 10 39 64 69 58 89 20
r72 0.655265
37 5 60 38 51 71 95 94 88 64 38 96 55 90 54 80 63 44 76 66 84 18 68 20 77 37 71 67 49 29
82 81 29 42 17 76 14 9 67 94 68 97 90 20 87 41 93 47 80 69 13 61 82 76 77 57 10 45 21 52
r73 0.718216
30 94 37 39 67 46 44 31 38 12 28 25 25 13 62 18 52 39 82 58 93 62 34 67 19 37 12 35 81 76
30 11 67 62 46 31 9 85 57 39 89 78 56 14 83 18 24 35 50 7 88 43 64 20 10 78 49 17 10 30
r74 0.972672
36 53 92 74 79 93 56 34 29 43 9 81 52 87 94 72 19 41 71 5 79 32 20 81 7 61 93 12 86 79
39 19 32 31 86 8 22 42 34 46 80 38 27 30 22 19 94 37 52 62 37 32 89 49 13 91 10 99 98 88
r75 0.507398
99 7 60 85 7 74 28 37 21 5 67 40 30 85 51 21 22 99 78 51 28 67 92 33 58 94 32 53 79 7
85 78 6 43 64 6 17 87 38 30 84 5 66 15 82 14 28 99 10 7 47 33 69 36 59 28 30 83 76 9
r76 0.998901
80 84 94 44 82 11 28 17 37 12 15 95 19 92 6 43 89 12 45 36 37 14 65 91 34 90 75 8 92 58
59 72 39 53 13 22 56 36 34 88 43 44 80 58 37 82 96 26 86 38 54 23 44 19 15 71 7 82 74 91
r77 0.780478
63 74 75 71 88 31 99 23 17 42 59 92 95 91 71 88 14 57 26 61 76 66 75 83 37 77 65 8 65 97
30 28 68 5 91 57 28 90 72 40 30 31 30 22 20 93 11 26 51 29 82 24 87 55 99 21 32 61 21 90
r78 0.628248
15 26 43 7 78 64 89 50 99 16 74 26 34 89 17 37 15 63 58 90 79 46 45 75 59 69 36 76 59 89
19 70 15 55 69 86 19 55 33 15 67 7 34 96 88 46 30 96 6 83 86 77 29 31 52 81 95 83 57 52
r79 0.585211
22 76 23 86 62 34 38 91 45 5 90 74 96 79 17 26 75 18 7 58 90 31 81 42 9 73 22 61 25 86
27 39 62 42 22 22 72 56 13 17 56 95 83 50 71 95 68 46 13 70 96 95 94 77 37 98 51 51 57 71
r80 0.738505
8 94 21 25 16 88 76 21 97 33 14 77 75 80 69 43 24 77 14 20 69 8 93 6 98 41 52 55 9 81
31 12 73 48 33 81 33 9 95 28 34 9 97 9 84 67 45 8 44 54 24 11 54 14 12 52 50 57 5 51
r81 0.568833
59 8 71 84 85 97 88 80 25 20 84 22 21 65 84 61 69 26 12 85 32 61 94 36 11 41 85 11 87 21
37 43 21 6 27 6 98 13 78 20 25 59 34 41 25 16 95 86 37 99 71 61 61 62 89 64 95 72 67 79
r82 0.918248
23 9 97 42 8 95 50 78 15 70 35 42 9 55 53 96 38 85 95 6 43 53 60 29 17 55 96 79 31 81
73 49 83 70 84 83 63 34 61 70 97 91 12 98 43 60 94 76 42 89 74 77 43 34 7 52 84 95 29 13
r83 0.810337
54 57 67 38 40 27 65 96 93 62 85 97 57 28 58 51 97 92 37 68 70 75 98 72 28 79 64 52 87 41
46 42 93 10 75 33 33 40 27 23 94 9 20 51 29 70 94 23 63 32 87 33 99 85 97 27 64 61 71 49
r84 0.792273
86 85 23 58 16 48 91 35 66 82 39 78 31 63 49 25 82 12 49 69 37 49 51 31 68 15 84 40 56 79
49 42 62 64 93 73 12 84 8 73 66 42 49 92 97 93 15 79 97 59 45 31 8 91 57 72 99 41 9 55
r85 0.950704
90 72 15 83 45 22 64 45 88 27 82 37 17 76 27 27 56 24 78 96 47 79 85 99 48 84 37 52 39 47
97 29 19 9 9 56 24 65 96 9 88 75 41 5 52 60 24 5 76 97 96 23 73 81 22 21 62 51 65 97
r86 0.627332
23 10 64 25 59 83 85 55 87 73 28 25 70 72 77 89 72 53 84 65 71 57 44 85 74 6 34 39 95 25
94 16 27 56 36 81 39 18 34 24 84 54 41 54 26 19 41 93 67 22 58 36 74 97 21 45 96 50 77 91
r87 0.695692
7 90 24 35 68 56 49 94 72 33 48 13 79 66 27 17 59 90 34 15 26 6 12 39 43 5 82 20 92 49
81 91 36 97 27 97 53 71 91 22 96 37 31 75 98 53 88 55 40 22 65 58 20 69 93 59 70 72 74 59
r88 0.961429
50 50 50 72 47 95 40 35 18 36 64 41 12 60 89 92 15 27 11 75 80 27 41 70 81 11 42 52 65 56
5 13 98 47 77 42 39 18 69 52 49 34 88 53 89 75 42 96 94 49 71 71 71 12 39 52 16 73 96 73
r89 0.53591
81 24 40 59 61 75 69 31 24 15 57 10 64 43 77 98 39 71 47 7 42 18 11 73 62 22 47 56 91 68
49 69 88 85 25 46 57 89 69 76 5 23 81 61 61 58 59 95 26 7 94 61 17 6 34 72 23 76 28 11
r90 0.996371
73 30 54 93 68 11 83 35 83 80 53 61 41 12 17 92 99 38 91 94 94 6 95 26 73 15 97 93 22 39
62 90 61 14 80 27 17 60 57 92 40 7 54 73 14 66 66 14 96 54 8 88 55 95 14 28 10 8 18 24
r91 0.598827
11 96 79 87 20 91 47 72 84 80 75 35 50 81 93 16 90 89 63 90 77 18 82 83 39 88 87 52 12 27
22 19 20 96 98 36 85 42 5 69 22 72 96 68 51 89 76 41 78 39 29 53 50 11 33 84 91 20 33 96
r92 0.79709
15 52 44 10 80 29 47 77 90 62 50 86 30 93 75 98 31 51 35 55 99 80 59 32 64 50 45 89 46 76
40 53 28 80 55 5 6 98 78 92 60 25 78 82 18 54 77 44 5 9 95 96 84 51 25 45 93 62 35 40
r93 0.78279
85 59 44 41 60 46 36 38 38 88 58 13 70 71 62 44 15 59 49 7 52 30 50 70 68 44 32 95 76 66
62 61 23 99 94 78 45 30 16 75 18 66 83 80 37 43 25 44 94 66 44 44 91 89 14 56 30 41 51 6
r94 0.87749
63 23 10 54 93 47 80 6 22 90 67 97 71 96 37 88 40 29 54 76 68 42 63 74 91 88 15 42 90 12
48 50 27 50 96 20 92 76 18 11 64 80 9 35 76 38 23 14 59 69 82 27 8 45 96 94 34 9 34 21
r95 0.739486
63 33 25 59 48 14 33 62 21 92 39 22 24 16 55 39 22 15 8 99 34 8 45 28 95 71 29 29 84 37
98 44 65 20 98 11 30 28 65 43 20 96 60 39 12 15 73 26 22 73 26 52 74 63 72 69 31 96 90 15
r96 0.636434
51 88 6 49 94 28 73 56 66 85 52 26 22 57 33 87 78 51 58 96 95 32 56 64 96 82 60 86 89 82
68 40 70 69 82 64 89 52 17 52 37 62 73 51 19 99 39 89 47 92 83 42 24 39 98 17 19 58 95 8
r97 0.92401
41 11 30 23 67 19 67 77 67 99 39 37 51 53 36 82 39 78 74 22 17 93 54 15 7 68 65 97 68 98
60 9 6 82 24 65 97 86 42 61 83 76 93 31 26 27 13 58 5 79 75 15 69 26 25 71 89 83 65 55
r98 0.953203
59 79 5 76 44 97 59 82 58 39 55 48 62 77 70 67 35 71 46 7 78 15 26 95 78 15 78 43 65 56
61 22 35 61 90 72 55 49 54 13 81 9 53 43 78 24 8 10 87 49 10 65 57 31 60 32 38 36 71 96
r99 0.973074
15 20 85 5 87 40 46 38 45 27 39 93 63 15 17 66 20 99 12 22 61 61 45 19 89 79 50 60 75 34
84 85 46 66 82 33 6 28 63 46 48 98 39 8 13 49 69 25 45 73 43 7 35 83 21 24 59 63 76 31
r100 0.920639
13 39 23 90 64 24 16 25 62 59 20 93 62 25 42 28 45 80 93 80 79 28 61 92 44 20 55 17 44 44
69 52 75 87 43 37 8 54 57 65 10 72 59 64 89 93 87 34 73 80 12 52 6 68 44 42 80 91 55 21
r101 0.921261
69 8 9 9 40 12 55 89 70 60 58 29 24 47 19 8 77 85 80 81 37 81 46 74 24 23 62 71 40 90
87 6 94 91 10 34 96 60 21 66 17 74 87 36 22 6 36 91 86 16 72 21 93 15 87 14 33 49 77 68
r102 0.729591
66 34 53 71 60 49 28 76 15 40 51 94 68 65 92 99 56 79 16 25 92 6 35 79 12 63 25 84 29 60
48 90 86 93 59 47 42 82 20 49 20 66 43 83 31 36 83 79 12 91 99 96 89 34 75 96 90 95 80 16
r103 0.757343
98 39 19 57 78 53 37 94 98 52 57 38 35 81 66 15 60 70 6 57 66 87 83 38 83 70 31 60 81 79
78 80 15 92 34 89 42 66 80 37 18 34 71 46 15 34 56 71 5 55 25 66 39 8 5 23 74 28 78 52
r104 0.91698
29 14 45 59 95 80 22 75 17 33 10 83 74 17 15 27 80 15 74 5 73 14 9 70 29 75 93 7 27 92
56 52 7 93 8 97 70 25 70 83 53 72 63 24 84 73 44 65 83 18 62 54 24 63 24 48 38 18 48 58
r105 0.85534
10 9 86 13 7 57 30 69 37 76 41 95 92 22 66 36 82 46 47 42 95 66 5 20 12 39 30 52 92 35
48 94 40 31 99 39 80 29 5 17 97 41 13 90 58 71 26 38 17 68 75 13 32 75 25 36 11 50 83 95
r106 0.962966
89 17 54 88 48 32 15 48 44 12 81 49 94 37 20 21 70 33 81 42 38 13 14 58 41 18 8 24 13 80
44 95 90 91 83 35 23 90 79 62 95 57 9 89 89 21 10 56 49 84 90 79 89 5 37 31 15 37 47 23
r107 0.613633
18 5 78 94 35 93 81 11 52 76 64 56 66 53 73 68 10 19 49 92 91 39 92 25 62 99 58 9 20 68
88 33 65 66 24 92 56 98 99 9 74 60 57 37 13 30 98 15 42 47 8 33 78 92 53 40 92 8 45 12
r108 0.605965
37 33 92 54 23 45 52 22 49 23 74 99 56 79 29 51 90 63 90 90 88 69 79 42 9 68 42 46 72 11
72 7 36 61 53 54 6 5 71 48 20 42 47 68 22 68 19 9 32 10 94 20 71 70 54 72 39 92 19 8
r109 0.910771
10 34 44 58 84 42 55 52 85 71 87 32 39 9 93 51 13 25 53 99 37 24 69 84 88 5 76 99 9 71
82 11 97 23 62 78 61 17 28 43 80 15 68 17 19 61 60 27 81 13 26 15 29 87 94 17 88 67 14 89
r110 0.7549
95 30 12 54 8 68 67 28 8 44 38 71 53 49 32 13 68 10 18 86 21 42 74 12 52 59 72 61 48 99
49 40 29 56 90 33 21 54 56 25 90 87 91 44 36 21 52 97 26 63 83 39 97 54 47 49 13 16 7 56
r111 0.806556
89 40 97 79 65 16 33 18 36 23 5 24 59 34 37 9 31 59 67 11 93 64 61 37 11 69 48 10 23 56
54 12 88 52 83 53 63 13 63 91 28 64 12 83 90 45 87 18 96 51 24 89 15 80 27 21 47 67 27 65
r112 0.595564
69 8 22 52 53 77 60 17 68 83 73 73 63 63 15 47 76 11 93 92 95 9 73 19 22 17 79 41 77 94
15 43 98 32 90 48 10 47 60 70 27 33 43 86 91 50 33 64 56 24 57 49 28 27 63 45 39 39 79 13
r113 0.88879
51 29 18 38 72 23 77 30 86 99 58 26 82 47 72 13 11 28 32 60 69 52 82 33 89 18 64 68 26 93
57 72 19 71 10 84 86 79 14 72 79 64 91 58 8 63 66 12 83 90 67 53 42 47 78 32 60 42 95 82
r114 0.523402
51 47 18 54 28 99 33 34 69 12 94 60 63 97 20 26 9 98 17 69 51 51 16 26 75 68 64 68 50 92
18 97 39 28 48 60 27 76 89 88 81 83 45 44 78 60 65 79 56 74 45 99 26 53 26 93 22 85 61 67
r115 0.809271
61 13 94 9 68 19 81 58 7 59 38 48 98 13 5 63 85 56 35 30 56 56 79 74 46 96 59 8 60 33
74 22 41 66 23 7 80 96 57 82 55 90 27 50 96 25 14 81 73 41 11 26 92 85 95 35 78 54 38 39
r116 0.850041
53 21 71 68 23 51 65 75 30 17 62 50 63 58 67 69 36 40 10 40 62 94 22 57 29 96 9 60 35 83
65 80 99 33 48 19 76 10 89 6 20 49 48 78 99 15 44 36 51 46 71 10 40 88 59 61 81 63 21 13
r117 0.555872
88 43 11 34 58 82 36 44 81 51 88 29 26 88 37 65 21 80 11 84 85 43 69 41 5 51 5 21 56 41
92 45 79 98 71 34 78 7 74 59 51 59 80 72 44 17 38 57 89 41 41 74 80 8 16 80 51 13 93 7
r118 0.944125
44 25 81 15 55 59 15 26 18 61 77 90 30 22 8 63 74 92 97 13 64 77 16 72 54 62 77 44 64 23
27 9 43 8 16 90 62 26 13 72 79 86 62 10 8 62 65 74 52 62 82 13 36 93 80 82 52 54 24 17
r119 0.85865
18 12 49 29 95 8 48 5 75 24 86 34 29 86 92 87 61 41 46 40 49 78 31 26 57 78 75 76 87 44
22 5 51 63 27 43 63 67 44 35 86 30 65 13 14 54 95 67 90 41 7 36 16 33 57 69 9 32 42 91
r120 0.603414
89 16 20 13 55 76 75 91 11 61 18 68 69 27 22 64 89 9 98 89 40 14 22 92 75 23 21 18 15 81
70 96 93 82 9 48 58 79 39 62 37 49 30 99 72 48 60 58 49 58 47 85 68 62 74 40 80 88 53 87
r121 0.86008
80 62 95 84 7 50 60 38 12 90 83 38 89 52 78 49 10 24 5 50 9 68 12 76 5 87 61 54 72 30
66 52 85 61 34 84 9 89 20 16 79 95 46 65 47 21 12 49 41 12 94 42 72 6 18 72 86 74 23 55
r122 0.927972
7 79 43 36 60 47 23 75 56 94 67 97 60 14 16 67 56 52 74 50 89 46 49 5 15 32 71 34 82 65
19 84 41 54 18 97 97 36 69 53 30 37 47 85 43 58 49 94 10 20 42 92 58 83 89 69 15 60 98 92
r123 0.572878
73 59 63 86 56 60 22 23 10 48 55 53 30 90 11 75 82 17 90 24 9 49 7 90 15 14 50 13 98 68
22 71 25 77 55 73 38 72 91 43 17 43 91 43 34 98 15 16 12 97 35 13 43 34 98 53 40 45 58 38
r124 0.961671
9 31 53 59 99 83 29 91 23 41 34 12 76 63 10 83 74 14 81 6 22 21 32 17 70 67 57 28 5 63
96 7 89 46 61 89 26 82 80 44 21 11 51 89 70 53 73 41 59 51 40 76 67 67 88 34 35 43 55 32
r125 0.604928
34 91 86 88 80 12 70 57 48 83 63 92 73 30 42 46 67 97 89 7 70 56 69 56 83 96 94 35 29 95
78 55 86 64 43 63 68 11 20 13 89 76 5 62 6 40 5 68 37 89 67 7 43 37 58 23 30 49 53 51
r126 0.735411
7 28 87 42 87 52 48 99 60 35 75 58 89 74 90 90 42 27 76 10 26 16 39 77 34 61 26 79 13 63
10 12 87 89 49 71 38 90 70 91 22 43 46 11 17 36 93 51 55 67 53 76 78 84 50 10 43 69 84 51
r127 0.867191
55 16 73 96 82 12 86 50 95 8 85 41 12 97 72 5 45 27 67 91 95 43 75 43 48 15 12 32 61 36
16 13 48 85 10 27 89 88 72 84 92 57 25 96 51 92 96 89 16 61 80 8 96 52 46 44 63 53 68 21
r128 0.606914
30 30 62 32 52 51 20 22 35 9 71 55 5 23 44 97 9 52 55 84 55 51 33 97 87 88 47 52 10 29
29 32 51 86 59 96 34 74 15 64 76 81 16 76 96 52 70 5 99 25 81 52 68 12 49 55 95 88 5 97
r129 0.6195
29 61 16 80 54 42 52 64 99 28 46 15 99 39 60 70 37 56 87 18 8 53 22 49 5 18 38 5 15 45
30 40 6 38 20 53 75 64 17 74 87 55 82 87 87 39 54 24 90 38 34 94 86 52 40 87 65 70 84 72
r130 0.598865
9 14 44 25 62 20 84 71 86 69 24 65 56 11 99 7 27 90 40 56 81 24 8 18 11 65 84 90 38 94
97 42 8 41 59 65 53 41 34 37 10 53 97 58 56 94 60 78 81 92 34 59 16 35 72 19 95 56 10 30
r131 0.857727
68 51 40 27 14 86 60 43 23 65 88 17 20 44 8 75 19 84 65 48 40 76 75 13 91 71 64 93 93 12
92 61 59 29 81 68 12 38 8 27 99 91 40 16 32 40 84 46 25 49 86 60 25 62 65 13 30 30 6 23
r132 0.647491
77 88 17 58 53 24 91 56 47 87 44 79 96 71 19 80 17 36 29 99 89 46 58 54 55 83 76 53 6 11
41 75 91 53 33 42 72 22 93 16 6 35 90 97 6 10 77 19 38 98 15 27 45 68 74 92 51 47 42 49
r133 0.94951
25 42 31 50 79 96 67 69 12 66 99 98 63 98 5 41 14 35 36 24 55 76 87 29 65 35 71 8 76 22
78 96 56 10 44 32 98 8 96 10 69 93 5 33 88 5 66 97 36 97 21 83 71 5 12 33 35 75 33 11
r134 0.5374
5 45 14 41 72 12 44 66 17 14 59 18 39 47 15 97 41 43 91 57 26 62 57 30 88 84 98 21 87 87
25 84 33 34 25 5 38 65 66 48 71 22 58 10 61 68 7 97 9 93 51 27 53 8 53 38 84 48 54 69
r135 0.547466
53 63 98 71 61 37 36 27 80 99 42 38 9 95 98 8 93 99 93 44 27 46 45 72 79 26 20 31 90 50
98 41 11 96 12 67 30 43 86 10 42 28 40 43 21 39 46 14 35 36 50 57 78 87 26 54 11 41 77 96
r136 0.59754
37 90 66 44 57 91 79 43 94 18 64 31 56 80 65 94 86 93 31 33 50 6 21 72 52 27 10 27 20 89
94 53 79 57 89 33 49 69 72 40 79 33 66 36 13 29 27 91 22 50 24 64 51 37 36 96 56 39 23 72
r137 0.80291
22 5 67 8 33 16 69 97 48 49 30 11 80 35 35 99 23 49 50 43 14 93 72 42 89 29 76 9 93 97
19 12 97 81 15 27 89 80 25 37 29 47 43 6 75 71 5 93 20 47 36 26 41 9 64 27 30 37 32 23
r138 0.725352
30 31 27 37 51 16 17 71 45 38 18 80 39 88 51 37 82 64 79 15 85 17 16 46 40 38 79 64 53 10
7 75 37 26 13 80 34 25 51 74 59 61 51 90 47 98 27 26 59 7 33 44 16 45 83 51 75 62 12 29
r139 0.813986
99 96 32 12 76 58 30 24 29 81 81 76 71 28 71 91 49 30 93 74 69 9 19 52 53 90 11 57 19 71
64 15 67 88 23 41 47 45 60 71 26 38 44 89 61 15 80 7 40 73 77 7 75 88 51 25 75 58 74 86
r140 0.562667
97 88 24 17 26 63 57 82 31 78 17 71 67 74 81 48 73 19 18 47 21 85 33 64 10 8 22 80 87 40
12 84 26 31 96 47 86 53 26 18 28 39 84 90 10 62 35 75 76 49 20 89 34 48 54 37 48 68 14 35
r141 0.894043
16 30 45 9 69 31 54 91 44 77 27 25 65 32 80 92 7 53 41 22 40 68 62 89 97 8 54 11 38 55
24 47 77 64 51 47 88 98 35 29 75 57 47 37 84 27 30 83 72 63 98 12 28 60 93 22 60 48 28 94
r142 0.602677
38 73 6 81 20 89 79 50 16 52 7 58 84 83 80 11 63 49 67 61 57 90 19 50 13 74 90 33 65 86
70 98 56 72 80 68 58 59 18 69 11 17 24 88 92 99 91 55 46 58 17 98 46 28 45 51 97 36 76 60
r143 0.909585
58 67 16 35 35 66 90 48 33 93 57 52 78 46 49 70 96 90 25 10 85 66 33 30 14 28 58 86 83 69
30 41 36 38 72 66 99 59 11 29 49 60 74 28 6 23 90 98 10 15 8 90 74 34 20 83 57 71 69 40
r144 0.717443
73 72 29 42 35 26 96 42 50 43 97 24 63 99 39 50 97 41 60 97 31 31 31 44 15 83 15 76 20 50
68 89 19 92 31 50 18 25 84 61 63 81 77 23 80 14 68 74 50 25 69 77 52 95 21 59 76 28 35 91
r145 0.635828
80 85 88 9 32 6 29 16 59 84 89 37 99 70 46 67 41 91 84 10 65 33 98 81 87 74 6 23 62 72
18 40 54 6 44 78 5 68 89 59 49 78 91 48 45 34 15 79 23 91 81 83 25 76 62 12 47 63 27 10
r146 0.561089
45 81 39 81 59 39 49 45 94 93 21 82 38 58 17 45 37 32 36 16 15 56 87 72 61 35 33 80 37 60
18 74 39 53 55 93 87 99 36 78 89 52 61 27 10 70 67 40 97 95 48 9 49 35 74 10 62 7 85 94
r147 0.94862
65 96 49 20 87 33 19 23 12 5 67 65 24 69 35 83 6 29 79 49 33 28 77 7 30 39 6 12 31 61
8 91 54 52 12 41 81 23 56 85 21 20 50 37 85 77 21 83 6 95 33 31 20 10 31 45 41 32 49 64
r148 0.681114
53 43 97 57 76 75 72 30 60 88 45 10 26 27 82 39 11 80 34 36 12 46 41 38 83 74 65 32 36 51
80 84 89 78 41 65 50 10 90 11 94 33 13 17 55 88 51 58 68 77 89 75 20 27 10 98 97 68 30 30
r149 0.801742
14 5 78 47 62 28 52 50 34 43 78 40 52 30 28 95 84 91 72 73 64 87 93 66 82 87 34 13 17 45
13 23 45 86 62 8 14 11 53 41 50 28 73 94 53 96 90 34 84 62 5 45 47 93 12 26 80 41 31 89
r150 0.565281
12 24 22 69 24 29 75 69 65 22 92 35 17 43 31 7 72 12 61 69 53 5 62 60 27 39 93 50 25 72
85 32 89 7 93 13 31 66 78 88 80 67 23 89 10 46 88 75 51 47 44 99 47 99 56 66 35 46 17 56
r151 0.561936
83 5 96 74 10 25 37 80 13 17 48 29 7 50 67 90 25 18 37 62 17 77 61 65 40 91 12 49 47 23
43 28 20 37 94 25 57 31 6 62 40 46 83 42 91 51 30 17 64 59 71 74 33 32 36 69 20 43 15 63
r152 0.805169
83 73 83 77 91 37 5 89 94 40 35 75 75 23 26 5 32 82 56 98 53 85 30 82 51 46 25 61 6 76
12 81 46 87 55 34 24 55 23 16 87 50 86 62 66 9 59 93 83 16 92 37 93 19 19 41 57 36 94 55
r153 0.671574
36 51 86 83 77 11 38 96 19 26 43 5 80 9 9 40 95 87 48 84 21 38 98 32 71 53 61 65 5 65
61 37 13 48 17 86 51 51 79 65 69 22 62 49 24 63 81 19 50 29 98 64 62 93 91 33 46 52 91 44
r154 0.676335
73 23 92 85 6 40 36 80 5 97 98 59 47 19 22 28 33 65 50 28 29 12 21 17 38 60 62 26 99 72
70 72 87 63 57 89 98 86 69 96 83 64 55 30 78 70 51 8 35 96 31 56 5 48 65 35 5 27 56 99
r155 0.927227
68 76 82 25 62 77 8 31 70 87 88 23 14 63 88 60 67 20 53 90 68 54 35 33 84 35 53 38 31 41
57 94 17 36 17 74 13 17 98 76 99 83 94 11 46 82 66 10 94 17 96 62 66 28 90 47 59 40 80 82
r156 0.781009
77 86 65 86 61 71 98 56 47 95 39 41 6 77 20 64 83 11 76 76 68 39 99 55 82 55 91 59 38 65
89 12 51 54 90 9 25 88 57 64 80 88 97 81 66 17 46 46 23 19 19 83 54 18 36 36 66 24 90 99
r157 0.866728
8 32 31 93 34 48 78 86 10 59 75 7 40 38 20 78 79 35 93 93 16 44 8 47 75 69 66 62 65 47
39 65 74 62 58 5 7 37 87 12 88 59 15 25 89 27 99 68 54 89 58 65 33 58 12 5 25 70 59 82
r158 0.578325
48 81 52 6 81 55 35 65 62 20 24 69 41 10 91 37 73 46 26 28 11 51 79 16 48 99 78 99 81 88
90 26 69 42 28 47 89 55 13 49 71 29 18 9 35 10 41 5 48 62 26 51 10 5 59 50 96 38 49 77
r159 0.780373
99 84 74 24 31 63 71 36 12 39 61 23 43 88 25 76 85 68 35 11 19 40 11 74 85 99 9 35 74 24
66 73 8 40 89 31 99 57 63 8 89 21 26 32 9 46 6 89 14 36 93 26 72 96 92 54 96 93 81 70
r160 0.832988
40 17 83 26 43 82 78 98 86 67 16 9 92 17 51 93 99 57 29 92 75 93 88 67 48 81 57 29 48 69
72 83 78 53 9 19 35 80 14 18 44 26 20 33 38 63 23 37 20 48 26 88 38 12 52 78 88 10 8 37
r161 0.728292
17 50 25 22 61 53 94 70 63 35 91 78 64 30 41 82 59 54 27 81 39 61 88 86 39 73 91 39 10 60
9 23 7 26 37 63 71 28 33 35 58 25 10 22 47 44 97 98 90 24 79 29 80 64 15 17 38 99 51 40
r162 0.895629
55 61 74 84 21 45 12 49 75 66 66 78 80 10 19 77 9 9 97 80 30 74 45 40 86 75 36 35 12 87
82 63 45 56 47 61 97 52 11 72 15 69 47 90 75 61 65 79 62 59 59 87 33 96 25 17 68 56 47 76
r163 0.56711
36 81 81 75 43 75 27 46 47 34 15 87 25 82 45 82 58 8 38 15 90 63 11 15 75 72 64 19 48 5
41 79 81 19 51 21 89 74 59 33 8 70 20 25 49 61 99 8 64 37 18 51 96 21 62 68 88 23 83 33
r164 0.98286
9 96 35 56 15 24 27 69 52 30 36 65 48 81 26 47 81 82 77 94 33 73 12 87 38 96 10 21 29 25
37 34 19 67 82 26 83 9 90 36 31 24 96 74 97 19 19 78 96 91 69 26 61 76 14 94 69 16 13 94
r165 0.880713
25 45 10 7 66 88 8 53 21 34 69 17 9 66 28 20 41 24 8 7 43 64 79 49 55 48 57 60 39 86
98 56 28 8 55 86 88 58 37 10 88 6 19 92 65 43 9 6 59 12 9 97 68 80 46 23 25 96 79 60
r166 0.502135
13 8 77 64 89 62 22 26 67 10 25 79 94 85 19 98 83 73 10 87 68 70 64 11 89 85 7 65 42 82
39 50 85 16 14 71 73 32 90 38 34 15 17 29 95 28 24 78 96 27 63 64 92 27 68 78 9 70 43 46
r167 0.911413
92 34 85 6 98 56 30 88 89 60 98 98 81 90 26 97 65 19 24 28 76 14 48 44 84 52 14 28 94 59
97 86 85 80 84 83 36 15 71 22 67 66 20 48 53 38 45 19 52 62 39 25 68 79 64 52 32 71 72 23
r168 0.826361
6 15 47 82 91 78 92 62 95 59 26 12 99 71 42 45 85 86 99 22 12 67 96 71 16 25 42 84 40 64
51 38 72 93 21 63 68 13 22 60 65 43 64 64 12 6 6 92 87 97 11 94 61 8 63 73 25 5 54 58
r169 0.635798
91 34 90 12 92 55 18 11 15 78 47 74 39 54 72 38 46 59 35 50 51 92 53 14 65 70 11 19 28 68
16 20 94 98 24 83 53 37 90 60 12 37 31 47 86 98 80 29 54 12 74 5 99 24 11 61 87 18 75 15
r170 0.954565
27 70 81 44 53 34 76 43 86 81 72 17 28 58 15 5 80 65 12 54 65 9 74 69 65 61 79 38 68 54
21 88 24 95 32 73 26 5 13 13 81 81 25 6 36 36 6 16 93 11 66 55 12 37 24 72 90 98 7 55
r171 0.885562
43 69 16 70 39 37 68 48 45 49 26 63 51 57 94 49 66 84 52 29 39 59 58 59 29 48 54 31 98 99
47 39 69 58 6 8 91 69 48 33 19 69 91 62 24 82 11 82 66 56 11 6 15 64 57 39 9 8 66 99
r172 0.814405
38 69 64 40 72 55 9 21 80 20 82 72 77 98 51 81 80 18 37 83 16 47 44 65 79 48 68 42 45 68
47 78 37 11 15 10 58 17 23 39 32 97 8 7 93 54 83 73 67 17 54 75 56 93 40 35 39 6 72 79
r173 0.566477
54 7 23 65 9 77 74 24 16 6 21 19 5 14 65 80 80 30 92 34 5 49 24 38 76 58 39 49 34 8
61 84 10 79 46 14 56 20 33 64 21 47 75 19 53 41 94 30 66 87 59 66 33 76 99 9 34 38 50 64
r174 0.983869
45 44 80 86 51 33 6 76 93 19 20 68 33 69 9 28 94 67 12 51 34 37 27 30 38 53 61 84 17 95
84 54 39 64 40 82 90 41 59 83 56 74 48 81 43 50 9 35 17 13 81 43 42 5 69 76 53 27 60 63
r175 0.635301
17 53 98 53 36 88 86 90 71 42 61 16 24 5 61 25 32 74 31 13 14 68 10 75 44 58 97 96 21 19
38 34 68 33 79 99 21 65 86 87 5 47 95 21 44 57 41 71 28 64 76 37 30 81 13 69 40 7 63 53
r176 0.717462
82 85 26 61 81 42 24 67 26 24 14 21 40 54 70 73 22 93 35 94 28 60 72 33 26 9 35 84 58 49
77 40 34 95 94 12 37 15 74 55 34 81 69 66 32 39 36 46 30 66 37 53 23 10 78 45 14 10 29 64
r177 0.667164
97 81 94 88 89 29 98 60 76 29 38 45 87 62 80 23 9 10 82 41 55 5 43 33 42 53 35 67 14 85
63 11 67 54 94 53 78 92 10 55 18 44 92 5 6 72 21 10 74 98 44 29 95 82 54 38 35 85 97 42
r178 0.775356
48 34 11 43 82 82 32 88 34 46 29 26 43 30 94 59 33 68 57 72 90 50 54 44 80 82 29 77 24 92
34 67 26 37 7 6 19 32 89 48 70 18 67 13 40 58 68 68 23 22 40 13 64 90 50 44 69 74 18 88
r179 0.559633
52 85 77 55 86 91 79 72 37 49 82 96 54 22 54 22 86 72 37 23 78 96 10 28 41 74 94 51 59 58
91 12 43 68 59 26 56 38 90 85 79 72 81 33 89 35 48 72 5 80 88 78 73 93 6 11 65 95 58 24
r180 0.57248
28 85 17 82 11 68 17 96 54 88 68 35 22 55 63 65 24 63 42 12 38 15 98 39 19 63 31 72 79 77
21 5 62 30 79 66 93 92 59 44 77 25 72 94 75 32 56 91 90 90 96 28 98 94 59 17 54 82 84 30
r181 0.956102
30 19 27 10 77 17 94 36 54 71 56 26 63 28 53 16 20 40 7 16 60 5 7 19 17 56 93 93 78 53
90 9 64 14 11 41 26 5 69 75 68 26 93 31 46 46 43 58 78 42 69 38 42 68 49 51 21 43 41 95
r182 0.905639
96 49 37 7 82 58 99 51 34 67 69 27 94 16 66 34 69 41 71 36 75 10 99 21 53 18 56 89 13 41
17 9 85 49 8 64 99 7 16 33 69 77 53 60 88 16 89 55 52 57 86 24 59 82 41 12 92 89 96 5
r183 0.881393
6 13 51 6 73 51 8 81 79 70 58 29 30 44 40 17 94 85 66 77 9 26 56 42 33 49 29 27 46 55
29 45 60 76 46 30 27 50 11 98 20 62 28 42 6 60 54 92 45 21 66 47 39 19 84 67 63 13 86 7
r184 0.89124
47 18 84 88 43 11 35 50 9 50 9 29 88 7 82 39 91 24 52 57 66 86 71 48 51 32 53 34 31 11
42 73 24 26 58 62 32 89 9 34 36 10 55 21 12 37 56 98 57 5 52 20 87 24 60 35 48 14 64 74
r185 0.993495
44 36 28 97 90 53 86 95 82 23 5 34 39 10 67 87 8 21 88 56 33 75 72 89 7 17 95 66 83 12
68 27 43 92 24 33 45 8 25 24 26 23 53 57 28 17 45 28 30 30 76 59 97 45 45 99 57 40 65 40
r186 0.704721
59 85 23 76 15 60 79 33 76 97 51 26 54 71 39 91 91 61 21 68 17 15 13 57 14 63 89 75 95 36
6 55 18 24 28 26 76 7 54 52 96 97 73 47 68 9 39 56 63 52 24 75 63 30 30 72 85 19 44 80
r187 0.818165
32 58 61 52 79 34 54 30 81 50 27 52 93 87 56 29 44 19 73 60 87 36 82 17 6 67 28 42 45 68
80 69 27 38 22 98 68 68 29 46 16 51 93 6 39 50 27 75 61 95 35 48 29 15 57 27 77 81 64 19
r188 0.586855
81 68 75 95 67 43 60 91 84 71 39 78 69 73 25 91 48 78 84 76 27 13 86 76 32 60 54 88 72 96
30 53 61 5 45 28 40 5 16 24 69 51 94 38 21 16 27 62 90 11 35 14 16 18 85 40 73 40 28 42
r189 0.561734
87 89 53 32 18 88 30 26 10 94 69 96 32 86 13 51 45 95 57 75 9 65 85 86 5 58 23 29 96 51
74 80 41 25 13 51 13 38 72 15 29 39 12 56 22 20 5 62 15 54 34 16 20 19 97 17 69 21 38 62
r190 0.924067
43 5 33 48 51 38 78 24 49 7 58 53 55 72 65 55 34 72 10 60 83 22 74 77 34 40 90 65 98 55
70 38 55 98 81 7 33 56 23 74 58 73 27 10 45 84 61 71 56 63 31 36 77 97 14 8 37 99 68 32
r191 0.842439
62 10 33 40 9 62 91 27 33 46 92 56 52 37 40 10 8 89 68 34 25 45 28 34 48 60 31 14 85 77
47 47 82 73 83 83 35 71 10 63 18 97 16 65 31 49 70 34 35 35 60 55 72 83 82 17 41 13 26 23
r192 0.881117
65 65 39 45 48 66 14 51 26 27 45 35 84 72 76 54 98 11 81 59 61 53 39 40 62 72 48 81 90 31
47 53 88 78 90 33 41 99 79 62 26 22 89 10 86 65 56 84 71 34 40 30 82 72 65 42 44 11 23 32
r193 0.59571
80 22 40 67 50 76 67 27 35 85 44 25 91 30 85 44 11 54 74 47 76 53 16 38 90 55 41 10 82 70
67 59 84 7 27 35 75 89 57 11 74 93 28 62 20 10 99 26 59 70 65 32 23 76 63 11 29 96 16 11
r194 0.932401
63 51 78 85 78 54 71 32 57 42 25 80 97 37 85 96 59 42 66 21 66 81 93 29 84 22 23 96 25 82
72 83 33 47 65 9 93 36 36 47 74 54 27 71 83 10 64 42 47 30 56 10 8 46 32 88 60 50 81 80
r195 0.66099
61 57 92 26 61 83 55 90 30 29 41 50 92 24 55 56 59 94 78 12 99 81 53 31 66 13 73 47 85 5
92 46 58 82 65 16 62 20 98 87 41 39 34 33 56 84 81 12 78 59 19 75 37 64 98 99 72 72 46 57
r196 0.839649
96 27 15 61 39 72 73 34 56 11 66 86 36 22 67 17 26 43 68 37 18 5 96 13 99 68 80 43 22 50
71 18 72 78 71 8 50 41 38 98 47 99 81 78 18 46 87 39 84 55 68 94 53 64 7 49 29 80 87 43
r197 0.7748
54 94 33 25 98 75 59 33 71 6 32 52 77 42 93 64 76 74 17 41 68 65 97 68 14 26 48 94 61 70
46 15 64 75 36 62 47 87 87 18 88 19 66 62 56 56 24 29 31 33 65 91 90 59 59 99 80 99 90 42
r198 0.976247
49 31 9 77 85 51 64 73 65 50 87 28 12 41 76 28 62 99 56 25 88 46 79 47 43 57 44 30 91 10
59 40 36 63 18 19 12 77 87 69 27 71 89 32 9 65 55 67 62 12 87 50 50 63 89 88 20 33 16 11
r199 0.738049
47 64 34 60 78 38 37 62 7 57 34 91 84 35 53 39 97 15 43 81 60 86 45 47 71 57 75 82 64 8
53 8 68 79 63 43 17 92 6 16 49 32 7 30 59 52 62 57 63 97 35 20 83 72 62 55 30 35 34 89
r200 0.927622
92 98 58 52 39 70 41 37 78 86 61 80 13 20 33 70 72 88 68 5 5 48 72 63 95 97 90 30 83 25
9 75 24 60 24 58 27 61 87 6 44 48 81 52 63 11 20 36 91 80 33 92 28 5 52 21 98 42 46 81
