200 30 5 1 10
0 0.25
32957 44570 39838 31603 31108 40207 30706 37881 31279 38248 41283 41274 38897 30827 34520 43428 44647 36773 34071 34740 40953 34340 30275 33112 40179 31451 31896 40765 30870 43314
w1 0.5
2328 2385 3615 3931 3493 1822 1638 2726 3453 4238 2010 3079 4488 3189 1599 2916 2836 2372 4339 1577 1677 2679 1852 1789 3859 3655 4038 2976 1526 2352
w2 0.5
2354 3237 3719 2137 2582 4042 2627 3809 3347 2718 1671 1927 2706 3360 2378 4122 2048 3251 3961 2125 3780 2493 2829 4070 1852 2337 3960 3328 2363 1812
w3 0.5
3569 3902 2652 1558 2336 2546 2686 1997 4393 3904 2168 2172 2110 4028 3403 2084 1577 2506 1897 2554 1786 2890 4236 1708 3594 2073 4168 2774 3288 1833
w4 0.5
2357 1587 3211 2415 2423 4257 3953 2921 1502 3357 3589 2527 4319 3470 4430 2255 3899 2436 2653 1953 3074 4395 2041 3283 3490 2614 3303 1764 1754 3636
w5 0.5
2611 4075 4034 3879 2351 4143 3332 4124 4146 2542 3565 2525 2713 2535 2455 3821 1934 3743 2326 2740 2669 2221 3281 4452 1563 1748 3608 2180 2002 3096
w6 0.5
3114 2672 2890 2845 3523 2533 2029 3147 2531 3071 2212 3556 1637 3600 1863 3958 4034 4458 1784 2274 2628 2857 4408 2932 2921 1656 2040 3601 2158 3637
w7 0.5
4124 2161 3846 2469 1536 2232 2999 3183 3263 1922 4247 2320 2059 3347 3035 1869 3234 2994 2505 4360 4474 3863 4268 2906 2636 4424 3799 2089 2435 3288
w8 0.5
2059 4301 2744 3029 4337 3476 1880 3372 2239 2302 3471 3411 3214 2671 2299 3935 4405 3793 1941 1617 4119 1656 1738 2525 3144 2014 2176 3733 2949 4316
w9 0.5
3509 4117 3522 2390 3954 2498 2770 3178 3590 3572 2150 2853 2638 3321 3652 2074 3578 3297 2867 3695 2916 3375 3933 4294 2019 4448 1970 4252 2897 2139
w10 0.5
2258 1756 4405 3148 1563 2755 4418 3241 2197 3843 3891 3551 1981 2712 2703 2907 2142 1501 1626 4338 3269 3501 4123 3063 4372 4071 3534 4124 2821 1525
r1 0.860536
76 59 58 44 34 23 88 14 61 96 20 40 9 75 34 83 53 81 61 48 64 5 26 42 73 17 28 21 67 80
26 41 36 76 77 63 94 65 72 56 62 84 88 63 59 22 46 13 98 5 53 60 5 71 97 70 84 25 87 48
r2 0.883833
84 31 81 62 89 72 24 61 25 81 45 13 41 97 31 83 7 26 83 55 78 80 26 75 47 7 93 34 48 88
36 32 19 14 86 9 82 8 62 7 84 5 13 23 97 39 6 99 57 81 54 36 58 72 8 5 75 93 32 23
r3 0.946234
47 93 70 31 94 52 34 56 51 15 53 59 30 50 90 31 49 48 9 95 76 59 68 79 60 40 73 84 55 51
44 94 41 14 25 35 58 51 84 10 59 37 64 84 83 55 13 29 95 14 25 71 69 85 50 26 22 20 10 72
r4 0.733649
63 5 56 81 33 14 29 17 16 83 46 76 65 26 28 70 51 20 79 68 86 45 50 33 66 67 46 71 36 10
18 94 7 66 72 35 72 97 44 84 77 86 57 42 12 77 12 55 92 84 23 78 29 65 8 91 32 49 59 60
r5 0.807317
55 51 35 24 81 8 21 23 84 94 6 41 33 10 18 41 61 10 22 76 80 46 42 83 34 69 30 86 27 73
55 74 24 83 93 98 83 15 21 67 6 22 8 34 24 18 67 80 20 84 57 95 28 94 75 57 60 97 40 82
r6 0.836984
56 87 71 47 85 54 57 98 18 58 17 18 87 37 31 55 17 46 36 66 38 59 57 13 14 15 8 49 89 74
37 43 58 5 85 44 51 42 42 64 92 52 74 76 84 5 28 93 43 60 60 73 16 14 79 22 24 82 67 14
r7 0.616112
52 11 94 37 50 45 71 85 10 60 34 76 36 18 77 57 8 17 17 60 86 25 70 65 43 89 44 7 95 92
98 47 98 89 76 46 35 47 28 37 99 57 13 36 67 82 85 70 95 97 31 78 22 96 40 57 82 79 59 78
r8 0.784494
22 66 44 94 12 74 38 32 11 38 81 20 66 48 94 51 16 89 45 39 64 59 32 99 17 14 78 71 84 46
26 7 13 66 96 17 37 31 45 44 61 26 56 27 70 50 70 78 37 12 17 96 67 44 93 79 50 71 47 35
r9 0.957227
34 23 32 27 35 64 53 75 5 15 94 53 34 61 96 97 39 33 9 48 26 71 87 19 47 34 83 87 64 93
53 90 16 77 17 43 41 66 16 39 73 10 84 99 66 80 96 97 10 98 45 29 66 29 40 11 58 20 93 20
r10 0.807376
10 21 23 20 60 56 78 68 87 51 73 72 47 36 52 44 33 55 39 70 79 5 94 16 11 49 32 99 61 40
42 64 54 60 79 11 14 57 74 96 5 47 68 47 78 18 83 8 65 22 73 41 23 64 52 26 10 79 26 67
r11 0.791928
31 66 21 7 69 30 59 43 23 59 82 87 98 60 97 82 60 62 96 30 95 16 89 47 38 94 24 56 58 36
16 84 94 29 86 63 51 42 98 70 93 80 54 92 37 48 71 92 10 67 19 97 79 8 44 14 94 63 62 50
r12 0.876269
34 82 95 18 42 46 52 40 16 46 17 62 38 49 10 9 38 12 68 52 9 44 52 49 53 44 9 12 89 93
81 20 72 76 30 15 19 78 47 31 24 60 88 54 6 91 55 40 98 23 84 8 60 37 49 10 73 50 18 62
r13 0.517584
74 13 67 5 23 81 78 62 9 94 19 90 48 21 81 95 53 76 15 37 79 70 66 25 76 36 71 86 90 11
77 65 19 44 65 34 22 40 89 24 34 8 11 74 21 84 69 69 60 79 99 40 50 62 60 23 91 28 9 81
r14 0.546155
46 46 22 11 73 36 43 62 52 72 62 58 43 79 42 12 45 98 84 41 35 31 96 87 46 87 16 50 68 43
28 15 81 42 18 51 73 57 10 26 26 68 76 62 44 16 66 81 14 50 23 41 73 16 28 19 98 36 64 63
r15 0.561131
73 53 26 84 96 95 38 7 18 59 67 86 18 8 97 80 84 8 30 99 44 96 12 65 15 10 96 72 69 68
56 39 18 78 23 14 70 56 13 83 13 72 66 26 75 64 98 57 67 26 56 9 22 64 69 32 66 62 99 32
r16 0.799102
64 40 31 82 50 96 36 55 76 41 28 42 59 98 6 58 55 66 79 9 67 93 65 36 25 28 93 22 56 21
73 20 56 99 94 98 92 27 54 68 60 77 10 17 72 9 70 25 70 46 26 37 39 83 65 56 11 55 73 62
r17 0.79081
74 28 42 66 23 31 85 72 94 46 46 5 58 16 9 25 33 71 63 54 5 94 37 65 50 43 20 21 98 84
59 69 9 94 35 27 25 18 92 20 59 38 17 14 46 21 31 74 87 86 28 87 80 57 49 27 96 61 43 91
r18 0.822411
57 49 89 85 69 14 98 61 26 57 91 38 63 38 51 89 12 38 72 33 22 52 85 63 74 78 25 15 69 62
10 27 9 91 12 73 97 7 31 24 56 22 54 19 52 6 5 60 36 72 85 51 21 70 14 87 49 34 97 15
r19 0.539456
34 93 90 38 66 85 40 89 6 91 11 55 7 56 56 7 16 85 71 96 36 87 63 45 75 12 72 69 20 61
69 49 51 56 80 14 41 20 98 42 9 6 90 11 57 43 11 65 28 77 58 56 65 22 94 37 26 66 6 41
r20 0.982105
83 67 24 60 76 57 72 74 92 76 75 82 80 33 25 86 93 46 63 52 97 25 66 91 57 87 54 56 26 70
23 6 37 42 58 13 95 30 79 87 99 55 66 79 80 83 65 70 29 25 19 27 43 80 15 92 65 65 48 83
r21 0.652975
81 65 9 39 70 96 61 47 80 60 97 46 39 74 30 96 44 51 19 59 70 57 36 81 49 93 43 90 73 70
57 54 32 58 85 95 52 47 42 29 99 36 71 39 10 93 35 49 44 49 5 15 98 34 88 45 27 31 35 96
r22 0.5314
47 26 39 30 21 86 72 55 16 68 86 79 7 91 69 35 37 10 76 35 17 75 64 5 20 83 28 47 76 22
28 24 43 62 46 56 46 15 11 54 78 92 33 81 80 94 13 17 99 84 47 17 56 8 14 71 87 38 15 60
r23 0.578481
76 90 96 22 43 39 32 46 88 11 38 21 84 18 15 92 27 11 73 67 20 30 70 30 93 54 60 9 15 12
39 86 94 32 9 34 66 33 75 54 36 10 70 20 20 77 9 42 81 78 9 96 5 72 23 93 26 75 94 36
r24 0.662548
20 70 61 21 99 28 49 71 77 81 76 45 93 91 19 98 31 92 73 32 89 73 99 9 66 26 80 58 54 56
87 69 27 45 85 23 68 32 90 43 10 66 80 98 55 94 96 78 87 66 10 73 39 10 77 98 28 54 56 74
r25 0.912
41 30 80 23 48 49 50 38 84 55 97 64 54 49 55 47 27 39 11 32 12 45 34 82 40 54 33 88 29 36
28 65 61 9 80 10 53 31 43 34 78 37 93 29 81 48 69 8 83 75 33 87 17 59 66 53 14 95 41 35
r26 0.801477
92 88 66 72 90 16 95 30 45 71 63 38 95 41 78 64 45 58 39 70 43 52 26 9 97 35 99 35 62 28
95 51 13 58 21 98 69 16 28 14 82 83 44 78 25 23 39 62 73 71 32 16 23 53 21 17 81 20 47 40
r27 0.598281
87 48 93 8 46 63 16 67 72 91 47 17 66 67 32 5 26 5 71 50 17 86 96 30 98 77 42 43 14 78
78 93 26 71 96 65 31 10 29 96 96 71 13 62 39 37 62 57 34 31 8 46 17 99 68 13 76 11 51 82
r28 0.694293
76 10 92 69 67 21 74 91 17 67 63 22 29 94 54 84 51 83 15 54 27 24 53 90 29 26 93 75 6 77
96 77 80 86 43 47 7 18 36 16 80 91 33 7 82 79 86 30 59 93 80 78 14 30 66 39 49 59 11 50
r29 0.931169
24 14 86 62 53 85 72 84 96 50 72 26 52 54 5 35 80 56 28 57 35 34 79 96 68 28 52 75 70 84
75 86 90 58 49 44 40 18 25 36 63 93 54 15 47 54 42 24 10 65 76 37 92 56 33 60 76 81 32 44
r30 0.860256
27 53 54 68 89 89 82 14 22 45 99 71 53 47 25 90 63 28 53 37 57 45 88 86 97 61 64 30 97 23
26 25 68 76 88 57 65 70 64 83 13 63 54 58 7 72 45 66 92 93 98 49 35 83 32 33 41 91 55 36
r31 0.667718
56 75 52 41 30 15 9 89 93 17 49 44 67 52 16 12 15 5 98 10 50 33 85 77 58 23 66 13 54 70
82 7 45 31 44 67 41 48 53 34 57 98 71 24 47 79 31 54 80 29 56 30 55 41 99 13 59 62 19 11
r32 0.589753
13 67 24 52 34 61 92 83 87 49 78 58 65 25 38 89 71 18 15 27 40 65 60 36 71 19 91 82 22 17
75 31 79 94 75 14 55 65 89 40 14 67 93 72 84 28 61 55 38 71 77 70 34 37 99 5 48 87 79 63
r33 0.74402
86 79 48 61 85 96 26 74 36 33 38 26 5 22 50 58 69 80 29 46 51 55 75 47 52 20 34 31 75 30
80 61 9 26 23 86 22 41 60 53 66 93 74 63 12 21 21 76 97 43 19 45 93 86 87 43 99 18 69 74
r34 0.641095
36 45 68 51 31 85 87 84 38 51 77 9 14 82 26 31 58 23 66 70 63 56 56 47 94 55 60 61 27 98
8 58 43 68 9 70 50 88 51 80 39 28 84 49 7 10 72 58 25 38 28 80 89 79 27 81 32 82 42 54
r35 0.85636
9 21 10 10 83 55 93 34 35 30 55 19 74 57 22 43 15 39 76 38 20 62 15 42 43 39 25 80 85 98
22 89 19 24 94 98 74 84 29 9 14 79 21 80 37 35 23 44 69 91 75 84 51 85 27 89 21 44 67 6
r36 0.901107
87 53 6 81 48 75 62 73 77 72 52 90 52 81 25 68 26 89 59 96 74 10 78 93 92 94 37 56 92 71
37 79 24 38 57 65 11 19 38 80 83 82 70 36 64 87 99 82 76 55 78 47 58 53 40 50 44 69 6 36
r37 0.859233
12 57 66 61 19 69 72 52 49 56 31 16 84 90 98 80 72 71 35 47 19 88 95 51 35 39 21 33 67 53
64 74 7 27 32 21 91 5 68 37 53 95 48 37 82 43 17 52 11 44 94 22 33 90 69 60 26 82 86 89
r38 0.836959
60 38 72 88 54 60 85 20 92 38 12 40 70 86 75 79 38 81 23 33 99 48 20 65 9 38 47 90 27 74
37 80 9 6 65 56 61 47 71 53 80 75 85 47 61 60 23 92 38 41 22 34 85 37 94 86 67 38 73 87
r39 0.532773
67 14 5 29 65 61 71 33 11 48 8 91 87 62 48 10 54 78 43 71 13 25 5 99 11 67 35 76 51 40
75 18 49 75 39 12 36 10 40 39 50 44 27 37 98 70 39 49 46 78 17 51 98 17 47 7 76 77 78 28
r40 0.625875
38 56 26 70 63 55 75 98 89 23 39 17 52 37 79 87 78 25 65 90 71 63 99 19 65 76 88 41 96 98
87 31 54 13 96 17 60 69 12 50 87 47 62 39 76 38 23 55 59 83 45 27 44 42 41 6 15 30 39 11
r41 0.976903
34 74 32 28 83 87 89 90 34 76 34 88 12 11 27 28 58 81 11 95 8 47 37 42 49 47 67 83 50 87
7 77 58 34 5 41 18 89 31 48 62 58 36 66 61 55 89 19 36 93 11 37 40 44 74 81 83 38 65 31
r42 0.80106
8 75 93 5 13 8 86 36 48 45 89 80 11 50 32 93 61 64 83 68 93 23 9 64 5 84 97 62 15 16
26 15 83 19 12 91 22 93 24 63 38 14 40 42 59 67 32 21 31 15 81 21 33 85 80 30 69 74 87 77
r43 0.94174
87 65 24 92 53 39 85 73 97 21 82 37 58 38 99 85 51 28 95 32 44 25 14 22 48 76 91 32 50 74
38 34 39 57 26 88 88 12 61 85 28 40 19 78 73 16 60 22 39 52 49 75 72 56 92 17 32 84 45 77
r44 0.599433
8 89 32 30 74 21 37 32 98 57 67 15 35 38 26 87 55 57 39 99 29 8 52 22 21 76 98 58 50 53
36 54 39 60 79 11 73 16 38 69 65 6 79 92 39 97 79 86 51 18 82 75 21 35 92 34 11 87 87 57
r45 0.68954
8 72 76 82 75 46 90 13 15 55 11 86 47 42 83 23 28 34 36 11 7 49 41 91 79 44 79 66 93 13
82 96 77 55 78 52 96 68 61 9 20 67 90 59 10 71 77 33 97 10 39 99 55 72 91 34 14 67 95 7
r46 0.690102
99 53 29 74 5 23 40 58 27 55 26 17 12 31 83 84 56 81 90 88 80 45 57 68 71 66 35 66 66 11
41 62 56 62 36 53 80 71 12 7 24 33 17 28 56 95 12 9 73 94 92 51 36 47 19 7 13 47 69 74
r47 0.547539
36 6 61 65 54 42 33 61 41 52 86 53 75 42 49 80 47 19 71 36 65 8 78 80 10 84 27 71 55 72
70 87 70 32 49 21 69 77 78 7 27 61 56 94 96 5 74 40 16 46 71 77 46 47 54 48 31 73 20 81
r48 0.502166
65 12 14 14 28 75 87 98 78 11 57 34 5 53 31 72 88 42 18 59 19 56 98 65 99 26 38 19 8 75
97 65 82 8 75 8 79 59 98 54 65 55 83 62 8 11 34 91 48 44 48 60 95 46 25 95 65 56 11 68
r49 0.607432
30 14 9 97 14 80 56 12 34 18 63 14 76 63 20 10 55 60 50 95 17 42 38 35 37 98 86 41 63 17
41 89 23 42 86 32 22 40 37 48 53 92 57 26 55 69 29 7 27 71 97 39 13 36 66 43 31 52 79 90
r50 0.643871
79 80 55 62 10 72 97 39 18 48 31 67 69 78 34 90 81 56 61 78 90 70 11 57 13 38 6 87 25 63
99 96 41 54 58 43 24 56 77 34 99 5 96 65 78 30 56 59 81 17 35 69 79 41 23 87 71 24 71 88
r51 0.768299
84 18 22 43 56 38 94 30 67 90 27 64 55 5 86 11 57 65 24 87 34 98 25 49 83 89 68 51 77 45
19 62 58 34 5 11 67 91 36 35 81 58 91 36 56 77 43 13 42 59 92 68 54 17 17 34 98 78 81 76
r52 0.807819
35 74 29 35 80 92 23 14 24 99 64 15 35 20 84 70 25 24 26 17 87 76 27 5 7 25 78 83 93 93
76 28 67 5 55 45 89 70 54 10 69 18 17 97 34 97 64 54 21 86 64 8 59 86 5 61 8 75 45 94
r53 0.868415
19 33 18 70 73 5 40 27 10 7 41 23 99 67 20 60 18 33 46 77 33 5 60 34 59 61 9 99 55 70
17 69 96 27 36 69 27 72 89 33 71 30 48 67 89 63 27 7 88 69 77 21 66 37 47 25 93 49 21 45
r54 0.85666
15 15 53 46 77 72 15 66 5 81 88 48 48 77 8 68 76 91 37 53 10 95 83 52 18 73 96 31 19 16
57 29 23 7 67 95 74 78 58 72 56 46 17 5 20 21 68 92 9 97 42 14 89 22 62 7 88 55 34 7
r55 0.528236
28 82 85 90 74 56 68 30 28 22 71 38 22 84 54 82 76 55 76 15 62 65 30 21 65 18 71 91 17 35
74 40 14 56 27 83 12 88 13 33 10 77 66 24 61 17 98 34 64 74 41 26 36 66 42 96 76 11 87 88
r56 0.947647
25 47 14 48 27 19 33 33 44 38 10 7 57 63 19 55 92 75 26 30 97 57 92 36 51 65 39 35 51 72
89 71 19 98 16 42 14 44 70 53 77 75 55 31 35 66 81 27 42 7 52 36 57 41 64 8 99 99 38 50
r57 0.503049
21 83 23 30 25 32 69 87 81 44 59 33 70 89 95 52 13 34 51 57 65 8 94 26 11 93 22 45 40 86
64 53 69 82 78 86 15 48 73 88 87 32 21 57 21 13 6 29 42 53 81 99 56 72 26 63 62 43 5 97
r58 0.764513
48 93 44 26 76 54 69 49 39 53 76 52 8 89 61 9 15 95 57 89 95 11 58 21 66 21 56 63 15 78
27 58 71 66 77 48 17 46 89 48 92 63 96 95 52 54 99 60 49 54 49 41 57 99 54 23 17 11 81 28
r59 0.860848
78 52 64 52 92 73 94 82 22 83 42 15 78 89 64 74 46 10 25 87 47 74 87 93 92 99 99 70 24 80
68 95 30 32 47 22 97 38 96 19 21 38 26 94 25 82 66 63 85 83 51 32 58 38 22 47 37 22 18 57
r60 0.681623
52 24 10 91 39 99 30 32 19 46 66 37 38 83 20 96 46 5 79 92 29 37 27 46 80 60 60 90 14 55
68 58 71 70 49 10 69 74 38 80 18 96 18 51 76 30 47 19 27 23 9 51 56 31 89 33 83 47 23 92
r61 0.664887
47 65 50 92 68 19 63 98 92 76 91 7 24 67 32 63 81 51 82 85 94 38 14 83 63 92 27 81 82 21
61 26 79 11 18 47 22 74 42 14 47 33 16 67 92 40 30 70 86 9 53 80 42 62 61 97 51 83 75 33
r62 0.618008
55 76 39 65 20 57 36 57 63 76 82 72 43 71 12 65 41 91 67 89 68 9 48 29 99 95 10 74 25 7
11 72 75 45 35 90 94 66 44 58 42 23 30 77 89 34 40 30 25 7 17 89 8 60 15 7 55 20 77 73
r63 0.731709
45 89 22 75 76 17 39 17 67 73 35 92 48 21 23 80 47 44 82 59 30 82 16 40 82 64 53 56 37 64
36 77 54 50 50 27 62 81 40 26 51 67 15 94 84 34 71 31 70 50 82 95 33 90 32 15 54 77 63 86
r64 0.918174
61 88 41 8 12 96 81 47 22 32 15 33 24 94 62 90 22 29 41 96 24 66 86 48 73 41 23 36 24 57
27 77 45 63 80 49 59 61 92 77 86 99 7 10 93 61 92 12 85 33 8 6 91 89 46 64 27 64 92 44
r65 0.899824
21 58 78 97 8 34 55 92 8 41 91 10 43 81 66 36 85 48 61 88 49 50 74 88 14 94 52 7 38 66
18 54 21 88 48 21 23 99 13 26 37 96 29 73 74 87 6 59 36 62 47 77 9 19 65 16 13 15 15 46
r66 0.539244
95 89 17 41 11 32 40 16 50 69 13 71 42 82 59 43 42 87 98 81 64 7 95 27 18 8 37 28 46 7
49 39 91 58 75 97 85 12 11 32 76 19 99 19 93 58 54 35 42 52 14 6 52 9 25 65 10 54 86 48
r67 0.627388
82 48 88 54 42 70 61 48 94 35 59 93 49 53 48 95 80 85 48 89 84 95 94 9 57 96 59 43 44 15
70 24 55 55 73 90 22 32 35 17 62 90 10 8 40 51 98 20 36 43 10 20 38 96 22 88 89 76 28 33
r68 0.855918
49 36 46 23 26 64 50 56 76 9 43 81 12 78 32 7 94 61 46 96 73 76 89 90 64 78 63 88 8 47
79 53 75 25 71 96 81 18 49 57 19 88 36 26 63 60 28 57 21 66 50 90 43 39 77 99 17 41 84 21
r69 0.512709
69 55 81 37 51 62 47 92 20 61 77 48 79 41 8 7 93 22 66 41 9 9 75 81 5 88 22 85 6 97
45 67 52 26 99 95 81 43 88 93 99 62 41 78 98 41 77 89 58 43 30 62 44 5 44 45 85 58 27 86
r70 0.879704
50 5 86 49 96 67 87 81 57 83 43 93 61 39 34 36 28 85 74 53 47 16 53 83 53 36 42 72 22 90
39 68 87 22 14 80 84 94 61 38 77 97 31 36 36 58 67 56 40 38 9 79 46 57 60 91 88 97 63 8
r71 0.848326
68 71 17 74 52 94 68 10 32 43 99 56 71 32 11 35 83 46 65 84 22 12 39 77 95 24 71 59 24 55
54 87 24 66 59 68 60 24 70 85 62 67 41 30 91 44 60 75 85 23 56 7 30 90 80 22 15 48 76 34
r72 0.87351
19 20 89 73 83 46 92 50 31 52 17 64 74 9 8 32 76 85 50 32 85 72 20 62 89 30 10 66 56 9
88 70 21 77 40 96 21 30 47 47 74 59 9 48 60 12 75 36 93 22 61 75 89 76 37 79 98 42 42 54
r73 0.693529
22 60 97 54 57 18 79 99 57 53 55 61 94 16 66 66 44 56 84 97 31 73 73 63 49 68 97 86 23 41
11 37 94 8 86 51 21 63 47 70 13 94 32 7 7 90 69 44 46 50 41 72 23 12 32 68 75 29 51 93
r74 0.547644
27 57 57 11 5 73 66 47 41 74 38 68 74 41 55 40 80 96 85 18 65 5 25 92 65 96 18 14 86 76
63 14 33 21 17 33 86 78 72 27 49 11 87 23 44 42 55 21 38 37 34 98 38 55 87 98 48 6 9 34
r75 0.528507
40 8 84 52 33 70 30 6 90 72 9 77 90 48 20 43 61 50 75 90 46 10 42 30 6 85 28 10 17 98
73 49 6 54 97 34 25 24 32 12 91 36 84 79 76 96 19 37 44 86 25 85 92 62 15 90 45 36 92 54
r76 0.540902
98 35 17 92 61 34 17 89 41 5 22 23 79 94 19 93 28 58 77 48 40 69 8 48 56 45 79 48 94 13
11 92 40 21 85 96 50 94 82 84 94 97 7 71 88 21 61 16 72 38 57 12 99 60 52 52 5 31 96 91
r77 0.622344
80 71 20 62 65 63 56 47 47 48 41 49 19 29 62 72 38 31 8 90 36 7 47 83 55 47 12 48 38 43
47 15 15 60 73 72 20 29 16 62 69 53 8 80 74 62 53 12 89 53 97 25 55 44 5 7 83 12 50 18
r78 0.630882
29 55 47 97 27 62 23 38 21 85 83 21 65 58 75 15 65 64 63 60 81 16 99 79 18 80 83 61 93 31
48 22 81 90 16 5 49 32 39 62 17 22 78 74 72 53 85 38 15 45 93 88 56 89 67 67 69 48 28 63
r79 0.681832
77 56 55 86 53 99 18 87 58 27 7 33 96 74 78 78 9 88 21 97 74 72 87 38 36 53 81 59 16 56
24 86 9 74 72 57 73 82 42 31 6 41 59 94 15 35 73 17 23 89 14 89 58 93 28 90 47 6 46 55
r80 0.586486
41 58 40 10 13 11 84 47 34 85 83 86 80 90 21 50 7 36 36 14 26 89 7 46 76 46 47 23 94 97
81 35 52 21 38 57 27 22 99 54 5 79 40 80 70 56 30 69 87 58 78 13 47 78 51 24 21 94 39 15
r81 0.681622
43 37 33 76 90 53 90 86 7 90 66 42 70 33 90 92 97 77 47 73 83 90 48 34 11 64 25 42 72 13
57 15 46 85 83 33 38 73 19 37 64 80 74 31 10 64 21 5 39 63 73 22 50 18 48 56 77 69 90 46
r82 0.54414
56 20 30 39 48 60 10 60 93 69 37 64 92 43 26 13 43 60 69 13 74 19 26 22 68 98 83 58 42 58
98 93 73 25 30 19 80 35 74 70 96 11 35 88 46 56 94 84 13 63 92 82 74 15 96 39 14 80 90 51
r83 0.690053
41 8 13 66 22 85 93 88 56 89 92 86 78 35 39 69 17 47 32 9 26 98 17 22 38 26 97 25 69 35
13 7 36 18 66 50 98 59 39 51 46 28 37 21 55 68 85 67 12 14 69 33 12 81 51 42 7 45 62 68
r84 0.54852
67 9 80 33 54 76 85 85 27 31 10 57 47 61 25 29 28 33 38 92 58 45 73 9 80 72 47 42 37 20
10 5 24 82 30 73 58 12 56 81 35 61 38 74 22 55 98 46 80 36 35 39 74 9 40 54 76 82 91 14
r85 0.827497
11 18 76 36 87 31 41 40 12 71 96 42 46 16 90 41 57 70 73 87 9 44 88 42 93 65 24 81 71 19
75 77 32 48 10 16 74 46 51 82 15 45 21 53 56 11 89 10 74 59 89 75 98 78 17 91 43 34 70 11
r86 0.500119
83 72 88 85 81 59 29 32 38 36 72 55 84 25 58 70 30 29 30 20 5 25 93 14 14 33 40 79 39 80
21 19 53 9 96 34 60 22 58 94 53 28 49 34 48 99 5 74 29 27 86 26 47 79 32 53 9 68 32 40
r87 0.604666
51 96 49 44 27 10 62 81 99 12 6 45 42 49 44 42 20 65 61 6 83 5 77 16 54 78 79 81 18 27
30 61 21 71 6 40 76 60 21 75 67 22 17 9 64 54 43 79 19 99 81 95 5 55 11 54 34 82 32 47
r88 0.95219
6 22 26 7 58 97 62 71 70 26 86 82 31 50 33 69 26 48 66 99 40 63 55 46 14 84 28 41 28 29
91 29 44 14 28 97 8 82 65 70 9 51 50 32 93 78 93 20 23 59 19 58 19 69 99 28 50 24 65 71
r89 0.552017
92 85 59 21 82 62 95 47 33 96 91 78 25 84 53 19 99 72 70 19 30 85 80 27 13 28 46 70 94 87
23 86 69 77 99 48 37 95 88 65 88 79 40 14 63 85 25 60 57 90 71 80 75 51 7 81 74 45 51 65
r90 0.616512
52 94 41 51 43 73 43 31 35 32 10 67 38 65 53 58 22 10 45 88 82 21 37 84 94 8 30 45 69 52
12 21 46 49 64 81 19 8 12 50 32 14 17 65 75 62 20 89 65 60 78 47 73 15 32 67 15 54 13 79
r91 0.528523
92 44 58 57 26 73 60 30 23 84 40 32 49 12 90 61 96 55 21 74 97 90 81 26 54 92 72 62 68 70
72 61 12 30 15 33 98 70 58 18 54 90 43 95 97 33 56 94 80 69 65 77 59 47 96 14 36 68 68 96
r92 0.647765
57 43 63 67 68 58 34 26 69 80 14 12 72 11 37 28 97 17 93 63 86 49 7 79 55 35 48 21 31 76
53 84 19 16 48 82 67 75 5 36 52 14 40 25 18 72 45 15 81 38 73 67 80 72 47 32 7 87 48 34
r93 0.969
15 74 10 55 53 69 30 53 97 78 60 37 95 73 9 40 80 82 71 54 50 51 23 89 75 26 73 21 52 33
15 62 7 17 14 52 82 37 5 79 12 57 17 7 27 18 42 8 93 13 54 40 56 72 29 32 93 94 48 42
r94 0.819143
99 26 70 11 73 49 43 70 29 50 25 38 52 47 48 89 50 41 95 99 76 51 72 97 78 62 91 23 5 15
76 96 36 44 99 6 88 42 69 14 87 89 44 36 33 85 23 79 26 18 75 95 64 44 89 40 99 81 58 99
r95 0.569992
92 22 68 92 23 53 31 84 60 16 73 99 47 7 84 65 78 8 75 53 98 37 90 87 69 89 65 24 85 54
51 77 71 16 66 86 65 93 71 22 9 41 21 48 40 98 11 18 6 81 64 96 15 54 80 79 40 43 99 25
r96 0.977763
97 60 59 64 43 21 54 11 38 55 48 51 98 80 49 9 91 47 83 55 43 93 6 24 73 41 59 72 61 48
16 55 8 70 16 43 83 65 50 18 20 90 65 16 67 14 20 58 54 98 13 92 89 11 13 62 44 67 31 5
r97 0.875459
56 15 10 64 51 85 27 93 99 42 83 64 50 50 70 66 6 24 61 14 14 50 18 19 9 57 82 32 58 89
67 11 97 69 67 48 54 89 41 53 29 21 14 74 63 77 37 64 96 94 71 7 41 84 22 43 41 96 67 91
r98 0.737869
94 82 98 62 30 50 48 63 98 72 79 10 44 43 82 76 7 75 67 73 78 6 54 95 44 91 91 8 79 73
38 71 56 33 33 78 75 73 39 71 46 18 76 82 53 58 58 53 33 23 26 8 24 76 95 60 64 86 63 40
r99 0.511622
11 13 24 39 83 94 10 22 65 48 33 41 30 81 91 80 34 22 98 53 25 22 26 21 77 82 99 38 22 56
31 29 61 50 60 45 42 65 59 99 13 84 41 35 66 29 16 92 46 14 42 64 32 63 80 6 45 79 39 60
r100 0.591889
84 89 10 44 31 47 7 83 47 15 67 80 46 30 9 54 23 48 63 57 12 87 18 84 89 58 60 25 15 88
83 94 78 86 36 9 33 38 87 72 45 52 49 83 77 54 37 92 94 96 50 98 80 63 82 69 18 42 87 29
r101 0.839486
20 6 53 51 7 79 81 87 51 27 39 93 7 16 44 40 6 38 33 48 36 13 8 18 75 21 52 59 42 78
26 55 76 72 98 79 51 80 66 94 99 97 87 6 10 31 38 11 64 63 51 92 72 54 7 44 68 55 98 7
r102 0.890105
57 99 91 53 78 39 30 41 34 29 38 18 27 40 45 58 44 6 21 90 91 85 45 93 29 13 45 24 15 68
41 65 67 32 18 42 64 43 78 90 64 13 8 83 48 48 41 84 47 58 75 38 40 20 28 65 25 69 84 32
r103 0.580646
89 96 47 7 38 11 42 13 96 98 21 99 82 61 45 20 46 84 73 18 22 14 33 42 71 50 8 52 77 37
70 67 33 17 66 63 20 6 71 16 99 84 12 78 43 52 94 84 36 64 97 50 70 27 88 38 69 91 86 46
r104 0.546163
10 54 62 69 15 77 70 81 85 66 63 92 42 6 42 36 82 70 92 76 21 60 95 6 93 64 89 76 7 15
29 13 62 83 77 72 57 44 50 42 10 13 35 44 11 69 72 88 39 65 61 55 25 56 53 15 20 43 87 23
r105 0.626137
28 12 92 97 76 49 41 27 84 43 32 19 83 39 83 55 24 19 17 81 70 34 34 20 45 47 55 29 65 6
37 85 13 26 82 82 68 20 9 52 58 36 63 38 67 43 86 87 57 98 65 24 30 94 40 70 41 90 91 98
r106 0.531186
80 94 50 62 76 15 77 80 62 33 13 25 66 73 63 52 57 20 48 22 37 73 13 72 40 50 59 31 45 48
51 26 42 93 83 18 8 58 90 65 83 95 82 49 68 42 94 25 55 39 39 87 12 48 59 44 93 15 67 38
r107 0.725619
59 95 9 40 10 9 90 95 67 73 91 49 19 56 87 10 77 39 44 16 26 48 59 77 87 49 87 51 80 46
62 36 38 66 71 44 70 58 36 37 28 24 79 43 76 63 48 53 97 88 61 23 36 18 92 21 62 79 64 42
r108 0.615106
74 56 84 42 92 52 93 25 81 21 45 60 56 18 20 5 66 17 85 24 32 18 37 24 31 92 96 91 34 18
17 5 66 94 40 55 46 30 76 27 46 18 80 98 31 95 95 89 10 77 13 34 87 43 54 16 35 47 7 61
r109 0.526866
59 24 10 91 74 48 21 47 71 62 60 51 57 86 43 49 75 48 23 81 78 8 24 29 19 54 71 21 12 28
29 66 44 32 57 16 75 73 58 43 33 19 89 82 97 33 29 73 73 47 54 51 50 73 75 61 24 43 74 28
r110 0.78559
90 8 28 44 19 98 18 70 42 43 84 28 22 81 53 46 51 27 86 5 70 33 70 43 90 86 78 64 15 42
60 97 43 83 41 54 79 51 24 21 89 5 41 9 79 90 50 30 14 33 28 76 59 90 19 46 74 93 10 84
r111 0.578941
78 70 46 19 22 25 66 41 38 52 39 72 56 18 59 99 40 68 29 60 41 83 51 56 29 22 49 32 98 73
90 76 44 33 90 58 51 53 91 81 98 30 53 51 40 12 47 76 72 72 33 14 52 79 65 77 96 11 6 91
r112 0.889149
67 20 21 55 73 64 8 65 46 98 87 94 50 28 7 92 96 74 61 29 80 14 6 45 83 94 48 81 86 25
69 53 40 85 5 11 47 9 68 88 99 55 82 49 75 81 39 71 53 92 93 33 98 91 71 81 85 19 59 68
r113 0.618083
19 69 11 19 75 53 20 40 41 20 90 20 61 63 97 92 34 50 85 24 78 83 15 46 62 93 58 21 61 89
42 75 58 48 87 30 96 7 65 34 22 53 49 79 16 46 68 42 88 53 62 67 34 69 10 88 62 63 6 21
r114 0.664237
88 11 86 75 34 79 78 94 10 92 47 55 68 55 93 37 93 82 82 52 49 16 21 54 96 76 15 98 89 63
41 77 66 25 50 95 96 28 90 7 17 34 57 81 82 50 15 75 32 92 27 73 6 40 25 97 13 35 95 97
r115 0.614742
75 56 54 25 52 50 45 39 52 54 65 6 32 47 49 42 19 73 35 38 44 33 74 64 30 79 91 26 77 81
55 49 34 6 66 78 51 8 17 96 57 78 94 85 22 43 27 37 14 54 70 53 79 41 14 10 21 5 28 93
r116 0.937418
42 9 76 5 83 27 8 95 20 60 70 12 45 85 47 65 22 56 16 87 9 91 29 15 96 42 12 21 35 85
91 69 87 67 69 70 86 72 62 7 32 30 11 70 15 53 32 32 7 43 16 8 31 37 19 24 74 26 40 6
r117 0.554854
70 91 93 36 61 80 8 23 79 33 45 85 95 55 35 27 82 37 62 91 41 86 28 55 10 95 76 43 96 80
66 64 68 60 95 29 37 96 45 13 26 85 90 18 38 25 37 17 55 91 8 91 77 29 43 80 21 16 23 17
r118 0.536948
73 57 41 66 79 70 59 21 75 80 6 65 90 36 86 27 49 41 18 52 29 88 73 67 68 89 78 83 99 64
64 72 22 98 38 96 65 89 17 41 66 15 6 56 47 84 78 88 22 89 40 43 77 11 10 42 95 81 22 91
r119 0.97794
64 59 76 94 55 42 84 64 78 50 72 76 99 19 61 74 7 75 60 39 19 34 42 24 71 38 97 88 29 40
67 85 91 43 77 47 80 58 8 55 8 75 32 99 86 85 74 85 60 34 25 74 64 62 91 32 92 85 18 19
r120 0.909481
96 17 20 73 56 93 31 56 48 32 32 72 31 18 57 97 96 18 29 21 84 85 75 75 17 65 61 27 79 78
7 72 87 23 46 40 16 72 92 56 99 21 26 28 31 78 25 27 88 49 43 73 31 16 45 44 73 6 66 52
r121 0.639893
24 64 81 62 5 89 35 89 45 31 10 66 54 36 42 72 59 27 18 94 92 45 10 38 81 78 36 47 27 13
10 44 70 86 6 70 72 33 59 15 60 64 73 11 92 15 78 51 38 92 46 27 34 51 60 15 27 92 54 49
r122 0.798047
85 67 43 84 34 16 17 85 26 69 46 94 76 39 10 51 85 40 40 28 62 69 75 20 79 94 9 34 40 98
86 26 66 29 7 92 40 19 75 58 81 21 53 57 52 55 5 35 87 41 58 46 7 30 61 82 24 62 13 60
r123 0.586019
78 27 20 80 16 53 91 86 11 72 5 59 26 52 14 27 82 93 60 38 40 62 63 93 41 80 56 49 37 17
40 15 36 56 87 44 9 75 31 15 48 28 67 66 75 73 85 55 67 45 85 99 5 48 92 41 28 45 83 60
r124 0.871324
67 85 71 51 30 75 27 53 83 67 76 47 33 48 20 16 95 79 53 80 78 53 29 68 90 49 13 73 7 63
88 66 48 60 18 70 35 37 23 15 99 91 57 29 40 70 40 35 49 89 16 25 39 37 85 29 78 93 94 77
r125 0.888594
44 97 43 57 67 70 89 83 78 85 74 32 14 14 97 47 45 44 33 53 61 67 82 46 92 60 39 83 38 88
63 74 82 6 28 49 69 17 32 44 94 7 71 5 13 69 47 50 10 75 98 66 40 77 9 32 35 40 12 65
r126 0.82035
39 10 69 62 52 35 71 79 74 65 78 46 62 87 12 10 37 14 77 33 72 17 10 76 41 37 16 46 97 40
17 36 42 78 90 89 14 58 66 80 20 41 26 78 28 30 80 58 39 57 83 11 67 88 79 8 26 91 46 20
r127 0.736599
49 62 34 39 52 43 93 15 23 13 51 42 86 72 67 63 27 99 21 10 7 80 90 82 80 13 70 27 29 93
77 73 52 11 9 99 49 94 11 65 8 55 99 86 24 66 50 46 62 63 48 62 43 38 41 23 47 11 42 68
r128 0.821622
38 48 26 42 45 68 34 48 33 37 98 32 20 22 90 62 60 50 22 8 12 57 39 48 73 78 51 15 46 44
30 76 87 52 15 29 20 44 73 45 73 68 72 86 83 59 48 43 9 63 44 13 20 78 53 88 53 99 99 91
r129 0.952871
67 28 73 77 49 88 19 22 33 87 83 97 73 66 57 19 9 58 77 45 67 89 20 20 78 68 20 74 59 55
98 23 75 69 93 25 57 12 39 83 91 22 80 62 80 34 76 82 88 50 27 55 39 40 70 14 8 82 83 60
r130 0.642
75 10 48 68 27 5 72 59 83 61 73 61 23 54 90 94 36 78 41 55 33 75 90 96 85 91 78 68 48 10
47 23 13 87 84 35 88 53 86 68 14 60 26 32 11 17 23 39 87 59 89 18 32 77 14 17 68 84 77 13
r131 0.742287
31 98 9 12 30 89 61 17 55 67 69 76 92 72 85 15 11 73 67 92 86 94 66 92 8 31 76 80 39 66
97 63 61 99 70 87 85 31 96 40 91 62 14 83 34 94 93 37 64 57 26 50 51 88 39 54 16 16 32 51
r132 0.81765
14 33 25 76 17 11 5 13 43 91 67 52 74 93 44 64 27 8 22 48 51 65 33 85 17 45 93 44 88 68
65 97 93 83 73 10 86 73 18 26 61 77 74 35 70 18 95 92 18 14 37 64 74 66 47 86 8 40 30 91
r133 0.673087
88 93 68 58 98 51 29 13 72 85 85 43 18 52 53 10 44 67 19 74 28 88 40 70 72 43 8 94 31 8
79 19 97 47 69 92 90 90 6 63 76 83 98 89 36 52 94 72 19 10 46 39 93 78 10 62 18 10 57 44
r134 0.761514
55 7 76 22 95 66 12 93 26 83 76 25 69 9 69 60 77 83 65 20 19 56 91 21 15 9 26 67 46 35
96 96 34 72 18 29 35 23 22 57 6 91 74 68 95 43 25 69 23 83 82 37 36 73 54 46 74 72 11 20
r135 0.971972
14 34 74 24 58 6 42 73 55 41 61 29 6 53 67 26 23 82 9 5 20 37 73 66 79 47 35 85 60 38
84 69 64 55 88 22 56 28 87 12 64 48 36 65 97 96 83 17 75 85 14 90 22 79 53 93 23 84 75 78
r136 0.889559
44 78 14 30 92 63 53 77 70 14 22 98 74 16 91 57 28 67 42 37 54 57 16 5 50 35 81 26 10 95
80 50 70 87 75 59 50 25 36 17 34 54 12 8 62 96 57 86 63 92 20 14 49 29 14 94 56 90 17 61
r137 0.730769
8 49 74 78 9 24 98 37 33 32 86 37 32 46 33 82 32 88 74 44 98 23 65 12 14 21 95 24 75 77
14 78 27 83 54 28 99 49 60 29 74 44 61 98 85 90 80 14 78 51 53 73 66 19 81 76 32 76 95 7
r138 0.833629
78 69 84 29 92 80 70 50 9 41 89 65 40 71 52 17 80 28 64 30 96 30 41 74 98 69 47 90 68 90
91 43 59 72 64 49 52 35 91 53 68 80 16 5 48 63 18 28 83 74 50 77 96 87 48 95 53 91 82 21
r139 0.636481
60 34 43 21 78 88 51 69 41 17 46 52 17 86 13 27 11 91 96 57 65 93 44 14 85 92 97 64 10 75
35 62 9 74 79 80 59 27 46 95 39 85 45 52 68 53 74 75 41 68 32 99 58 68 13 40 57 7 99 59
r140 0.586924
22 75 6 93 55 57 20 94 49 52 76 89 96 44 39 67 19 73 32 43 72 85 8 77 25 60 79 22 17 53
49 34 28 47 24 76 99 36 67 48 83 40 35 76 79 69 44 91 39 71 31 11 54 35 83 71 87 59 88 99
r141 0.949321
30 33 76 49 6 72 81 65 18 64 5 48 38 76 14 77 64 49 45 91 52 91 26 36 63 10 90 48 10 95
78 35 25 51 77 23 21 58 83 34 19 83 74 52 56 83 26 21 29 64 12 77 55 30 10 18 32 92 59 34
r142 0.616295
65 9 80 39 24 93 92 7 27 8 82 96 53 39 77 74 52 6 35 56 75 86 78 80 96 10 73 55 40 54
81 97 59 59 36 75 52 25 78 75 28 57 68 76 91 45 48 40 47 78 91 22 64 69 95 58 75 65 10 12
r143 0.670833
9 70 46 37 46 93 57 24 65 77 76 34 54 65 74 94 5 18 72 89 33 34 58 28 84 30 85 89 37 99
76 38 70 19 70 13 10 27 32 70 5 5 99 51 62 71 45 60 81 14 49 14 40 99 34 24 27 19 14 56
r144 0.743559
90 78 97 60 86 7 83 15 72 80 12 69 31 67 37 68 27 18 77 68 25 18 64 51 37 86 63 43 43 71
26 30 49 23 85 35 22 65 42 86 42 49 52 68 16 84 33 35 95 11 95 17 21 60 60 50 43 23 89 78
r145 0.92993
8 35 27 89 65 44 51 99 27 89 49 75 54 57 56 83 88 48 86 83 57 99 40 18 49 79 33 35 57 20
42 61 50 64 47 13 5 90 12 28 76 56 95 31 11 51 11 94 92 92 74 49 91 15 62 37 89 91 68 43
r146 0.942301
96 53 64 40 61 61 31 69 81 7 22 76 30 28 25 36 19 17 25 89 61 13 99 21 46 85 9 11 28 15
10 25 60 66 60 22 28 86 83 9 86 5 78 16 26 98 45 40 12 65 26 65 71 25 81 14 10 85 20 31
r147 0.707504
51 53 84 11 67 12 90 50 13 73 50 86 81 68 81 26 6 88 84 27 54 55 45 35 64 50 18 76 76 10
93 24 55 74 31 22 81 18 67 90 86 15 73 67 78 55 86 79 40 70 99 86 22 44 22 81 86 32 54 63
r148 0.508116
79 85 19 10 7 92 20 67 79 6 77 53 66 52 5 52 29 40 19 28 27 36 67 41 14 53 65 63 13 94
99 88 79 18 90 79 11 11 46 85 9 20 35 67 67 32 19 91 65 33 16 84 61 75 22 70 29 82 30 34
r149 0.720631
19 56 43 10 32 46 13 73 29 14 88 56 77 52 84 88 41 49 22 52 30 78 28 47 46 49 29 71 78 5
96 93 53 37 95 77 75 5 50 96 11 35 53 80 83 34 69 24 75 83 68 5 58 91 47 99 37 68 71 13
r150 0.588129
98 16 93 93 88 69 90 39 65 93 69 15 74 49 41 43 68 16 26 34 13 79 22 52 79 55 20 47 63 81
11 61 92 5 51 80 66 38 16 28 31 78 36 5 27 72 43 88 81 64 22 89 41 39 42 17 86 57 59 49
r151 0.558435
7 27 62 50 5 25 83 16 49 15 89 80 15 17 49 51 97 30 12 19 20 48 50 54 57 37 11 16 78 42
74 81 61 33 31 61 51 12 70 95 22 59 72 29 68 18 72 65 44 80 79 56 25 27 10 78 59 13 86 34
r152 0.681228
12 9 86 36 62 37 43 32 29 57 84 93 81 52 11 51 18 50 28 89 98 48 13 8 23 67 14 10 94 56
62 6 57 45 37 17 74 75 41 98 29 25 91 8 73 95 54 83 42 77 69 41 22 78 41 41 42 50 43 36
r153 0.942484
35 56 43 67 68 17 40 10 13 64 30 99 64 95 91 18 75 34 90 45 70 13 23 11 46 57 57 84 89 56
81 21 9 21 83 73 34 20 75 42 77 97 38 41 90 30 55 65 59 42 7 26 47 22 32 88 75 81 69 61
r154 0.826723
77 39 67 57 9 93 70 76 32 47 73 66 80 63 88 32 26 44 70 28 65 14 46 89 98 18 68 67 74 94
15 48 30 75 5 34 68 70 10 96 14 76 59 90 36 44 22 57 83 84 81 45 94 24 31 89 37 91 53 8
r155 0.709042
51 16 36 48 43 99 16 45 92 25 21 48 15 53 87 30 10 67 11 83 9 97 99 36 86 33 24 37 36 10
93 79 19 29 28 57 25 36 97 15 56 16 58 64 64 43 89 66 7 92 47 12 90 43 40 73 72 56 10 5
r156 0.745387
80 76 24 5 33 42 36 27 52 84 38 7 48 94 42 34 58 45 27 97 49 14 40 81 82 12 37 85 13 91
77 85 67 97 82 92 36 15 17 83 94 50 85 43 42 28 69 95 65 91 89 11 97 29 87 77 34 21 62 39
r157 0.58998
24 75 33 98 65 61 13 77 44 99 24 27 39 61 47 9 53 9 92 42 15 90 64 97 67 93 15 26 32 23
57 48 94 83 46 56 44 51 33 81 50 52 5 82 14 47 86 59 51 78 94 58 65 58 55 29 51 65 50 75
r158 0.607005
23 72 80 61 28 21 9 56 97 51 5 94 33 11 41 16 66 84 87 60 42 52 18 89 77 61 52 24 36 33
21 51 5 96 9 25 18 10 73 12 56 73 7 82 80 40 90 46 22 77 98 59 30 16 46 99 69 90 20 97
r159 0.940087
48 20 30 49 37 40 54 10 48 7 78 47 81 58 79 72 96 96 49 94 53 71 7 94 67 71 84 83 68 99
17 13 16 42 57 48 78 8 53 23 8 28 62 84 82 41 53 75 38 98 70 83 66 72 77 34 41 58 14 9
r160 0.604662
18 65 60 67 10 35 71 55 53 74 78 15 55 57 49 9 33 79 99 95 62 65 64 39 91 5 89 97 10 43
20 20 5 73 82 10 8 50 57 57 21 35 64 72 85 13 73 15 87 72 10 46 34 69 77 23 70 66 20 72
r161 0.726704
87 6 6 66 8 9 17 57 58 33 88 23 97 70 28 70 80 13 42 82 54 72 51 32 87 18 90 7 85 89
32 69 87 33 36 91 38 45 48 88 73 33 8 68 95 32 38 75 37 73 57 83 42 6 12 29 19 98 28 97
r162 0.912397
66 74 84 94 62 19 39 8 8 10 33 11 73 29 35 8 96 67 76 51 51 18 52 58 42 63 53 66 60 37
19 24 9 98 18 63 18 50 66 18 52 92 24 22 21 55 25 14 19 94 60 62 12 12 18 47 71 66 10 28
r163 0.616861
47 5 19 58 63 29 8 27 42 55 19 62 69 32 14 89 41 28 83 97 86 88 9 99 32 72 62 34 96 58
53 43 55 64 96 16 89 96 38 31 48 52 88 17 79 94 99 20 20 82 14 98 67 19 97 94 83 56 28 79
r164 0.721611
23 62 38 16 73 27 13 8 53 53 55 39 66 31 33 65 44 45 44 53 43 12 64 37 98 48 89 24 24 93
92 42 52 30 51 23 49 56 26 98 9 74 34 67 97 59 29 41 5 69 87 43 73 48 73 71 91 59 90 13
r165 0.6902
50 99 10 93 22 52 49 41 47 51 15 76 18 12 35 43 46 32 9 33 68 77 73 41 45 62 95 36 70 47
13 17 43 15 11 58 62 52 94 9 98 9 80 14 13 13 49 54 40 53 79 5 27 53 41 67 15 36 95 80
r166 0.803072
92 19 19 98 69 76 51 63 78 46 67 55 52 75 63 96 27 96 46 6 96 68 54 35 36 64 63 28 44 39
32 34 50 43 32 19 16 75 77 89 19 41 45 66 13 5 63 35 96 6 34 90 70 83 22 6 45 80 29 81
r167 0.962232
15 61 91 40 72 8 15 46 89 26 82 34 85 88 32 48 20 25 46 49 15 16 30 29 14 70 10 36 51 21
84 62 78 73 97 47 73 9 89 62 28 68 89 13 56 21 53 69 41 94 18 49 11 43 73 20 10 78 48 57
r168 0.568659
16 70 98 10 17 71 11 98 30 34 67 19 42 20 32 87 84 66 82 95 12 85 35 80 5 41 56 49 90 48
74 6 15 72 11 24 40 17 20 65 44 82 77 78 97 6 66 79 67 48 71 74 33 6 52 30 39 8 71 29
r169 0.974237
27 55 14 33 71 46 43 86 9 79 65 81 57 60 82 23 39 47 63 10 21 91 8 68 19 43 68 85 67 13
28 90 60 34 20 29 73 55 15 77 31 76 55 84 33 34 99 64 76 63 69 93 51 69 58 65 12 24 48 72
r170 0.996809
59 85 94 71 14 67 24 21 44 50 89 91 31 22 26 31 81 97 86 47 87 37 17 43 95 21 62 40 88 86
8 44 71 94 16 77 62 32 94 98 77 83 90 9 6 16 35 79 10 21 27 93 50 39 36 45 52 90 77 38
r171 0.947506
77 45 72 85 19 34 17 13 32 90 89 19 91 87 30 23 66 36 39 85 26 81 24 54 24 69 44 96 7 17
74 79 54 46 62 69 72 74 74 99 61 60 19 52 47 41 70 11 69 6 91 90 83 13 44 7 77 80 95 79
r172 0.611308
55 44 12 17 10 79 87 80 76 45 40 87 93 80 28 60 86 93 62 77 80 42 82 22 41 59 97 36 38 84
98 86 29 10 98 31 85 82 8 58 28 41 45 18 21 68 70 99 58 32 73 36 66 56 53 7 15 47 39 46
r173 0.76344
32 53 39 27 79 21 7 83 74 27 24 19 40 37 80 7 36 35 32 9 66 93 57 19 96 68 59 32 11 86
61 35 39 95 57 15 17 56 90 86 78 14 6 15 43 78 18 74 13 45 76 75 38 33 86 31 93 45 58 96
r174 0.725214
31 59 15 81 70 24 37 57 10 16 67 8 23 7 78 36 77 87 76 50 59 12 75 42 35 69 80 89 65 8
5 89 60 12 67 30 31 99 79 34 12 43 37 31 46 16 62 23 95 36 65 51 40 40 88 70 6 68 56 64
r175 0.678392
53 29 61 20 51 85 16 30 19 21 69 48 47 15 56 6 30 48 34 90 94 69 27 80 37 29 48 88 88 14
42 38 38 96 53 84 81 61 12 95 77 76 40 21 83 92 23 13 37 49 95 32 16 22 12 48 46 52 33 31
r176 0.873098
64 92 64 14 74 45 71 81 37 45 54 69 62 34 58 77 42 91 26 34 23 37 48 27 77 90 71 11 18 33
71 78 23 35 84 92 72 55 70 6 93 24 67 55 53 26 32 87 17 50 18 32 83 61 51 60 48 22 63 62
r177 0.666366
37 66 61 21 55 30 69 25 28 62 41 91 14 86 17 41 70 26 86 83 53 66 44 96 24 88 18 82 47 58
14 79 24 67 95 74 93 64 91 21 23 32 9 32 18 21 65 83 39 49 63 84 15 8 80 34 88 91 14 35
r178 0.582321
14 69 85 6 40 75 63 32 89 81 56 93 11 67 12 71 50 46 20 14 31 31 14 8 57 97 94 66 29 44
81 38 10 64 36 45 36 94 69 25 73 26 16 79 88 23 50 35 61 66 41 84 89 47 88 43 44 79 10 68
r179 0.932493
98 25 44 32 63 76 23 32 93 91 50 9 67 35 24 18 63 81 76 99 62 62 44 47 5 83 27 7 49 42
83 44 63 27 71 26 98 90 50 92 78 93 93 46 28 18 56 83 91 32 80 50 86 24 93 86 99 20 86 48
r180 0.636401
85 17 91 56 35 87 43 78 76 22 71 69 60 91 82 16 72 70 40 52 21 26 71 14 12 70 26 90 16 75
59 96 85 48 49 17 35 88 87 11 7 58 72 59 47 55 70 19 22 10 66 38 31 34 44 35 96 62 26 9
r181 0.538511
5 20 25 47 29 52 32 17 55 34 67 28 88 14 75 55 25 92 60 83 28 83 14 67 18 11 30 36 15 57
11 13 72 31 55 93 76 82 10 31 13 70 54 93 76 29 48 97 19 5 80 42 80 87 6 90 93 31 27 5
r182 0.505704
10 52 56 57 43 32 36 45 56 44 15 10 34 87 32 74 81 46 71 58 83 51 45 84 42 38 13 61 36 88
86 38 38 39 91 76 64 27 18 20 64 29 22 90 13 49 65 89 90 33 44 70 80 85 55 19 20 60 72 51
r183 0.550049
85 78 89 73 51 53 95 65 65 56 86 83 47 91 32 9 77 20 37 21 85 17 6 37 28 22 89 95 65 35
53 47 13 43 20 57 88 13 19 54 64 97 37 11 88 61 15 62 76 48 78 59 57 77 88 81 91 78 76 56
r184 0.762508
96 18 62 16 70 47 24 81 96 81 78 30 84 63 87 95 25 60 40 96 16 89 70 5 67 61 78 41 14 83
60 10 96 22 19 64 64 38 45 58 16 21 83 96 79 67 88 97 25 25 90 36 14 60 33 74 18 8 15 27
r185 0.866709
30 80 84 44 41 45 74 78 98 86 94 79 82 71 46 70 65 66 90 55 95 96 12 28 70 25 32 77 44 15
47 66 87 31 10 28 72 77 7 67 63 93 46 42 64 88 9 26 51 91 76 46 87 80 67 55 5 91 32 42
r186 0.998602
8 86 95 11 14 64 83 13 32 43 7 73 77 63 58 81 85 7 72 58 45 56 39 12 8 36 95 33 70 94
5 71 80 92 74 86 57 57 95 81 92 94 51 69 54 7 47 39 9 16 90 49 64 29 54 68 57 49 93 28
r187 0.639811
91 20 82 65 7 36 19 94 17 11 88 64 72 39 66 19 74 67 27 61 13 86 82 62 51 39 9 44 59 44
34 50 57 14 15 56 45 29 47 58 32 32 19 99 66 77 15 37 44 37 93 52 21 75 12 67 12 13 9 66
r188 0.572599
14 6 44 24 54 85 46 96 40 73 28 51 70 87 28 77 24 64 12 18 13 28 88 20 87 92 28 91 59 73
30 65 71 69 81 23 51 27 16 83 93 37 34 60 24 54 34 43 18 41 56 27 64 42 39 52 34 60 40 85
r189 0.616241
50 93 32 29 16 75 51 28 59 41 60 85 93 79 40 28 19 50 64 71 72 26 10 9 70 39 64 10 22 89
68 64 82 92 88 91 67 37 16 23 73 71 9 67 47 44 90 58 89 51 29 59 72 31 60 39 63 24 45 80
r190 0.941109
41 84 97 30 72 64 59 83 80 32 51 84 91 90 25 78 49 11 27 70 62 91 97 22 31 60 38 68 37 40
73 70 22 70 95 89 31 54 70 11 79 21 90 67 9 15 43 53 19 62 20 76 53 17 94 79 69 29 44 98
r191 0.829446
69 82 82 61 68 14 13 38 20 84 52 8 48 56 15 86 9 29 48 24 98 94 34 89 70 95 18 15 91 75
27 60 54 7 21 23 13 26 56 25 10 8 28 54 56 36 37 60 60 78 77 55 72 8 44 39 95 55 49 86
r192 0.651564
46 80 71 60 98 79 78 51 99 84 52 25 35 8 56 64 61 13 39 35 64 8 38 8 43 30 58 87 17 81
56 55 61 27 12 56 98 86 99 98 70 51 23 97 52 71 58 10 79 93 40 43 96 70 44 39 95 94 24 12
r193 0.694811
60 36 95 67 84 90 53 84 85 20 32 5 17 79 71 68 81 51 61 21 89 57 83 30 89 79 25 10 83 95
77 43 29 69 8 10 60 56 89 45 72 19 46 81 93 17 49 72 63 7 88 50 57 69 72 46 48 92 51 28
r194 0.797784
64 11 93 67 16 50 20 98 90 87 17 33 66 7 46 12 74 6 15 60 48 67 29 21 10 69 10 56 89 90
76 53 93 66 17 10 16 33 5 99 17 17 32 78 19 70 86 86 72 93 46 17 60 67 33 65 36 39 18 25
r195 0.777173
71 20 53 83 22 61 16 22 57 29 31 85 99 42 52 82 28 21 75 66 34 35 33 62 92 61 93 10 79 17
92 50 29 42 33 46 95 42 60 53 63 86 35 59 25 82 42 46 99 17 12 30 45 38 84 37 91 78 43 70
r196 0.588156
20 16 66 46 57 61 80 14 11 40 92 41 94 17 21 36 58 17 46 63 42 86 93 26 23 84 96 58 52 83
82 67 94 48 10 48 7 85 54 13 22 46 47 17 56 63 45 11 75 86 66 14 69 59 35 85 41 32 40 88
r197 0.625781
52 7 63 58 47 65 40 97 71 58 40 18 70 91 73 12 95 45 94 61 54 63 21 84 45 54 13 81 42 21
99 89 20 59 44 59 22 80 53 88 38 89 98 5 77 71 12 72 16 98 34 62 59 47 46 99 96 52 80 35
r198 0.654789
21 77 33 61 36 50 41 85 35 71 71 30 68 48 96 75 21 9 74 47 66 30 86 9 29 79 53 7 14 18
75 30 90 8 83 24 50 24 9 80 87 72 10 55 20 98 28 33 99 94 72 62 24 58 64 48 37 17 47 43
r199 0.696877
66 15 26 49 34 72 66 35 49 53 7 52 6 23 47 29 48 47 23 21 6 42 74 65 82 12 75 27 47 98
45 13 13 63 58 40 32 24 70 74 69 73 26 67 88 68 91 36 12 11 52 14 45 27 71 25 31 46 47 73
r200 0.518411
79 50 47 34 82 72 50 52 46 19 22 64 82 10 29 70 42 37 74 86 46 19 13 17 39 36 56 78 7 92
62 81 39 7 15 21 74 60 69 17 71 86 76 50 89 5 18 31 37 87 17 75 6 23 85 38 51 41 16 53
