200 30 9 1 10
0 0.25
42847 41680 34418 31645 44468 41889 30840 33437 40519 36726 30670 43187 31798 31438 40626 41090 41117 33760 43713 33753 42887 32541 42033 41368 39253 41288 37151 42683 31403 41772
w1 0.5
4102 4304 3932 3100 4124 4174 4292 1562 2693 2019 2584 4233 4169 4022 3211 3260 3139 3971 1973 4245 1858 1866 1630 1578 2119 4271 3081 3154 3026 3205
w2 0.5
2628 3009 4305 4228 2634 4331 4021 3048 2877 1892 4132 2610 1561 4006 4321 3321 2998 3792 4146 3095 1502 1513 3225 1580 2484 3348 3514 4491 1874 2219
w3 0.5
3003 4081 4317 3083 2215 4149 2604 4115 2526 3348 4099 3988 3410 3605 3809 2583 2103 3453 2582 4050 3807 2595 3128 4239 3931 1976 3253 3922 2351 3973
w4 0.5
4206 3554 4104 2789 1621 4105 4246 1588 2483 3094 4187 2323 2004 3292 1632 3440 4248 3937 1522 3798 3244 2969 2426 2983 2400 3255 2089 2175 4106 1562
w5 0.5
3812 3968 1917 2101 4441 1874 2199 1529 3209 3794 4216 4032 1650 3008 1516 3590 3108 3953 3612 2759 3049 2433 4037 1885 3686 2792 2474 4361 2750 2536
w6 0.5
2414 2356 2944 3368 2297 3318 4067 2678 2380 3361 2394 1912 3512 4254 2281 2602 2863 1734 2067 4474 3636 3000 4011 4021 2186 2656 1995 2399 3906 3383
w7 0.5
1821 4239 1870 3689 2388 3688 3256 3566 1920 2470 1812 2333 4482 1566 3466 2936 3281 3700 3855 3255 2836 2708 2767 2709 3746 3923 3204 1646 3681 2087
w8 0.5
4002 2178 3942 3543 3418 3482 2652 2484 3903 3622 2796 2088 3956 3215 4054 2744 1996 3606 2452 4104 2295 3660 2723 3504 2906 2146 2209 3404 1679 3148
w9 0.5
1534 4179 2270 3577 3097 1605 2081 4434 4008 4203 2730 1948 4011 1797 1502 2608 2294 3608 3560 1898 1755 3072 3121 3760 1830 4119 1821 3735 4298 3821
w10 0.5
1684 3500 3186 3762 2098 3291 4343 2384 2799 4399 3966 3247 4262 4264 3601 2370 2058 3061 1782 2808 3317 3354 1781 2929 3685 4400 3250 3272 1550 2571
r1 0.865069
29 6 39 49 42 59 28 83 98 24 17 78 33 70 80 78 72 13 96 61 44 67 70 41 39 82 5 80 65 21
37 89 19 71 38 54 27 58 34 26 78 47 96 8 17 76 82 81 81 75 42 23 43 12 59 74 86 57 51 52
r2 0.983023
41 84 51 72 38 74 27 65 92 5 12 88 6 21 61 83 98 43 55 40 61 90 45 17 65 28 69 16 75 39
92 14 21 40 78 51 14 5 16 98 98 20 83 99 37 45 79 35 80 34 67 38 25 9 47 82 33 14 93 5
r3 0.507676
14 61 23 87 13 29 85 21 25 83 37 8 79 69 45 58 96 22 84 60 55 6 62 98 80 90 12 71 90 52
53 97 11 71 84 16 93 69 32 18 49 64 21 28 30 59 78 23 76 60 79 32 61 41 27 42 28 31 10 15
r4 0.96006
12 81 27 89 92 20 55 25 33 5 81 46 25 9 5 96 24 77 56 98 6 14 36 28 48 56 54 53 67 29
12 71 11 34 60 95 46 13 17 74 10 91 17 27 95 18 23 19 87 74 15 88 84 43 13 32 92 59 78 59
r5 0.512142
27 86 16 80 79 57 88 91 28 90 82 40 17 74 50 36 89 37 10 96 22 86 36 30 16 28 81 89 79 62
71 7 45 79 79 24 36 67 16 56 54 90 88 66 65 39 97 51 68 5 47 86 83 78 13 94 99 90 80 78
r6 0.821294
77 92 27 56 14 55 20 25 8 69 15 92 33 72 31 27 23 94 27 65 77 8 41 86 94 37 73 72 15 25
20 85 14 43 38 23 90 54 40 94 20 48 86 45 20 14 68 39 5 87 96 78 90 37 61 85 69 34 57 77
r7 0.554542
59 60 12 92 76 95 43 16 89 56 56 72 96 72 78 64 8 78 52 99 56 42 34 14 24 95 43 76 69 89
46 28 47 50 21 23 42 59 31 31 15 83 95 9 55 73 68 58 52 17 54 5 55 83 15 71 79 50 45 48
r8 0.916971
72 79 33 85 97 71 41 28 94 49 11 90 53 58 60 21 13 9 31 63 10 78 46 17 49 25 62 89 66 94
72 35 73 98 20 67 69 56 91 60 5 94 47 50 50 8 64 58 12 90 21 14 68 60 23 17 77 78 7 43
r9 0.865807
73 43 69 88 10 35 42 93 91 39 85 35 85 35 35 49 88 40 39 7 49 7 62 65 16 39 43 15 78 15
82 48 50 48 34 56 79 71 46 67 10 31 97 87 61 30 36 47 65 70 46 11 69 8 71 81 39 14 88 14
r10 0.700998
58 67 19 84 20 90 55 59 54 57 85 48 45 44 73 73 83 38 41 29 45 10 29 16 83 63 23 72 73 40
39 28 99 50 12 17 37 59 71 86 13 53 35 50 89 8 24 72 39 60 93 76 62 22 84 43 78 7 15 48
r11 0.526538
68 39 92 72 51 29 31 19 16 36 67 43 82 57 43 98 26 74 55 20 50 17 34 35 55 12 37 62 52 72
9 20 8 93 87 51 22 15 65 30 47 32 65 26 81 9 24 8 78 71 20 26 83 49 56 36 54 85 90 98
r12 0.650865
19 57 84 6 8 7 14 65 29 56 90 90 74 71 91 90 71 66 61 83 87 41 30 40 69 79 26 60 77 72
51 88 30 36 87 30 35 96 91 59 49 78 46 23 49 37 13 18 96 66 96 80 7 26 21 69 97 39 29 72
r13 0.510677
60 33 8 44 56 35 40 44 90 84 22 33 99 63 63 9 76 59 70 70 39 70 88 52 39 86 83 60 55 87
32 12 17 33 52 65 63 84 9 50 66 23 79 65 82 42 70 55 93 37 22 29 99 11 77 35 89 57 90 44
r14 0.838852
48 54 48 95 19 8 80 24 54 43 39 33 8 21 67 70 69 60 5 86 84 99 92 58 35 81 13 22 22 52
37 66 6 77 58 21 81 35 37 35 73 71 60 74 85 27 44 54 79 41 40 60 41 30 16 68 8 24 82 23
r15 0.500187
84 70 92 39 83 70 67 17 5 40 80 57 11 65 79 48 16 55 84 52 16 22 74 27 82 77 43 65 95 11
80 76 76 69 13 56 40 75 65 37 12 46 90 19 11 69 62 23 22 46 67 33 64 41 52 46 15 87 11 8
r16 0.628635
76 67 53 84 23 85 59 84 22 67 30 12 81 33 74 43 51 91 81 15 21 42 51 65 81 59 52 84 59 45
68 35 12 18 20 28 98 71 9 17 38 31 25 16 56 91 51 8 82 33 15 95 70 59 60 48 18 9 33 72
r17 0.952799
7 54 11 19 74 6 86 75 15 24 98 32 33 54 23 79 54 97 12 65 92 75 24 49 23 34 53 48 6 95
41 5 46 44 20 17 42 98 87 53 19 85 80 47 36 99 27 86 93 31 51 86 98 67 32 19 96 81 62 97
r18 0.720049
94 19 40 11 31 78 9 15 31 24 92 8 63 28 99 85 14 93 17 57 76 15 24 8 29 20 81 84 14 54
80 9 65 20 12 88 90 14 98 18 33 87 22 88 16 21 74 22 11 83 75 82 90 94 86 17 15 67 96 21
r19 0.903919
22 79 88 30 68 76 39 63 89 64 51 11 52 62 25 23 79 31 6 51 14 92 46 95 6 53 59 97 66 73
70 84 53 55 14 21 31 45 76 21 9 27 24 53 81 41 72 58 65 70 9 74 62 47 66 63 92 22 57 59
r20 0.586996
43 44 72 49 57 98 86 33 16 87 56 33 40 34 66 9 87 31 75 89 97 34 36 60 90 29 78 47 80 69
64 20 13 36 64 65 31 50 90 40 37 46 65 69 76 31 74 60 55 49 49 52 78 81 13 68 7 86 13 82
r21 0.640324
97 57 5 58 19 28 5 9 63 34 48 25 98 24 52 69 76 99 15 26 51 86 99 56 51 6 42 59 80 86
25 74 43 25 32 57 46 29 62 6 58 10 27 53 26 71 20 97 70 30 20 18 16 19 70 60 20 9 19 92
r22 0.771904
66 34 57 90 84 98 19 43 97 69 48 24 20 66 87 35 60 57 57 76 70 66 90 37 26 8 42 37 95 30
69 59 56 24 49 40 19 61 78 16 27 23 35 39 81 19 66 42 71 24 15 39 82 97 68 8 5 10 40 93
r23 0.876656
52 87 26 93 24 40 51 98 52 74 18 79 13 95 94 75 34 62 91 44 93 73 41 62 76 39 67 13 29 95
15 76 79 33 66 98 69 18 93 18 87 12 92 92 99 86 64 33 46 55 69 39 28 7 96 96 38 61 7 62
r24 0.792026
38 35 43 5 30 12 15 24 25 94 28 14 86 24 93 51 49 39 98 15 73 27 17 70 20 51 31 22 13 79
32 44 11 67 41 36 74 51 52 91 45 72 97 28 91 90 71 37 29 70 47 95 89 60 62 9 8 88 24 13
r25 0.642103
52 70 18 85 98 84 33 51 72 73 20 66 94 9 57 65 41 78 35 84 70 21 41 32 26 41 17 42 49 76
88 94 43 98 79 42 79 13 85 48 78 5 14 72 6 63 35 43 42 65 24 9 82 60 37 5 96 49 42 42
r26 0.974264
36 64 22 13 98 93 21 83 41 94 81 47 64 82 11 94 25 45 56 41 49 35 96 78 32 89 28 69 29 46
88 60 7 7 68 6 95 81 81 33 73 62 73 37 45 79 28 62 21 79 99 62 12 92 41 39 79 61 6 8
r27 0.753891
60 9 89 26 7 81 7 84 15 75 43 80 9 80 56 32 40 72 9 39 31 13 28 67 47 7 28 45 7 27
32 63 29 21 84 31 94 83 12 6 56 48 81 60 25 37 85 60 6 86 91 33 94 20 92 38 19 21 79 19
r28 0.547084
77 64 24 58 88 15 38 92 17 89 40 93 47 61 31 32 21 32 15 10 57 9 25 50 42 36 63 18 50 98
21 24 63 37 74 51 48 13 43 60 94 76 50 41 34 76 68 47 6 78 52 58 79 72 5 19 6 63 32 51
r29 0.701801
71 25 78 45 68 23 50 8 78 45 79 26 81 10 97 47 53 95 25 5 51 97 70 51 16 71 12 40 22 69
81 85 86 57 31 51 75 76 54 51 18 31 72 95 36 66 42 84 59 59 82 7 56 52 50 64 20 57 97 37
r30 0.947363
23 9 32 46 55 5 19 10 48 33 33 17 25 64 78 62 46 34 18 25 36 70 69 82 31 84 39 28 21 58
96 36 62 28 74 15 25 89 17 65 19 45 77 39 6 56 96 44 85 11 64 19 73 33 96 5 14 32 25 28
r31 0.784972
59 45 42 31 55 59 17 67 25 31 9 97 65 7 50 58 47 33 64 8 47 38 34 43 35 43 70 52 66 53
69 23 93 8 49 45 62 61 9 82 84 10 77 46 12 27 99 54 55 60 55 97 90 84 37 22 24 5 70 86
r32 0.769145
6 43 39 47 83 96 5 84 76 84 89 53 30 96 72 26 48 28 78 98 22 69 82 55 86 6 55 53 84 5
84 85 43 23 29 23 17 29 7 85 13 88 35 35 84 7 56 32 27 35 27 45 96 9 95 79 8 47 33 84
r33 0.780914
67 82 30 91 5 39 21 99 24 26 87 51 54 68 53 10 93 76 37 20 21 33 22 13 10 25 52 35 9 94
44 71 76 69 60 73 5 76 72 24 94 56 70 48 24 21 51 14 89 83 30 7 14 47 12 16 64 59 46 68
r34 0.889127
37 26 49 92 94 49 65 63 66 56 19 36 5 35 49 48 45 38 28 67 37 37 14 44 45 73 98 86 38 48
66 67 69 15 56 60 59 21 20 25 73 31 54 70 62 95 18 99 31 41 66 63 71 72 8 16 42 98 95 72
r35 0.543449
40 10 68 91 66 27 10 78 45 75 10 94 42 67 89 55 63 20 88 26 76 56 93 76 65 35 74 60 7 15
18 39 21 81 28 82 5 30 60 45 5 62 36 42 29 26 89 84 38 74 10 14 31 98 82 88 30 54 45 30
r36 0.546534
64 80 36 84 62 36 14 20 74 14 77 10 48 99 28 34 80 62 9 86 68 32 81 51 20 12 5 60 34 61
15 90 42 43 75 96 74 84 16 45 91 86 51 36 82 74 66 62 33 67 45 97 91 27 45 8 31 42 60 57
r37 0.824709
47 40 10 19 37 76 99 45 22 87 28 68 20 7 39 78 62 68 42 7 62 33 26 7 33 49 41 88 6 36
55 46 69 60 60 6 34 56 43 51 40 64 19 56 66 50 34 28 18 72 28 75 97 46 74 31 88 12 16 86
r38 0.66428
32 13 24 88 11 53 41 46 99 77 10 15 30 69 61 59 89 71 28 17 47 23 56 18 49 44 26 60 30 65
24 58 70 41 43 76 89 79 22 86 53 28 93 78 92 51 35 81 23 55 91 62 73 47 75 19 83 93 72 13
r39 0.998657
66 25 32 6 96 19 78 16 5 31 39 90 10 28 42 40 6 60 87 89 22 61 33 89 75 16 83 44 25 38
33 83 59 60 85 52 71 63 63 71 86 94 59 91 19 96 28 18 56 16 7 70 69 36 56 41 44 39 81 64
r40 0.778893
45 26 66 27 73 38 85 34 6 71 28 60 60 40 56 83 53 9 91 55 71 60 83 28 97 25 59 75 84 29
84 26 47 50 48 18 83 30 47 82 94 67 42 54 7 94 34 55 95 23 8 67 78 86 90 72 11 49 47 88
r41 0.865974
11 18 74 55 31 54 80 70 36 74 38 71 25 40 65 55 88 57 73 91 24 48 74 11 21 78 53 60 63 24
84 69 34 55 24 58 9 97 25 38 68 58 9 86 91 66 38 79 23 8 67 40 51 41 46 64 19 94 22 74
r42 0.869967
44 42 56 60 92 57 54 17 90 23 68 91 6 56 57 39 35 73 42 94 13 88 35 51 50 47 43 67 21 53
65 57 87 18 18 79 70 67 89 58 82 54 49 83 10 99 19 37 69 56 31 77 42 61 25 84 5 63 51 19
r43 0.527723
71 96 26 84 73 88 49 59 46 28 13 88 9 18 84 23 50 53 72 76 30 14 34 50 93 32 11 41 46 20
49 17 16 67 94 81 55 40 40 94 60 48 82 61 61 66 77 8 19 49 79 41 55 11 83 45 38 89 81 79
r44 0.55487
88 18 86 82 91 38 19 32 32 75 75 14 36 34 72 10 37 83 54 14 21 6 20 5 46 50 86 24 26 88
43 14 98 29 89 89 63 8 21 90 75 89 97 9 20 66 14 52 50 61 58 66 62 70 63 9 20 47 28 41
r45 0.807268
51 30 88 37 19 48 37 33 36 13 19 30 14 34 91 23 78 38 79 37 97 39 7 57 43 20 99 63 56 34
27 99 59 16 33 71 56 66 96 87 74 15 17 80 41 6 98 19 36 75 48 33 14 51 86 49 63 82 12 16
r46 0.920602
16 68 43 41 36 91 7 32 79 73 42 88 53 78 89 49 90 23 24 38 51 30 81 34 74 44 17 78 56 26
10 64 86 45 5 23 37 5 47 16 73 85 96 24 60 83 68 47 6 84 81 49 14 59 79 80 99 88 58 52
r47 0.723533
13 92 6 10 12 38 10 55 46 76 37 43 95 89 23 63 37 24 47 15 68 53 69 44 30 65 29 80 17 35
41 22 25 40 28 29 73 33 79 17 9 13 52 96 98 70 56 32 86 98 42 54 48 11 91 73 69 20 51 78
r48 0.578056
96 68 27 24 92 93 52 69 7 54 77 54 47 75 21 99 7 7 94 41 53 43 45 44 13 14 57 59 87 5
44 83 68 63 7 57 56 52 26 55 98 96 6 45 71 22 44 71 21 39 12 70 74 52 11 79 58 63 36 46
r49 0.655343
29 28 38 29 81 87 73 99 42 71 95 44 13 64 58 50 32 75 81 39 42 52 84 48 31 42 12 62 80 70
34 7 94 68 31 72 52 96 68 86 64 64 30 72 25 81 19 52 56 95 83 93 47 64 41 71 7 45 33 79
r50 0.537614
81 7 28 9 71 72 5 39 58 64 95 81 37 17 62 51 64 18 44 45 8 83 9 41 54 8 82 80 83 87
40 64 86 63 69 57 32 69 88 85 31 81 66 63 93 25 11 55 35 47 95 38 31 96 72 80 5 51 60 80
r51 0.778643
41 24 55 7 73 82 72 61 65 95 42 28 58 33 49 61 83 76 9 75 15 32 68 79 12 65 30 65 45 60
60 82 76 13 81 49 87 53 10 52 45 45 73 95 70 19 57 53 90 58 25 97 82 88 76 89 51 98 51 91
r52 0.620297
70 31 17 52 75 99 97 78 49 43 20 19 38 85 33 87 35 23 42 55 21 24 40 89 11 86 85 57 75 40
61 42 67 73 89 39 70 84 14 16 24 29 30 57 14 55 42 44 70 79 91 83 96 29 73 7 12 55 59 82
r53 0.875477
25 54 86 11 86 53 90 95 61 11 25 86 64 31 38 98 68 9 74 56 87 70 80 57 72 88 12 29 67 95
42 84 49 25 91 32 74 78 28 32 85 45 19 46 68 49 44 36 53 15 88 41 81 65 93 50 50 98 74 18
r54 0.622079
97 42 34 85 67 5 64 90 32 46 32 43 87 95 88 28 29 38 38 17 71 19 74 65 62 25 60 36 35 53
42 29 87 68 15 54 68 74 41 92 20 68 33 99 64 18 27 88 51 57 97 23 69 68 80 31 85 40 59 20
r55 0.653079
45 72 64 55 24 29 26 60 19 38 29 44 37 85 57 56 70 5 10 64 23 74 32 95 97 15 32 57 30 17
50 67 82 12 19 6 36 40 58 47 70 79 86 99 64 40 55 31 41 58 87 56 32 17 52 30 27 79 79 52
r56 0.678077
17 71 36 31 69 65 67 27 12 34 7 91 34 63 28 81 87 64 39 74 21 67 86 65 89 13 41 68 58 30
92 70 93 26 96 62 86 60 85 90 90 84 78 24 47 7 5 34 66 40 6 79 99 87 41 85 96 78 50 54
r57 0.582964
21 94 60 17 53 46 70 38 37 57 19 15 76 59 14 73 85 76 10 86 52 6 74 89 86 67 64 33 18 64
68 34 58 28 43 12 70 10 42 99 62 54 11 35 13 21 9 93 89 11 80 38 10 51 24 88 18 83 22 28
r58 0.587717
57 95 13 92 99 75 98 39 71 60 88 75 91 96 88 92 86 74 95 63 12 5 14 29 89 24 12 11 47 49
91 96 45 96 89 44 72 87 78 40 44 66 15 32 59 98 24 46 69 20 6 77 20 16 98 6 35 7 12 75
r59 0.551573
71 92 92 60 36 61 44 12 96 81 73 9 13 30 99 33 68 69 45 69 43 57 80 41 59 13 43 66 83 90
59 51 82 51 9 16 9 48 23 97 26 88 6 35 18 98 60 81 67 5 51 10 54 28 43 13 36 81 72 16
r60 0.705148
63 48 74 67 59 78 12 74 75 34 63 74 64 73 72 24 55 39 21 6 41 70 29 76 76 58 57 48 69 23
74 32 67 48 91 23 23 99 93 93 33 53 67 89 26 39 10 73 70 26 74 8 88 96 79 61 51 34 9 17
r61 0.836711
45 16 20 33 35 38 32 25 29 60 70 91 46 91 28 51 65 90 69 36 94 58 29 70 19 75 99 21 88 49
91 30 60 9 55 87 42 83 12 66 40 74 55 82 66 75 33 28 65 98 59 56 53 81 24 64 53 23 77 38
r62 0.592755
60 25 70 16 9 9 94 14 71 31 83 23 13 46 93 39 69 55 34 26 9 79 7 28 43 55 43 18 86 8
79 46 25 49 57 29 53 48 38 21 75 19 36 80 60 26 19 30 77 48 51 78 27 50 6 63 97 44 76 83
r63 0.97864
30 64 96 79 89 46 28 24 60 95 38 91 75 94 18 87 21 87 32 67 65 55 14 66 15 11 7 83 90 47
35 17 11 31 91 92 69 16 17 29 8 47 21 79 38 31 63 54 18 90 18 78 45 27 41 52 34 43 35 24
r64 0.780797
33 92 88 24 84 58 33 93 79 36 41 95 12 74 26 70 26 36 61 39 14 98 62 47 48 91 86 75 12 68
38 40 57 26 56 42 76 81 32 56 15 65 48 22 37 67 85 58 98 43 92 10 38 51 52 78 39 35 54 46
r65 0.712639
78 56 10 32 90 82 13 23 35 23 80 78 38 17 42 20 70 41 55 60 43 88 11 87 67 46 23 18 84 19
5 63 70 7 87 61 81 92 76 16 16 53 87 46 66 29 61 36 62 16 88 5 96 95 88 60 41 8 73 25
r66 0.662179
80 87 73 64 45 54 57 18 63 65 67 50 11 33 74 64 61 37 72 50 34 68 42 22 26 78 22 94 95 39
62 73 24 32 37 64 78 89 75 41 54 42 83 57 67 58 21 25 87 88 67 21 54 9 36 75 79 53 66 75
r67 0.906629
45 9 52 77 68 31 64 40 64 15 74 48 68 41 98 81 59 85 67 26 6 21 31 34 88 7 83 54 77 68
72 22 72 24 92 37 47 56 73 9 63 47 52 31 81 50 13 40 32 75 61 30 88 84 60 76 87 40 27 61
r68 0.867144
76 72 16 68 9 58 21 74 59 79 22 11 8 98 53 13 35 77 80 88 8 68 73 60 41 57 95 60 18 95
55 86 67 63 54 68 18 67 43 73 44 57 76 47 55 30 52 82 99 32 70 99 92 40 59 30 92 51 85 8
r69 0.641872
89 7 95 41 71 14 5 14 79 44 66 55 83 18 77 32 92 77 59 62 76 48 98 33 73 87 79 59 87 20
88 77 22 84 15 88 90 12 94 69 49 57 21 29 67 94 57 59 68 13 19 44 54 14 69 27 96 46 78 84
r70 0.663009
58 78 51 65 64 38 72 55 99 21 13 20 43 72 14 95 29 77 5 43 19 54 52 83 77 45 29 52 26 85
19 79 61 62 41 22 95 14 72 94 27 77 12 62 50 21 57 71 91 55 14 10 9 58 88 78 95 15 31 22
r71 0.537479
96 53 5 35 70 95 41 43 87 60 17 94 23 59 12 75 30 98 27 36 5 32 86 89 10 82 96 36 99 88
74 92 42 74 27 9 66 63 44 50 24 57 41 42 16 49 14 39 44 37 70 45 61 57 31 66 39 27 95 35
r72 0.981656
27 49 37 50 51 98 10 90 46 29 44 82 63 53 31 70 84 71 7 54 13 63 8 39 26 39 58 18 69 68
79 92 15 16 39 58 12 44 45 53 66 85 35 29 35 59 94 19 27 93 65 35 53 66 66 72 5 24 85 67
r73 0.528073
56 94 70 90 49 77 31 90 27 92 72 55 19 7 14 10 18 33 99 75 63 52 41 29 21 39 45 7 6 29
61 57 21 31 44 65 6 67 55 25 57 24 75 71 23 81 76 36 14 72 12 69 22 45 90 38 79 35 37 80
r74 0.81316
34 76 25 70 41 23 35 89 43 87 13 16 55 32 92 28 60 7 96 64 68 18 10 59 48 84 86 81 62 43
74 91 19 91 59 53 14 89 39 50 73 44 61 28 71 50 48 29 49 44 88 18 54 93 69 98 78 55 76 40
r75 0.980168
28 10 39 79 55 45 65 89 90 38 34 48 58 97 94 7 23 43 46 12 53 93 97 22 88 72 70 64 9 61
11 33 63 45 9 19 86 70 5 73 8 31 22 62 26 13 61 44 48 7 48 97 92 46 16 80 15 78 41 20
r76 0.66038
45 95 85 49 11 71 19 8 42 20 35 59 74 53 64 35 92 12 34 38 6 27 76 18 99 86 88 38 6 25
78 46 17 63 91 20 32 7 23 69 19 50 25 88 98 81 20 91 88 50 26 90 69 97 5 65 83 88 98 85
r77 0.718681
28 22 34 16 34 61 19 53 27 30 98 44 16 97 25 31 85 10 73 11 95 42 5 92 5 83 78 95 68 83
69 92 98 98 5 32 56 19 80 75 42 76 16 53 73 33 76 55 38 50 58 31 84 58 23 84 41 96 80 7
r78 0.610564
91 75 41 91 99 89 8 77 61 45 53 72 90 23 5 66 73 38 16 28 64 96 81 80 77 19 73 54 18 50
92 9 25 33 93 22 19 96 94 75 38 47 47 28 65 44 86 35 75 98 55 36 91 33 16 65 47 85 20 61
r79 0.983029
62 53 38 55 67 52 48 61 25 81 8 64 6 65 9 88 92 79 83 44 12 71 72 24 36 19 6 48 72 33
53 32 78 86 82 45 35 31 6 55 9 6 20 8 63 21 88 52 92 71 91 99 42 60 20 73 75 18 22 44
r80 0.955221
71 22 53 51 60 80 74 58 33 78 60 45 78 20 58 66 65 50 37 56 46 71 14 62 45 84 72 59 25 16
26 89 34 71 40 89 48 14 47 73 84 99 18 63 17 68 29 77 18 62 30 60 33 39 19 70 20 86 26 41
r81 0.987262
30 29 15 65 15 56 71 57 29 55 54 40 18 66 8 43 43 22 97 68 74 27 5 85 90 20 68 16 53 63
53 75 84 63 40 94 16 8 52 41 59 98 76 72 64 79 12 99 93 9 67 64 29 64 46 16 80 12 24 30
r82 0.885703
6 55 36 38 46 47 42 93 80 96 88 56 68 52 33 73 51 23 74 16 80 98 75 26 11 52 33 31 78 96
98 79 48 31 17 89 71 54 80 51 47 68 5 13 18 30 81 64 48 55 75 25 51 48 47 57 92 72 83 70
r83 0.612005
46 13 13 56 95 76 7 75 28 50 40 25 58 53 50 36 15 90 86 82 16 37 30 55 87 20 27 70 85 85
49 29 93 55 77 85 31 79 57 51 26 93 71 76 43 21 12 53 9 94 36 20 28 58 70 15 73 89 78 56
r84 0.997993
80 65 74 57 47 6 33 5 52 55 93 24 31 36 37 36 82 41 30 18 53 50 68 23 58 42 10 33 90 76
52 67 38 27 24 81 28 49 81 72 99 71 88 28 99 26 59 81 59 81 91 13 28 57 28 78 91 33 11 81
r85 0.749394
48 37 78 64 18 98 13 91 70 10 59 59 30 59 77 81 37 36 62 26 44 82 75 68 61 66 96 64 47 95
23 90 33 96 51 43 94 59 35 62 61 86 21 86 45 93 67 75 29 26 93 69 6 68 34 62 34 30 26 73
r86 0.642208
63 51 35 11 86 27 65 18 84 24 5 97 7 42 87 67 17 16 88 7 77 89 70 11 48 96 34 67 69 49
9 29 95 39 35 78 58 93 92 42 17 92 39 19 34 23 81 44 32 67 46 9 53 14 13 94 10 39 61 75
r87 0.535851
99 72 96 35 50 55 28 42 89 37 34 26 48 64 44 27 5 71 86 46 73 39 55 78 33 58 17 86 33 89
51 29 61 45 59 11 95 79 49 81 13 78 7 57 39 47 76 39 18 62 78 86 93 30 64 24 83 73 10 13
r88 0.859528
38 23 94 89 30 86 66 71 67 71 46 70 25 81 14 96 17 27 55 87 11 49 15 70 68 90 41 73 99 95
24 34 16 18 20 38 96 81 9 61 53 50 28 70 28 37 67 38 56 22 22 62 63 32 30 31 23 63 97 19
r89 0.781021
48 69 32 63 7 25 42 8 81 87 51 6 57 74 38 21 12 87 36 30 49 94 54 71 26 72 34 20 83 88
36 31 54 60 87 54 81 26 57 59 13 8 61 62 75 91 79 79 78 15 6 28 6 56 94 27 25 26 42 9
r90 0.693326
32 57 28 16 11 6 37 61 61 42 61 19 97 33 10 76 13 84 83 14 9 81 62 95 9 80 21 43 81 27
11 13 80 32 22 83 33 54 41 86 89 98 5 86 31 11 59 36 87 39 43 91 20 97 86 21 77 8 60 58
r91 0.891831
64 99 90 81 80 21 32 21 7 21 16 8 99 40 11 58 68 93 89 11 84 10 9 67 26 81 67 78 37 90
39 96 86 26 77 63 42 9 80 45 23 88 45 22 25 48 76 89 41 65 95 22 67 96 84 86 75 52 64 12
r92 0.915185
8 22 22 77 81 59 81 58 96 99 43 38 22 64 81 90 50 22 52 45 36 20 39 18 6 14 65 62 21 96
58 21 15 72 93 88 28 71 46 22 71 82 55 85 46 37 75 91 51 27 33 83 42 64 96 40 73 58 98 86
r93 0.813436
99 61 22 92 50 45 64 88 59 32 70 15 17 13 44 84 96 90 8 30 70 43 89 63 78 60 18 73 43 64
23 43 23 40 32 65 78 88 50 37 20 18 44 29 26 83 10 23 71 14 45 41 52 31 97 30 83 15 96 27
r94 0.647412
65 87 52 89 49 27 78 94 56 90 9 96 17 31 79 22 46 50 28 83 84 75 14 81 98 93 91 94 17 60
10 74 47 54 63 91 73 38 86 30 29 90 26 38 18 97 55 56 45 79 39 29 51 46 7 49 36 93 40 48
r95 0.871102
22 96 89 77 85 63 16 68 85 40 55 8 70 69 5 22 22 42 96 57 66 45 95 68 86 31 59 24 71 10
59 85 98 48 62 83 8 73 51 85 10 7 88 72 68 86 90 85 28 86 39 87 28 31 55 15 54 11 34 25
r96 0.923153
7 12 33 65 90 34 35 39 19 38 41 8 10 6 89 95 86 14 79 23 96 99 49 49 14 99 55 40 21 64
25 24 71 51 81 58 80 13 92 91 43 30 91 49 31 77 41 15 87 17 33 83 17 74 29 26 70 80 59 84
r97 0.7995
5 9 27 78 62 99 86 52 91 30 77 79 71 9 57 9 16 44 22 41 24 34 15 49 52 78 26 11 59 62
83 59 63 7 37 22 99 20 69 87 42 47 66 13 48 23 18 59 59 32 95 79 61 7 28 13 77 46 17 36
r98 0.560664
90 63 94 24 80 93 40 50 77 77 89 44 83 37 62 93 88 22 22 80 93 78 82 18 83 60 59 95 88 59
87 79 19 79 95 94 69 35 41 47 10 30 86 85 59 45 75 47 59 92 27 52 67 7 62 50 59 21 46 47
r99 0.722193
23 86 9 19 78 71 49 19 15 51 45 96 33 96 38 8 44 90 92 63 39 59 65 97 10 21 15 48 64 83
73 82 66 75 96 44 46 43 59 53 86 96 46 17 92 79 17 36 69 10 92 6 61 54 98 66 71 13 11 35
r100 0.784761
14 55 52 8 91 90 43 50 43 26 46 84 38 36 63 51 67 30 53 56 31 14 11 26 73 77 31 79 9 20
56 18 67 8 18 58 93 56 6 36 78 44 20 16 75 76 59 40 98 12 91 26 22 97 47 90 71 70 66 75
r101 0.536149
86 49 26 99 5 20 53 6 48 28 45 61 36 18 34 91 53 32 98 41 50 17 39 89 99 7 59 66 78 42
81 61 83 7 57 83 19 10 81 63 33 24 21 62 37 50 53 82 74 48 23 24 58 54 13 57 57 64 20 32
r102 0.762125
88 85 96 45 65 15 48 47 70 73 63 86 35 95 33 83 74 7 29 92 23 82 47 28 36 96 88 49 28 89
45 13 71 38 50 37 49 93 76 16 67 39 95 97 31 28 78 97 28 99 89 43 78 33 67 14 26 55 55 49
r103 0.836014
54 10 31 5 39 75 93 15 84 57 46 79 52 69 7 30 63 27 26 49 66 99 78 30 10 96 80 61 46 18
54 95 23 80 92 54 53 86 64 37 43 7 16 90 68 15 17 31 35 38 76 93 34 51 23 40 47 95 93 85
r104 0.532711
78 29 24 70 75 69 53 37 6 92 39 14 79 5 22 92 28 52 27 96 42 57 44 60 89 84 55 82 66 60
29 44 81 45 12 57 15 60 86 13 49 25 23 26 22 37 15 46 81 37 39 23 86 79 78 75 63 30 57 29
r105 0.840974
66 61 24 70 15 31 27 96 39 72 18 54 90 36 83 5 74 64 37 10 82 21 84 57 91 44 79 46 66 59
21 32 20 37 94 27 63 21 23 95 85 33 46 75 61 30 75 32 89 10 38 69 23 19 26 14 59 98 52 25
r106 0.658558
49 72 98 40 91 62 56 11 54 42 39 95 17 96 25 85 28 15 87 61 76 10 76 94 16 32 92 64 49 49
30 90 18 28 30 9 82 81 15 36 20 47 29 30 43 49 15 63 56 94 22 32 99 90 27 15 22 16 71 63
r107 0.590172
53 71 19 78 73 93 56 80 27 72 24 51 94 62 95 6 23 49 95 40 73 94 27 92 6 41 9 70 99 62
60 52 30 71 27 95 65 75 73 87 44 92 38 38 52 30 39 70 74 34 7 48 25 29 40 24 65 41 86 64
r108 0.953223
13 26 18 32 21 75 99 89 62 44 79 92 74 31 22 14 96 89 40 95 34 58 24 66 77 81 8 63 42 98
6 47 21 16 74 38 86 70 24 45 14 95 34 81 26 49 90 19 38 27 14 64 80 30 30 57 11 30 17 45
r109 0.96786
87 45 27 58 75 11 29 92 51 35 87 78 16 11 27 98 25 60 26 32 21 6 57 46 56 61 69 68 6 90
79 86 32 99 44 8 10 65 92 53 96 76 31 12 82 53 11 8 10 29 32 26 30 81 65 81 42 34 47 41
r110 0.955019
24 51 22 63 51 24 29 40 70 22 17 96 26 94 47 29 94 49 53 26 68 76 8 33 57 42 59 96 75 75
20 94 23 37 55 67 54 76 7 24 93 16 17 19 11 56 44 97 6 89 21 69 65 21 94 20 58 50 16 31
r111 0.653476
25 40 61 75 99 15 51 99 31 41 15 43 56 18 95 92 16 93 78 29 59 44 45 53 59 95 95 70 26 17
94 47 49 52 19 46 59 63 45 85 99 55 28 52 66 20 41 77 13 20 6 67 59 43 17 15 38 9 77 60
r112 0.668259
99 60 20 18 6 74 76 46 59 76 93 80 25 59 95 62 33 6 77 31 65 33 69 75 43 8 79 17 60 93
81 59 50 96 72 51 68 46 89 27 19 79 99 39 39 92 96 64 93 70 91 58 98 57 30 38 57 10 48 17
r113 0.853346
68 45 22 41 88 82 79 74 10 93 53 6 32 84 93 26 49 86 91 37 42 87 86 67 25 44 69 65 53 61
89 22 98 9 55 86 86 34 60 88 24 11 90 51 90 83 69 36 67 58 68 6 45 52 65 62 91 35 28 41
r114 0.634345
58 87 18 13 70 97 39 28 82 58 34 72 7 24 53 68 56 20 26 21 18 63 68 78 26 56 10 46 93 94
55 48 81 66 54 48 60 88 71 42 44 5 15 46 22 60 14 73 72 33 86 85 91 52 63 17 5 69 55 93
r115 0.953839
39 41 69 88 81 29 73 53 63 17 53 70 58 70 30 65 40 97 93 24 82 84 71 46 94 71 12 49 62 67
52 96 5 18 81 81 39 54 34 98 67 83 68 22 50 94 79 83 88 72 7 71 54 73 14 45 41 21 89 95
r116 0.88743
88 83 52 69 64 87 21 91 82 83 71 50 97 21 41 77 99 30 46 98 93 92 68 7 37 10 20 24 97 95
55 86 75 7 55 39 86 71 30 65 51 96 13 46 15 46 20 11 71 58 10 61 51 73 60 80 75 75 99 73
r117 0.541219
59 42 54 11 77 37 75 99 98 23 93 8 64 5 49 79 11 18 38 13 74 81 82 32 61 54 7 58 27 67
9 78 9 55 85 78 88 60 78 83 78 68 86 40 68 32 16 71 45 46 80 17 27 59 44 81 13 43 39 36
r118 0.730806
14 15 91 91 88 79 48 63 59 24 28 42 59 88 69 67 60 15 14 37 24 33 91 63 14 96 98 45 32 9
81 39 16 72 27 99 48 71 60 7 90 83 41 49 69 10 13 29 17 22 58 33 51 46 91 57 42 90 95 67
r119 0.563683
98 7 45 25 98 85 91 58 84 81 39 25 27 8 27 36 29 40 50 82 68 93 25 57 51 62 44 43 29 35
16 24 37 56 45 35 41 36 86 22 15 25 42 34 25 64 62 46 96 13 25 62 6 45 19 49 7 55 87 29
r120 0.781042
48 19 51 85 49 84 22 32 6 29 49 40 55 69 5 18 15 93 23 35 55 21 75 66 63 75 21 50 99 98
46 44 17 89 30 59 71 44 86 69 65 36 10 20 97 7 30 10 95 48 40 48 65 13 11 28 83 25 70 79
r121 0.972623
20 33 95 45 84 66 81 70 32 46 98 37 62 93 36 87 98 29 33 35 72 90 43 75 18 23 95 80 94 16
89 15 41 81 52 25 47 31 87 74 72 83 9 31 76 40 16 74 61 44 9 30 34 45 6 44 60 93 24 55
r122 0.968015
62 42 86 11 62 30 37 47 97 10 30 98 33 6 35 44 72 92 80 73 22 14 15 20 50 71 14 70 23 15
72 77 53 56 83 12 78 18 54 75 20 76 70 48 74 6 88 46 93 65 17 12 75 27 28 25 90 37 87 10
r123 0.562618
82 92 13 66 5 86 76 51 59 91 28 29 39 97 30 24 41 20 85 50 25 57 69 45 74 60 74 62 65 18
16 45 11 24 8 8 7 79 51 61 70 74 83 9 69 10 26 7 26 11 52 43 60 21 83 34 73 57 88 36
r124 0.944597
76 73 20 79 73 23 58 25 79 28 91 59 29 57 65 47 59 83 53 11 26 10 25 6 40 93 58 28 29 25
25 5 91 40 76 64 58 34 81 35 54 70 89 76 27 54 23 82 37 69 85 55 74 10 56 14 96 11 35 22
r125 0.9828
20 20 87 91 76 46 23 58 73 72 28 59 48 47 14 64 29 43 33 12 94 7 14 47 14 10 54 41 28 78
88 43 90 75 31 66 21 49 21 86 22 41 46 62 84 52 23 10 90 51 17 81 51 27 26 60 29 72 96 52
r126 0.877408
87 40 56 19 98 70 63 20 56 77 56 97 37 40 49 55 46 37 99 55 15 50 74 33 10 99 5 98 48 50
79 33 82 35 47 81 5 7 93 54 77 49 48 11 85 90 61 28 27 60 75 34 10 50 63 12 46 63 7 89
r127 0.9192
19 85 11 61 63 8 61 56 57 38 6 6 41 83 91 97 8 15 55 78 41 57 28 96 62 66 57 64 56 60
40 70 45 46 29 6 46 82 57 99 17 55 97 53 38 85 50 41 95 97 17 33 55 37 30 17 99 79 73 55
r128 0.626929
22 79 51 43 80 93 25 35 89 34 85 86 82 21 71 30 54 63 27 66 88 77 99 15 86 98 89 57 50 28
62 64 5 14 5 77 99 25 9 85 55 90 71 34 11 39 59 57 94 82 24 79 56 20 90 40 18 79 92 60
r129 0.84775
21 97 60 21 74 56 42 79 41 89 66 9 23 69 40 75 26 31 57 42 11 10 57 96 42 67 72 34 27 69
81 44 66 38 60 38 87 94 14 28 80 72 30 96 38 65 71 59 92 25 94 95 27 51 88 65 16 57 91 35
r130 0.847744
74 85 8 32 20 90 23 26 15 96 93 40 92 31 98 60 83 87 77 77 82 99 25 67 64 36 24 53 67 43
22 38 29 25 62 41 12 78 63 23 74 53 55 63 80 50 20 60 37 92 34 16 91 51 78 53 80 95 6 47
r131 0.566559
77 62 41 37 99 48 15 59 66 81 12 19 41 84 64 56 44 94 48 70 10 36 22 81 84 97 76 82 41 14
98 15 69 39 47 65 82 54 24 46 32 31 57 68 16 21 21 52 15 61 23 18 93 37 94 74 31 67 54 67
r132 0.973982
74 42 83 22 7 65 68 23 8 96 50 60 61 58 77 78 7 84 36 25 97 26 54 88 96 80 55 47 44 29
94 19 66 77 33 66 39 96 84 40 89 31 95 51 84 69 26 87 51 57 9 48 79 56 37 72 36 84 16 73
r133 0.815754
84 72 76 17 38 15 10 19 47 95 46 43 43 27 9 64 11 52 18 16 96 89 67 30 58 95 11 69 68 20
71 49 84 44 61 22 55 67 33 94 59 74 37 97 94 39 58 5 86 71 13 79 58 72 6 16 68 13 78 33
r134 0.695232
78 9 86 36 23 38 98 51 32 54 23 62 51 14 93 9 14 79 73 23 56 31 90 54 42 55 62 17 84 79
59 59 83 42 90 98 75 86 50 7 40 65 61 84 74 54 88 80 31 61 98 79 87 86 33 27 41 91 39 22
r135 0.976996
73 51 32 61 49 99 47 91 99 79 53 60 63 24 15 49 5 38 10 95 17 90 81 45 17 20 33 48 34 96
36 8 44 63 64 88 63 8 77 62 79 30 19 40 50 26 84 47 59 86 42 68 76 21 11 85 36 39 31 62
r136 0.825541
65 71 22 26 57 80 26 31 39 98 53 54 38 98 75 22 45 32 8 80 95 77 96 6 62 32 38 85 89 62
47 52 31 65 70 80 42 89 11 74 87 59 28 25 55 95 39 92 24 42 72 17 16 65 15 71 89 48 56 76
r137 0.76357
28 31 61 90 11 95 76 14 69 63 68 89 80 20 82 19 10 6 54 74 18 62 40 29 33 29 69 85 5 69
81 25 95 39 13 6 31 84 15 93 45 76 82 22 88 61 34 93 60 80 65 73 42 97 94 71 26 61 53 24
r138 0.942593
41 23 65 46 24 91 28 32 84 65 5 64 82 88 25 16 79 80 88 41 51 31 38 42 97 56 95 50 72 23
76 14 41 41 52 57 29 75 84 14 40 81 73 20 67 90 31 43 68 20 79 16 43 17 53 37 68 46 79 41
r139 0.665931
47 5 88 94 57 17 67 39 23 99 17 88 19 79 79 43 22 44 55 93 55 93 7 5 30 68 46 9 6 10
56 48 7 41 39 57 53 98 88 69 98 5 57 17 77 33 55 91 72 10 85 27 98 84 28 25 52 66 26 53
r140 0.593594
96 71 18 33 25 64 31 13 33 29 11 82 39 83 16 89 71 83 92 53 8 87 38 28 13 85 89 34 39 58
9 32 27 19 57 47 75 84 53 5 10 59 83 44 39 91 31 7 74 23 56 74 7 86 97 15 71 84 42 7
r141 0.658254
32 61 54 84 6 30 68 54 30 71 10 10 12 41 96 35 43 68 53 94 42 56 80 37 63 49 21 97 48 52
40 75 11 90 60 12 17 25 58 42 91 60 45 96 96 41 31 39 6 77 31 41 30 8 73 88 52 86 83 93
r142 0.501831
68 41 10 28 45 22 49 98 57 37 58 97 33 51 35 60 86 37 37 14 73 62 17 43 47 62 26 30 55 56
46 23 93 51 44 38 66 88 34 23 22 84 17 51 36 47 8 19 76 37 28 46 91 40 84 35 94 7 61 49
r143 0.715697
65 52 47 9 82 10 89 16 28 11 96 37 54 29 77 57 43 53 86 66 95 77 98 76 13 93 79 66 42 35
62 7 79 9 11 61 15 92 70 35 99 66 68 53 90 45 8 33 90 89 91 82 67 89 56 72 82 35 38 25
r144 0.524993
24 41 96 28 97 8 20 67 39 16 30 99 65 17 41 68 42 28 57 30 11 21 20 62 85 97 89 20 19 51
12 36 87 9 59 81 9 71 46 43 83 71 39 45 81 75 13 20 96 62 46 7 76 61 64 61 55 50 77 67
r145 0.679762
98 83 85 54 61 90 22 7 30 5 71 65 42 52 37 50 64 30 10 10 32 78 63 88 39 19 38 13 78 34
90 76 14 75 27 71 62 41 73 85 42 41 47 76 85 79 27 50 10 29 52 34 7 16 23 38 27 53 47 5
r146 0.979808
73 89 9 95 57 64 36 28 49 70 64 91 47 50 67 66 92 69 87 44 99 86 55 19 24 77 67 63 77 47
92 47 34 94 39 86 55 68 14 99 38 71 87 77 18 54 40 10 24 24 49 20 10 97 31 27 74 90 85 49
r147 0.575565
91 64 69 31 47 24 94 54 20 29 25 7 99 38 53 36 40 69 56 84 84 58 81 12 80 53 98 66 97 33
38 85 89 99 13 36 20 7 85 35 29 7 34 25 37 82 56 72 52 9 54 33 63 35 41 43 80 36 6 74
r148 0.996103
60 50 38 65 81 53 65 64 80 89 66 14 14 99 92 62 68 44 67 22 72 30 50 10 68 30 41 67 5 97
6 57 47 37 22 26 85 82 82 66 68 45 72 74 41 64 37 10 5 99 27 70 26 72 75 86 95 14 53 92
r149 0.80113
49 51 87 63 69 69 43 51 32 11 91 5 81 30 61 15 35 62 11 54 29 32 24 96 18 19 10 64 11 17
16 52 60 95 15 29 64 50 72 89 57 63 89 35 88 47 42 20 6 48 70 30 75 86 27 85 5 29 49 8
r150 0.613807
52 93 52 59 19 14 10 86 98 59 47 84 86 32 31 28 48 33 71 15 55 46 96 74 28 93 99 70 93 37
27 45 28 75 99 42 84 9 29 79 60 71 63 46 98 86 69 43 16 40 53 67 78 46 38 7 36 37 72 29
r151 0.856358
69 87 66 66 29 47 70 50 26 28 18 81 69 14 65 39 52 76 74 98 40 53 41 74 55 73 8 24 97 70
15 64 54 77 30 79 21 92 26 43 20 37 21 85 46 81 24 90 55 90 85 90 43 27 64 90 95 68 11 89
r152 0.862309
53 85 91 75 61 12 68 79 50 83 16 64 68 57 42 84 45 92 75 30 83 15 52 47 98 44 12 9 34 40
26 79 22 17 55 75 25 23 54 67 6 66 28 67 20 66 48 60 58 23 86 41 31 38 81 29 75 85 33 9
r153 0.933395
83 39 61 35 14 78 53 64 43 52 27 66 16 42 32 59 95 83 75 81 21 6 16 97 27 83 80 52 87 97
96 68 37 58 98 46 33 49 7 71 96 29 35 9 64 62 63 59 42 35 37 59 33 45 53 55 29 33 8 13
r154 0.713582
76 63 54 72 6 80 21 9 51 17 33 81 21 92 41 76 48 75 12 80 34 40 23 83 88 44 13 88 52 39
84 29 94 36 96 96 16 14 5 59 26 33 41 39 23 74 12 66 49 16 44 76 49 59 56 37 98 64 22 50
r155 0.788583
71 93 37 64 89 48 73 86 5 91 20 38 30 35 12 35 93 53 46 34 26 87 88 77 24 86 42 38 34 38
40 5 31 69 65 18 15 38 99 15 30 16 48 52 43 52 79 37 5 26 66 24 10 52 96 30 38 35 60 64
r156 0.791407
65 92 65 30 7 72 60 98 82 85 15 30 35 50 77 14 79 74 32 43 93 38 90 87 60 25 19 20 85 83
13 50 72 70 72 74 42 32 72 24 15 79 46 42 30 20 51 9 89 76 47 80 14 34 64 69 55 78 81 40
r157 0.975891
82 30 59 54 99 96 78 72 17 85 51 58 27 73 70 71 75 60 47 19 37 56 49 96 22 99 71 98 36 30
85 18 55 41 64 55 35 39 27 47 25 70 98 47 41 68 18 16 25 57 30 54 13 74 50 27 70 22 23 6
r158 0.991446
16 94 44 72 49 74 12 68 19 29 36 14 68 72 77 79 83 95 36 13 49 42 80 92 64 50 11 82 49 50
82 57 44 24 30 89 93 34 57 9 55 85 18 23 57 88 97 40 83 31 46 29 68 23 21 32 68 27 12 14
r159 0.983603
67 14 10 89 98 96 23 52 5 70 38 19 88 87 99 83 28 82 14 66 8 77 84 25 6 49 44 10 59 14
92 23 23 97 12 18 90 27 62 91 92 92 7 77 80 6 60 5 80 69 63 83 43 47 5 45 88 45 47 44
r160 0.675041
62 66 34 66 79 24 85 38 12 74 31 14 52 8 12 12 8 87 74 66 68 17 10 68 57 90 10 97 35 53
36 89 19 62 53 93 82 35 32 89 10 55 96 57 58 8 61 58 88 35 21 56 45 23 21 94 13 24 91 40
r161 0.77387
27 87 85 72 77 64 7 6 51 12 56 47 61 11 47 23 64 35 50 77 83 90 95 5 85 9 21 76 41 88
96 63 72 79 35 47 43 38 48 89 42 97 33 99 8 76 19 65 8 61 42 87 49 38 84 31 39 5 7 75
r162 0.768735
36 55 75 66 97 15 96 45 97 36 42 27 35 43 98 46 5 99 99 42 86 48 72 67 74 8 67 74 76 49
67 12 99 39 70 96 49 67 39 43 95 73 66 27 16 61 68 13 60 64 51 43 13 20 10 79 24 69 50 95
r163 0.522391
99 15 51 69 9 93 33 43 36 28 16 97 50 25 59 15 33 16 75 76 55 80 89 57 59 10 24 7 5 35
19 96 45 63 65 46 56 91 84 84 16 93 82 62 18 38 69 43 46 44 20 93 21 9 51 73 14 70 75 11
r164 0.885483
99 42 49 61 84 5 52 65 85 64 58 64 23 68 94 87 12 40 29 24 34 45 25 77 18 31 44 88 34 44
75 33 78 24 89 62 22 42 28 99 98 78 60 21 47 54 8 51 86 32 70 17 70 90 89 83 18 33 69 47
r165 0.867919
75 45 60 64 99 77 98 27 73 96 98 33 14 45 79 18 88 66 42 58 78 12 45 65 88 58 90 57 5 57
93 72 97 53 36 96 28 32 21 93 25 19 27 35 56 98 45 44 64 79 94 40 84 39 97 72 92 87 26 89
r166 0.558003
61 38 64 89 35 87 21 48 81 39 62 5 69 15 98 11 54 60 85 45 92 69 79 89 38 68 73 59 57 15
70 18 45 35 99 72 19 18 20 92 52 77 92 18 84 88 24 35 48 9 75 37 71 54 26 9 22 91 61 71
r167 0.771242
81 44 58 81 16 73 94 29 65 46 98 55 59 83 43 75 18 83 76 89 20 47 40 41 49 55 29 7 26 25
30 8 61 84 84 69 54 78 93 16 21 92 66 72 75 9 47 85 87 23 74 99 63 12 37 12 62 62 14 83
r168 0.948445
83 43 20 67 12 69 42 98 81 55 90 44 27 65 46 69 50 30 85 22 30 48 29 62 52 83 21 58 66 95
89 50 38 7 14 43 71 49 41 49 99 28 89 27 85 32 88 32 57 70 49 82 18 70 45 62 53 58 20 17
r169 0.534789
59 84 9 68 27 72 17 60 19 14 80 5 33 65 32 18 93 84 84 39 64 94 7 6 57 52 59 69 64 13
68 20 93 72 84 17 45 93 73 59 99 50 59 32 16 83 46 6 67 27 40 31 21 39 32 70 87 87 40 48
r170 0.939567
64 85 73 45 98 15 35 68 69 35 18 25 59 29 8 97 27 67 24 60 94 41 94 23 11 78 7 43 27 98
44 83 80 17 25 78 27 52 46 88 79 60 10 39 81 13 33 9 72 53 64 66 86 58 82 89 34 84 30 56
r171 0.60864
36 60 78 53 38 5 5 80 85 80 37 90 16 18 95 44 19 67 92 78 31 75 34 13 65 63 92 90 16 72
56 44 29 34 92 62 31 92 39 16 69 71 6 80 85 93 25 99 60 14 75 86 85 9 91 47 64 84 34 72
r172 0.805725
16 77 19 5 36 42 92 71 53 59 42 51 39 24 44 56 21 96 66 91 80 48 92 71 87 56 52 21 28 5
98 36 74 17 36 11 54 25 77 99 79 16 50 16 36 86 67 52 82 30 43 62 70 32 31 57 83 78 70 8
r173 0.501753
36 50 77 67 56 28 84 30 27 64 42 69 75 70 55 39 22 35 65 57 89 35 84 20 85 64 94 55 64 70
24 95 17 96 59 66 22 43 91 44 99 30 14 74 95 61 11 14 91 71 63 78 98 47 93 80 8 84 36 67
r174 0.820925
59 64 45 15 27 62 54 18 7 50 41 13 25 33 69 28 40 58 94 98 36 89 43 26 70 46 8 6 11 51
50 62 15 90 73 34 50 24 45 49 69 81 57 86 14 23 14 49 73 5 45 6 90 83 25 60 29 28 58 32
r175 0.772734
90 82 90 60 16 37 76 56 81 45 34 35 29 41 51 35 82 24 36 27 23 26 10 43 78 32 66 33 56 37
33 43 19 20 98 28 53 74 76 34 17 11 62 41 47 13 71 29 29 99 49 47 22 51 85 95 78 48 25 35
r176 0.648473
70 92 69 69 20 22 40 92 48 52 98 7 85 42 15 54 63 40 53 12 79 71 59 65 63 34 13 84 61 89
34 32 82 98 93 94 17 33 86 58 78 81 60 60 20 68 11 79 5 60 83 79 28 42 44 83 69 50 67 30
r177 0.77542
54 15 92 47 10 7 76 88 57 51 67 17 11 79 77 18 58 77 70 39 54 90 76 90 73 42 40 38 68 69
32 22 79 21 65 81 23 38 67 72 81 31 82 84 10 59 94 61 34 61 95 83 51 68 73 22 11 11 55 71
r178 0.872645
88 51 95 50 30 16 80 89 83 58 20 65 43 22 22 37 78 51 94 73 34 42 42 99 59 45 10 14 16 77
85 96 26 78 47 51 89 24 40 69 78 52 32 18 69 49 50 48 92 41 18 23 79 52 22 35 92 25 42 8
r179 0.910768
97 23 5 44 66 86 60 98 56 35 50 80 48 17 26 91 57 18 29 70 36 8 20 50 36 12 70 73 13 65
95 10 80 96 46 47 82 98 42 35 34 88 15 74 97 36 65 54 46 90 21 74 90 36 25 26 41 90 94 46
r180 0.58903
48 33 83 86 72 62 84 14 90 15 94 5 85 91 34 47 42 72 37 59 47 25 87 67 46 28 54 38 66 7
25 14 35 5 95 99 62 77 13 49 84 5 50 69 88 76 14 31 48 46 82 90 63 69 54 7 90 9 40 53
r181 0.596254
60 35 57 52 34 16 29 39 61 14 36 8 75 25 76 84 48 24 28 30 12 86 91 58 88 78 62 25 29 62
77 84 92 31 36 26 40 61 58 93 67 89 93 39 11 69 24 54 85 44 76 89 27 65 48 16 43 7 33 67
r182 0.533367
48 57 31 80 76 66 41 34 56 5 23 49 39 30 18 55 76 96 94 53 85 22 18 33 30 53 36 58 18 96
58 61 53 85 41 29 48 74 55 97 71 71 46 11 96 57 61 69 53 53 22 38 70 32 64 92 78 95 47 88
r183 0.9241
46 41 83 80 63 28 54 18 25 23 84 64 26 77 18 79 47 66 32 61 96 94 86 60 86 61 52 31 49 40
32 90 77 12 70 37 32 22 50 53 37 32 14 58 9 27 37 48 85 65 7 78 56 88 36 43 49 83 69 90
r184 0.997983
77 93 97 48 30 29 62 72 74 94 99 83 52 6 7 84 49 84 46 51 63 98 36 94 38 77 74 99 67 90
89 45 80 86 85 7 12 44 75 82 38 71 62 82 72 62 63 22 46 10 68 9 5 97 95 38 74 67 37 42
r185 0.89932
79 35 9 64 37 16 5 12 93 38 76 53 20 48 15 75 65 56 80 31 58 80 28 50 15 94 17 44 36 67
65 12 97 66 68 34 78 68 39 71 6 15 21 18 58 31 86 21 80 66 44 38 44 67 80 51 61 93 91 90
r186 0.989541
94 54 23 63 80 93 31 16 61 30 26 78 40 77 9 26 90 81 85 34 19 26 93 92 72 51 85 63 38 42
17 33 88 32 91 68 25 19 80 81 41 98 59 77 72 61 95 62 42 77 91 54 98 81 46 71 33 28 31 66
r187 0.704774
91 50 70 82 15 87 94 90 69 35 89 25 9 61 78 5 21 18 74 12 64 73 86 7 41 19 30 67 77 84
11 69 34 73 48 44 61 42 32 27 73 21 44 74 74 20 71 90 33 46 95 92 19 78 94 52 92 21 19 66
r188 0.711079
35 31 91 79 70 52 18 94 71 83 12 15 58 82 27 26 69 55 67 61 44 78 39 38 30 28 51 45 90 51
62 22 77 53 93 45 97 12 39 68 90 47 76 45 26 98 67 90 51 31 49 90 10 83 26 32 9 72 69 94
r189 0.89563
16 93 77 10 38 75 14 70 40 96 17 13 42 35 9 6 22 55 32 66 42 34 47 63 59 51 36 28 42 52
52 53 42 30 55 76 97 64 43 34 61 52 40 95 82 44 93 99 91 22 63 30 52 10 89 11 56 22 31 93
r190 0.989712
43 11 6 91 79 95 55 19 29 13 66 61 5 48 97 93 45 88 13 8 19 60 13 5 63 61 22 86 51 83
65 89 86 63 80 63 58 33 77 80 38 41 41 36 81 39 26 26 24 34 29 35 86 34 32 46 90 49 33 38
r191 0.841104
25 13 54 97 68 12 30 42 84 61 78 26 89 60 57 15 81 73 45 8 9 28 34 36 70 22 78 98 55 99
88 75 12 39 73 75 47 95 18 28 56 88 49 42 48 98 53 27 72 90 27 76 18 56 9 80 73 82 78 29
r192 0.540763
96 86 95 69 59 42 62 69 63 15 57 12 53 98 11 6 22 75 91 44 51 6 95 52 82 66 32 57 87 11
18 83 89 14 50 48 48 12 14 11 22 64 16 70 62 19 68 79 89 56 20 37 55 15 84 37 73 13 86 60
r193 0.771764
44 9 11 86 49 54 93 59 58 12 20 69 75 77 83 43 53 69 95 68 6 50 75 82 79 49 91 65 6 10
62 42 11 65 28 53 17 21 12 70 26 27 36 96 96 16 39 46 80 31 14 81 73 81 63 52 27 54 15 29
r194 0.850012
66 60 35 90 13 47 8 17 14 29 39 45 22 32 56 57 73 36 80 79 14 54 58 69 6 80 21 13 6 73
75 65 30 10 52 39 49 52 51 58 74 83 95 91 15 51 48 81 79 29 57 85 75 15 54 73 88 67 82 86
r195 0.553501
48 63 59 95 97 8 48 45 58 22 28 50 10 36 96 51 17 72 72 66 54 47 74 5 20 59 68 94 45 5
48 89 63 7 81 57 7 29 98 57 43 26 7 46 54 95 92 63 64 64 30 18 8 99 19 23 58 82 18 95
r196 0.658942
81 40 61 63 92 63 84 90 21 25 14 20 66 63 16 55 27 75 16 52 89 19 48 5 37 98 79 47 90 58
6 72 93 62 32 86 22 13 73 35 33 79 51 91 43 62 46 65 34 54 14 20 68 54 20 6 49 94 45 39
r197 0.660973
8 43 5 35 26 20 44 92 50 69 71 93 58 11 52 96 71 82 51 77 97 19 28 15 17 72 9 58 9 51
96 12 87 94 40 10 14 79 97 56 45 66 47 98 72 94 95 41 73 46 18 68 57 39 78 70 11 79 25 15
r198 0.844248
20 18 12 55 23 18 31 18 67 71 79 11 67 51 5 62 87 71 5 98 36 57 37 14 27 40 85 47 48 16
58 63 26 65 18 42 76 41 55 43 12 31 46 74 77 46 33 62 14 33 60 45 83 89 51 10 29 37 50 69
r199 0.765831
32 64 65 42 6 38 78 53 73 83 76 19 54 50 58 83 12 67 13 64 10 91 53 56 94 75 85 41 44 28
41 69 87 98 8 85 37 82 38 10 62 14 25 16 59 75 91 64 42 97 28 44 88 74 96 79 46 78 17 82
r200 0.744933
51 88 49 55 73 78 34 8 80 88 14 97 99 66 72 88 27 12 85 50 51 70 21 44 50 62 23 59 45 21
10 88 10 51 40 75 26 66 76 6 54 82 96 51 48 68 39 70 75 24 18 27 89 34 66 36 89 81 88 34
