200 30 3 1 10
0 0.25
35080 42175 40799 35318 37482 33113 44168 30331 39397 36891 34678 30097 37968 37967 40941 35966 41743 44588 33385 32102 41092 31858 34204 44693 43102 41584 43214 32158 36666 44929
w1 0.5
1598 1604 2465 3916 3438 2578 3085 4122 3327 4328 2800 3777 3297 2119 2718 3615 2214 2659 4000 4316 1751 3210 2872 1796 1665 2456 3011 4175 3474 3292
w2 0.5
3573 3748 1658 3341 3038 3089 2278 2660 1916 2107 3960 4193 3904 1931 2764 3019 2646 3923 2871 2814 4174 1933 4187 4470 2098 2143 3333 1774 4118 2477
w3 0.5
3543 1725 4126 2384 3264 3067 3163 4424 3483 4122 3885 3529 3526 1668 1793 2397 3166 1568 4120 4481 1594 1553 1520 1916 2152 2163 3750 2778 2133 2079
w4 0.5
1528 2305 2223 2413 4069 3790 4428 3993 3126 4050 3730 2507 3428 4251 2800 4325 2917 3220 4297 2898 3314 4350 3270 3730 2354 4286 3332 3632 2271 3912
w5 0.5
2300 1717 2453 3213 1638 2096 3493 4483 3722 3043 4066 1729 1971 3817 3381 2148 2586 2453 1945 4337 4267 2147 3107 3849 3354 2893 2682 2486 3665 2446
w6 0.5
4465 2663 4022 3530 3153 1970 2523 3136 1544 4418 3054 2125 2241 2371 4358 3241 3458 2311 3686 3295 2078 1685 2254 4427 3539 3648 2961 1878 3165 3907
w7 0.5
3130 2422 3320 2512 4075 3790 3535 3064 3834 3805 1618 1811 1546 2842 1669 3287 2152 2480 2825 4299 3410 3010 2053 3690 2402 1553 2151 2780 3570 1911
w8 0.5
2552 2833 4251 3564 2761 3541 2951 4325 3228 2256 1795 3539 2302 3489 4061 4441 4493 2041 2766 1644 3952 1629 2550 3494 2531 2603 4145 4163 1674 1556
w9 0.5
2726 3242 1844 2143 1503 4238 3594 1680 3318 1703 2327 2709 2505 4317 2270 2799 1662 3164 4065 1807 2968 1546 2857 1962 2929 4312 1607 2944 4486 2016
w10 0.5
3065 4110 4234 4060 4113 4324 3154 1645 3142 3357 2472 1704 1715 2289 2826 3366 2452 4490 2931 2759 2958 3330 4468 3420 1759 4280 3880 3204 1619 1748
r1 0.519487
38 13 56 98 48 7 8 7 60 10 96 67 85 23 98 64 78 96 70 94 31 58 89 91 50 41 67 84 44 66
35 74 74 86 72 19 89 75 22 46 81 18 10 63 33 8 24 12 96 89 98 25 44 84 16 89 26 75 71 62
r2 0.662186
37 15 88 9 27 74 80 44 20 58 54 25 21 83 25 40 87 18 26 85 38 62 69 49 48 87 21 19 50 57
21 82 65 6 83 87 75 63 31 87 21 80 12 34 60 29 69 47 42 87 29 76 49 94 22 93 81 39 12 28
r3 0.507902
10 53 26 86 40 93 49 63 80 63 41 84 89 96 10 56 41 48 43 65 21 88 56 35 78 35 69 82 58 58
8 61 8 26 47 44 17 88 99 89 48 37 74 38 31 76 89 67 21 29 29 37 14 78 68 87 10 34 67 63
r4 0.664584
21 88 88 60 29 97 46 25 87 89 58 58 24 84 34 10 48 51 35 69 80 44 47 45 29 49 75 91 10 59
58 26 44 43 82 68 41 25 86 25 14 44 78 31 25 9 36 68 52 63 34 33 5 74 73 29 23 45 17 28
r5 0.680945
50 41 10 29 7 46 49 88 63 55 29 41 81 49 43 15 17 90 73 46 20 73 20 89 94 36 31 8 59 28
70 9 62 76 30 61 19 71 49 78 27 70 16 5 19 54 15 28 42 84 66 57 54 82 43 46 18 70 49 69
r6 0.941677
71 52 88 96 13 99 65 54 77 84 24 86 84 38 37 92 61 74 73 28 32 27 7 70 65 17 40 15 81 31
27 49 78 15 46 84 14 8 38 84 87 55 70 68 88 7 60 47 77 33 67 6 53 66 71 18 75 12 25 53
r7 0.701738
98 10 54 41 89 64 44 25 45 31 75 12 94 60 11 52 99 80 77 66 81 30 29 53 41 96 57 61 50 84
6 45 89 55 81 79 16 25 99 56 48 74 60 39 31 67 83 31 47 61 89 29 86 19 74 27 15 28 81 57
r8 0.638821
97 96 34 78 72 46 95 71 94 40 42 52 75 69 19 58 95 58 16 84 79 98 95 53 22 8 76 95 60 83
74 58 77 9 33 49 47 26 18 38 61 55 85 33 21 96 84 13 55 95 93 34 90 85 80 13 88 53 5 49
r9 0.520716
99 11 76 29 52 23 50 65 53 12 18 36 40 34 32 24 40 79 17 33 11 7 15 86 12 99 39 13 45 68
80 44 71 56 68 24 71 19 81 24 23 94 52 58 26 80 75 61 56 87 86 59 86 96 42 94 95 77 7 37
r10 0.941758
76 11 35 42 27 6 53 8 22 71 98 70 29 21 47 96 77 98 80 63 55 67 56 92 58 49 66 60 81 9
39 55 12 69 92 34 67 45 37 84 16 32 54 37 48 93 34 25 89 11 80 44 73 37 36 31 78 98 83 59
r11 0.590213
14 11 80 6 40 44 43 69 29 54 97 75 87 45 69 18 63 58 21 43 97 87 72 33 18 50 28 94 7 27
10 16 33 83 15 65 27 53 35 51 5 29 24 87 69 88 97 32 43 18 68 37 5 40 62 16 83 86 7 85
r12 0.889093
96 39 87 8 96 15 57 28 58 57 52 77 41 22 62 35 46 97 45 14 34 46 47 92 54 30 75 56 15 83
57 8 19 45 12 16 55 61 39 13 15 84 83 51 6 42 78 44 40 23 54 69 64 96 58 15 23 33 63 33
r13 0.578919
36 28 61 40 36 13 96 68 18 11 52 96 54 53 36 32 89 71 51 43 37 12 36 91 23 54 24 78 82 33
94 16 54 52 48 85 60 45 53 71 48 5 64 98 50 95 27 40 66 70 75 99 78 9 87 93 58 11 71 38
r14 0.774695
46 86 15 89 68 68 34 19 39 75 16 98 70 59 91 92 91 57 63 66 53 41 70 40 31 26 44 94 59 76
57 5 59 65 86 24 30 18 35 61 88 47 56 58 6 47 50 89 97 10 55 50 43 23 83 69 44 24 64 95
r15 0.553601
92 48 75 78 67 5 91 98 61 79 42 18 37 40 60 80 29 54 85 76 97 29 94 80 90 35 99 51 30 88
65 22 36 37 93 98 38 84 93 91 64 32 9 93 64 62 70 88 16 53 62 13 74 53 85 64 84 81 16 11
r16 0.828833
26 5 10 19 96 40 98 86 32 59 16 33 50 75 90 20 64 99 68 23 9 42 71 87 99 55 68 12 59 35
77 80 32 82 94 28 20 92 12 44 52 23 72 97 93 60 14 54 56 75 72 60 17 41 47 13 91 13 20 50
r17 0.922506
27 67 72 21 91 84 14 95 28 58 18 95 52 8 52 61 58 8 33 27 64 43 63 8 51 52 16 64 94 51
56 22 19 25 35 7 9 44 94 29 94 12 22 43 12 69 97 62 70 30 85 31 68 45 34 20 89 43 76 81
r18 0.645496
95 97 50 30 99 51 67 93 73 61 97 90 97 10 56 94 64 26 21 49 52 85 87 82 97 73 22 73 54 8
97 49 6 44 75 97 91 39 88 64 92 82 51 89 84 7 83 49 29 97 90 73 82 74 52 79 48 69 49 94
r19 0.602446
44 68 83 16 65 74 50 50 35 42 33 81 29 14 80 9 58 6 6 49 75 83 23 27 59 63 92 5 58 62
44 94 27 27 7 87 93 49 35 28 83 60 6 12 69 78 17 28 80 15 69 55 91 84 77 50 45 66 48 98
r20 0.805449
89 47 14 91 32 7 37 62 27 20 19 25 25 83 98 37 8 78 44 69 30 35 51 5 78 91 66 26 86 84
13 75 28 19 63 55 21 95 14 40 12 28 57 32 12 55 61 12 31 6 77 53 36 28 53 14 16 17 35 97
r21 0.627762
69 21 54 29 69 67 21 78 7 28 99 59 56 8 12 14 15 35 12 84 83 44 9 34 50 20 43 78 14 36
15 78 49 65 7 18 32 23 89 32 44 88 83 92 91 87 6 98 19 14 83 98 50 87 29 92 5 67 67 14
r22 0.697353
85 44 43 87 58 67 8 47 91 44 32 75 36 23 59 37 18 74 43 93 69 85 78 93 78 78 57 45 84 49
23 69 88 58 54 43 26 54 85 17 93 14 84 29 29 44 58 43 18 97 36 82 82 14 72 57 84 26 98 69
r23 0.642096
38 58 72 87 97 93 41 79 7 31 86 87 55 15 28 14 53 41 8 85 20 82 91 87 37 76 10 35 45 75
45 75 30 17 60 24 7 93 96 10 25 82 89 75 92 17 81 46 50 81 28 65 61 19 49 93 87 54 25 29
r24 0.690013
5 51 78 60 71 77 50 67 79 70 46 68 43 38 77 21 79 27 95 99 84 56 16 30 49 98 79 69 28 97
34 25 49 9 77 17 82 27 76 58 90 22 24 30 52 96 46 29 21 41 28 5 92 39 28 38 35 7 7 55
r25 0.650791
75 43 38 49 52 17 68 28 68 58 42 87 83 86 80 27 15 96 63 39 94 53 70 22 86 5 21 86 52 18
20 27 53 50 68 5 60 37 25 28 87 59 15 71 46 90 93 56 84 53 90 78 6 58 92 88 58 10 71 8
r26 0.991467
30 69 36 91 70 88 28 90 16 15 50 23 78 91 14 71 44 90 25 32 65 23 85 57 8 40 62 74 43 78
60 66 48 89 57 15 74 77 5 86 84 47 9 63 35 15 31 75 5 48 7 62 67 87 19 70 24 74 42 63
r27 0.96044
29 92 83 78 7 58 55 5 41 39 44 42 97 75 50 26 47 47 69 49 10 33 33 24 96 52 90 38 12 43
32 33 32 13 11 32 63 61 29 99 93 68 38 87 40 83 13 79 31 75 28 36 8 53 52 99 98 43 34 7
r28 0.708447
36 7 70 42 34 30 96 55 26 89 21 59 73 56 43 79 36 66 54 56 97 57 7 49 54 97 84 83 99 62
42 35 65 9 70 91 34 66 47 55 52 60 15 22 16 50 96 44 16 50 93 13 5 92 54 51 89 36 34 88
r29 0.93368
21 55 76 86 44 8 52 83 58 96 43 65 18 51 15 15 88 26 57 81 31 57 73 78 8 59 14 35 47 99
99 63 55 75 46 91 78 90 74 34 86 17 94 97 60 10 12 48 31 61 26 55 19 94 33 19 53 42 49 93
r30 0.917193
53 88 21 95 79 91 82 50 25 69 59 20 63 20 22 70 60 45 28 82 95 42 76 25 54 27 62 95 17 96
41 62 81 57 54 58 45 37 8 63 6 60 78 64 72 92 31 32 37 54 14 30 89 83 50 40 7 10 35 16
r31 0.503347
73 79 25 28 37 63 60 38 26 58 90 96 19 62 88 42 86 22 88 96 47 74 76 93 14 78 95 42 89 93
10 59 72 28 82 7 86 39 37 9 92 27 5 8 84 85 45 70 7 34 63 50 5 39 40 15 14 35 49 95
r32 0.851881
55 92 74 37 94 57 72 31 61 61 53 58 65 34 43 7 97 46 33 57 88 34 92 25 41 98 52 85 94 75
36 49 67 11 78 59 63 50 85 25 9 36 75 66 62 19 68 59 57 94 17 42 28 6 62 64 99 14 46 93
r33 0.642477
39 45 80 18 99 44 60 82 61 64 15 36 27 72 47 88 29 99 82 38 41 10 39 95 66 35 9 9 29 82
81 60 28 59 73 27 98 34 6 56 90 16 84 18 84 32 6 10 31 80 43 65 82 77 60 48 12 62 49 33
r34 0.770395
86 67 81 59 87 76 85 88 32 76 97 17 86 81 41 84 83 64 64 26 29 46 98 82 86 7 41 35 33 80
57 19 45 36 70 32 12 56 17 40 29 14 49 15 87 85 91 70 46 52 88 71 90 86 50 76 86 86 8 16
r35 0.935379
30 8 88 95 32 96 48 45 33 72 51 77 79 36 59 70 98 5 19 87 68 9 70 18 77 53 99 80 64 63
35 89 63 23 82 91 19 30 36 44 95 79 21 74 12 72 42 11 70 56 90 38 58 57 49 35 11 45 13 70
r36 0.54369
57 64 61 36 55 73 58 83 17 53 59 31 28 67 98 65 70 65 18 57 99 71 14 45 7 20 85 12 83 86
50 40 50 8 68 5 76 26 80 86 75 39 14 98 6 9 60 71 70 73 28 66 42 35 11 44 50 91 51 30
r37 0.903109
62 24 96 30 21 70 52 96 53 27 36 62 22 34 66 74 6 36 44 26 97 81 53 8 25 99 95 68 26 69
58 84 86 55 14 7 22 61 99 70 80 32 32 94 61 93 68 59 30 13 78 24 86 31 28 9 27 20 72 49
r38 0.663438
33 67 78 42 70 95 96 66 65 73 93 89 65 54 82 30 14 9 35 87 29 22 18 49 26 41 64 90 82 42
18 15 10 91 49 72 83 42 38 45 13 31 34 73 80 14 95 86 18 31 70 42 48 84 83 66 22 47 56 96
r39 0.573701
11 87 55 52 59 39 87 89 76 95 20 11 65 92 17 60 76 30 86 46 65 31 27 48 89 44 88 43 40 70
10 43 54 60 88 10 94 75 94 68 70 11 71 35 95 83 87 71 13 71 18 70 97 40 19 84 77 99 27 14
r40 0.571022
50 20 87 38 25 79 13 16 47 75 22 18 10 14 93 89 81 6 60 91 72 55 28 83 39 97 82 61 12 45
88 54 60 72 87 77 51 92 85 90 67 7 5 69 16 93 58 89 92 19 77 61 69 6 44 5 98 23 61 7
r41 0.886808
53 20 18 40 92 62 32 74 49 94 76 47 60 84 37 19 71 29 30 48 85 91 46 26 91 42 41 52 41 96
90 90 16 5 30 5 62 55 74 9 46 47 51 7 29 83 18 95 10 43 40 87 34 82 11 22 24 47 66 60
r42 0.867114
50 52 56 73 50 16 25 24 20 66 64 63 65 88 43 78 80 48 18 20 33 44 94 39 61 15 81 27 68 22
75 15 70 29 80 20 40 5 36 52 64 95 12 29 80 50 5 60 91 18 73 21 55 64 55 16 75 36 36 40
r43 0.716812
50 18 32 31 30 67 31 61 16 90 54 23 17 34 66 17 87 54 27 57 70 74 21 25 86 88 53 19 28 96
22 71 14 47 97 39 14 25 93 23 13 44 38 25 73 96 34 57 50 53 11 17 28 25 34 11 10 80 22 31
r44 0.634377
97 86 78 91 22 85 16 12 8 24 51 41 41 25 38 67 74 80 18 78 90 41 98 24 44 8 99 61 34 76
92 28 59 71 19 76 56 31 84 56 47 35 89 81 52 24 45 24 5 58 97 90 91 92 11 35 95 11 88 27
r45 0.922142
50 38 49 65 11 97 88 90 53 32 23 42 10 67 62 51 83 59 9 80 46 93 72 52 28 65 58 14 84 37
90 34 70 36 91 77 33 76 64 78 6 79 17 11 44 74 57 27 30 59 5 71 49 69 21 69 34 71 78 15
r46 0.92216
42 71 96 30 45 26 7 7 99 8 81 17 11 22 83 61 45 14 17 45 77 61 14 90 30 41 62 9 51 63
69 88 34 66 19 72 84 18 74 84 18 52 93 24 70 76 80 12 82 89 52 57 50 58 47 73 94 6 77 43
r47 0.725957
28 91 9 42 63 89 52 34 70 65 78 60 82 45 33 62 52 16 49 99 65 94 55 9 67 49 11 41 84 67
80 13 58 81 50 18 67 95 44 37 60 23 92 42 63 26 97 16 34 46 12 91 37 62 92 5 9 95 41 88
r48 0.723968
96 18 95 44 32 62 39 71 92 91 86 81 34 50 7 28 58 33 69 65 21 6 25 14 98 29 9 37 14 67
50 8 81 42 44 10 5 78 73 92 66 60 73 92 10 73 20 63 98 81 25 20 80 45 29 78 66 30 12 73
r49 0.945558
76 71 92 17 73 92 90 46 81 53 6 52 46 8 25 61 63 23 43 84 35 23 26 59 93 85 85 98 55 75
53 31 43 45 40 13 35 30 54 16 75 53 63 21 53 80 78 17 96 18 93 31 33 16 83 23 93 65 21 48
r50 0.515657
71 75 15 11 83 45 33 34 53 9 79 17 25 30 89 95 39 85 10 29 17 38 40 95 57 34 60 73 77 92
40 49 64 47 55 44 84 84 70 37 85 47 46 10 72 36 6 11 21 11 35 30 42 67 25 91 96 77 61 71
r51 0.668678
17 30 40 64 66 24 45 37 57 30 79 95 36 48 28 34 54 42 37 81 67 71 48 85 62 45 62 24 13 29
17 25 51 53 84 15 72 30 47 26 52 23 19 83 66 42 14 17 79 47 93 47 15 38 32 73 78 86 89 83
r52 0.647688
5 56 51 82 66 24 12 10 42 59 25 56 40 83 94 46 95 70 88 85 17 96 23 41 69 94 28 58 77 32
56 75 83 8 57 49 24 64 54 61 20 71 18 52 54 9 94 46 74 79 31 84 75 47 25 41 41 45 91 15
r53 0.880925
85 56 51 42 98 70 98 49 28 16 21 38 60 70 42 54 14 14 31 40 90 98 82 12 40 20 53 31 28 23
71 13 71 19 48 66 81 43 16 10 54 29 43 12 91 78 58 5 87 84 41 77 80 20 84 17 33 34 40 56
r54 0.587193
61 21 26 9 82 8 48 90 10 94 19 48 6 11 26 60 11 10 41 44 79 18 57 61 30 85 90 66 41 37
73 97 53 91 99 32 91 44 23 96 38 34 45 37 40 63 89 44 66 27 83 45 41 40 6 66 25 89 32 58
r55 0.501229
53 71 89 52 95 77 91 15 74 26 45 16 58 80 74 44 24 40 67 5 78 8 37 76 69 55 65 94 13 83
91 61 51 77 13 44 55 96 54 26 23 94 37 73 75 8 18 91 44 80 88 19 83 26 90 49 73 53 43 81
r56 0.638568
40 77 9 45 21 56 42 70 77 57 65 11 30 37 15 43 25 51 23 14 65 98 32 55 48 5 5 83 78 34
15 15 11 17 56 27 65 90 89 43 44 54 46 69 86 56 10 12 99 28 18 64 24 45 17 67 42 17 47 20
r57 0.733563
31 46 70 79 68 32 69 58 67 13 9 14 74 88 65 79 95 62 5 10 26 24 50 35 83 87 45 30 99 83
80 30 30 47 9 90 75 70 45 42 75 50 51 50 38 14 26 30 71 26 35 89 42 77 25 25 61 65 48 60
r58 0.831779
83 67 71 84 55 43 52 95 80 27 42 29 69 72 38 88 94 6 14 26 90 52 95 12 69 56 69 17 14 12
38 89 74 6 70 29 44 22 22 24 42 56 45 8 29 75 91 23 76 98 45 64 50 40 68 16 89 35 26 95
r59 0.694379
84 13 60 54 35 99 69 52 20 11 8 61 11 29 36 98 48 10 96 85 66 43 22 34 51 8 64 72 98 6
31 79 12 83 31 42 79 95 89 92 98 89 53 9 19 81 99 59 83 92 44 49 32 58 76 79 62 40 51 57
r60 0.74335
37 46 55 63 83 35 58 69 27 53 55 72 57 69 50 57 28 34 46 64 75 74 20 51 53 74 87 96 31 23
68 60 64 24 23 44 51 73 10 73 23 60 42 76 27 87 30 50 21 71 12 89 42 24 40 90 93 27 84 21
r61 0.587896
77 6 71 92 42 22 63 47 87 81 5 29 54 27 17 76 69 30 45 76 16 82 92 52 70 82 71 54 99 14
98 73 12 67 62 47 81 25 89 69 99 86 90 50 13 99 24 78 27 61 51 38 40 44 85 10 23 57 56 22
r62 0.60553
90 70 22 50 17 98 67 99 64 66 85 55 14 91 54 30 69 76 86 17 15 26 53 92 29 72 46 80 86 9
32 77 75 49 24 84 45 86 80 6 53 63 56 59 54 8 84 20 76 67 29 83 88 78 76 17 47 22 90 33
r63 0.867602
7 94 64 26 75 6 13 56 7 58 19 56 14 65 59 93 80 35 57 6 19 45 79 87 55 23 9 42 52 28
59 54 19 20 73 90 21 81 43 24 36 54 72 45 19 31 35 91 58 87 92 69 29 69 56 76 87 58 18 39
r64 0.558203
86 93 85 59 83 99 37 23 20 68 72 87 10 86 18 40 74 71 27 66 38 48 32 89 25 20 44 35 51 23
5 37 16 86 88 91 82 25 14 97 85 78 84 90 61 97 30 35 65 49 93 98 90 26 85 12 41 26 42 84
r65 0.843514
22 52 26 7 40 8 25 46 5 10 24 81 93 80 78 20 15 40 62 9 36 52 27 18 59 63 39 96 47 76
36 61 28 57 61 61 57 81 7 54 86 24 35 76 99 10 92 12 43 54 13 74 6 35 84 57 90 23 53 34
r66 0.556557
88 20 39 49 73 89 30 75 40 13 94 71 85 91 73 77 95 16 28 5 85 29 32 66 81 22 85 31 48 76
13 33 88 45 77 58 31 99 34 66 10 25 37 87 13 11 61 5 19 84 5 5 13 32 66 86 46 48 14 90
r67 0.836005
20 7 60 93 61 86 89 87 49 91 9 82 78 15 85 39 15 96 23 16 96 28 43 60 14 85 5 21 72 19
36 87 22 91 77 75 74 64 59 23 55 63 97 34 73 79 68 81 76 87 92 69 15 32 26 22 17 24 35 81
r68 0.833478
69 52 54 46 24 28 7 78 43 58 39 38 87 9 17 55 85 85 39 77 52 47 10 73 64 19 89 94 96 28
57 65 72 11 8 92 34 8 67 69 61 6 7 48 11 17 95 91 94 35 66 46 77 68 17 38 82 6 32 75
r69 0.721778
37 94 87 38 83 18 41 50 82 97 49 82 45 55 91 37 43 85 67 6 32 44 69 41 77 49 42 6 24 61
82 57 52 66 90 35 79 28 77 59 25 26 41 62 73 32 94 14 14 62 15 38 98 77 74 73 23 14 71 42
r70 0.607434
91 19 17 78 46 92 6 20 48 23 39 84 80 9 13 72 18 19 34 26 53 29 95 24 97 18 30 69 52 92
17 44 8 29 19 49 18 18 65 61 36 99 42 14 8 47 81 19 62 12 37 12 36 32 28 31 45 54 92 89
r71 0.935709
30 50 30 45 91 44 55 53 97 86 49 40 92 53 79 73 64 38 77 96 45 14 28 66 40 65 20 29 51 58
33 77 5 58 22 92 94 69 45 92 52 90 29 45 40 8 15 96 39 88 92 79 97 17 42 34 74 57 58 25
r72 0.89413
97 13 38 16 5 33 80 43 22 33 30 46 70 65 46 80 61 80 68 50 57 65 62 94 91 33 49 46 53 60
26 48 68 60 59 66 85 37 9 99 62 31 45 32 91 83 12 49 64 76 91 18 38 50 12 30 78 53 68 28
r73 0.902453
71 74 47 31 37 29 63 41 28 25 64 65 49 55 48 56 96 9 32 84 19 66 34 24 88 12 72 53 35 81
43 7 52 82 30 84 11 85 22 31 7 81 91 51 33 37 7 26 38 32 10 53 90 39 72 78 43 44 28 70
r74 0.857027
69 66 46 94 47 50 76 64 76 78 42 65 29 70 97 29 88 35 56 93 83 46 29 52 21 67 89 44 35 11
5 99 70 47 91 17 92 67 77 65 46 16 30 67 82 27 88 67 55 44 61 35 82 85 83 95 50 72 37 80
r75 0.707835
76 45 76 67 58 68 32 32 31 73 43 56 37 22 76 26 85 31 62 43 61 42 25 44 37 70 13 66 47 84
99 21 26 75 83 76 41 15 8 64 80 44 20 15 61 91 33 43 22 87 81 76 29 7 17 59 69 26 25 14
r76 0.861493
30 25 89 10 97 27 18 97 86 93 41 6 5 95 90 33 38 9 21 17 80 42 16 93 96 80 16 19 89 15
35 16 35 24 22 32 46 35 27 32 25 63 31 26 58 21 51 89 25 67 6 98 10 17 91 98 89 99 17 76
r77 0.911546
87 41 64 6 66 11 33 88 35 54 48 58 72 7 74 23 88 92 86 86 90 88 95 78 86 81 77 99 57 83
44 42 24 8 40 82 11 69 70 39 20 19 92 87 18 64 7 98 56 85 84 46 73 76 24 57 57 93 53 12
r78 0.733518
46 92 92 81 75 96 47 45 35 62 56 24 46 66 83 49 64 39 34 45 80 5 21 96 57 71 89 7 78 65
94 24 55 83 97 30 79 45 67 11 99 24 31 46 85 14 87 47 46 18 87 23 18 9 20 67 75 6 69 50
r79 0.590806
66 19 41 63 44 20 5 8 24 5 27 50 43 10 56 27 52 94 40 39 18 51 40 30 15 12 31 77 54 90
37 20 6 73 76 45 86 76 46 10 73 65 52 13 70 5 35 19 95 68 51 10 16 86 35 26 91 61 98 45
r80 0.827872
58 50 98 31 88 84 99 34 86 73 94 35 78 62 36 11 76 28 74 24 33 85 8 63 8 94 21 7 36 62
32 86 10 30 17 93 12 17 24 93 82 15 29 60 72 57 63 46 80 37 65 10 19 65 65 20 56 81 22 88
r81 0.685251
71 46 71 84 36 78 93 55 69 72 62 90 29 35 47 88 73 24 25 35 26 37 96 86 52 52 64 66 37 5
12 9 43 75 85 74 51 78 26 20 50 84 10 74 19 49 62 84 65 80 19 86 14 12 72 61 57 36 27 89
r82 0.732884
90 72 6 75 47 52 50 68 64 92 49 66 67 60 12 26 44 72 98 56 55 12 63 24 65 17 53 87 7 79
15 89 51 14 62 90 58 12 56 23 5 5 84 64 61 89 82 97 58 78 53 14 85 14 30 51 26 78 35 25
r83 0.93761
12 6 52 69 91 10 76 47 28 73 45 10 34 98 91 14 95 49 87 46 55 69 55 81 20 73 56 48 91 11
86 98 12 35 67 95 40 43 40 61 14 80 63 43 78 54 52 70 98 36 16 51 6 63 32 18 37 83 61 28
r84 0.558508
26 93 74 88 89 12 28 26 68 34 6 31 70 76 77 19 46 72 51 58 23 52 21 47 65 50 31 24 73 14
60 91 8 32 76 89 39 97 15 99 31 13 27 96 84 99 13 27 68 59 77 87 8 94 34 65 41 57 81 12
r85 0.844409
98 67 66 75 53 5 72 63 96 95 68 23 89 49 22 97 71 82 53 49 69 53 40 96 18 76 50 92 83 17
31 82 76 92 54 29 89 23 84 85 15 52 8 99 96 22 93 68 99 43 14 66 91 49 62 10 22 9 94 6
r86 0.945349
80 90 17 31 20 98 49 99 83 56 49 83 56 45 5 46 10 96 85 19 59 76 60 21 78 78 23 72 76 40
92 56 27 6 82 42 99 28 39 79 79 83 62 32 25 59 71 31 56 56 42 15 29 98 29 8 73 47 72 49
r87 0.89981
97 6 63 76 41 63 99 75 39 75 55 97 5 75 56 71 6 9 27 41 17 51 36 38 51 6 77 24 50 53
81 47 51 44 23 87 99 19 59 39 86 14 33 86 85 81 54 83 83 76 24 95 25 52 30 68 53 7 87 95
r88 0.852477
39 6 7 54 86 98 68 45 37 52 55 62 38 40 44 88 20 27 61 37 19 78 84 44 47 35 43 31 30 90
92 65 91 94 19 77 92 80 20 27 32 70 81 62 7 22 47 19 41 9 51 55 79 33 91 26 63 34 50 85
r89 0.554536
47 13 33 62 82 22 39 94 41 66 64 23 25 63 40 68 78 77 69 26 29 48 51 21 67 11 47 17 92 61
54 39 69 79 93 48 96 32 40 35 90 96 53 16 60 85 79 35 59 48 53 84 88 5 97 55 11 41 67 95
r90 0.626713
35 63 92 25 9 86 53 44 21 40 40 66 51 92 51 27 24 11 67 73 87 56 73 84 8 76 25 71 72 20
84 99 78 74 24 82 57 69 26 73 10 59 36 53 51 82 73 71 85 40 44 72 88 14 53 92 85 71 60 54
r91 0.550188
53 64 12 73 47 64 42 65 34 44 24 65 90 71 45 63 39 27 95 78 95 81 84 45 70 66 16 30 21 97
63 69 62 71 39 6 32 74 66 62 18 83 24 8 54 64 63 85 87 59 63 79 40 44 24 10 10 33 32 23
r92 0.901404
85 84 58 24 82 86 93 46 45 9 29 64 9 75 29 68 60 13 24 20 87 56 59 8 58 61 36 82 80 59
69 65 40 28 84 23 11 75 64 51 76 88 15 80 60 36 45 20 44 61 35 31 14 86 32 67 47 60 49 24
r93 0.679778
84 52 39 66 67 45 38 31 88 14 16 98 86 68 35 29 83 74 85 15 98 95 93 27 59 40 79 9 57 91
20 38 40 51 96 7 88 34 30 76 40 38 74 24 6 6 48 81 73 33 91 68 25 84 90 80 21 69 81 70
r94 0.539111
9 92 44 5 94 32 32 21 5 64 54 71 83 55 73 31 36 43 57 24 11 74 8 93 54 22 62 32 87 20
25 88 9 61 89 99 85 18 20 85 77 67 57 61 22 30 84 51 68 38 70 71 13 71 64 59 85 23 84 72
r95 0.95303
61 43 63 47 39 48 60 51 34 34 18 86 87 33 13 69 79 73 7 46 44 12 17 5 64 97 23 48 67 54
49 25 89 12 64 28 53 24 71 79 50 85 65 38 15 70 7 89 40 6 35 76 14 45 76 70 39 94 18 6
r96 0.646054
23 34 64 82 54 17 6 26 91 49 8 53 82 18 20 81 99 55 79 31 31 85 71 99 55 11 90 65 9 36
25 28 62 84 10 17 93 9 35 81 53 35 34 32 45 46 10 44 96 84 70 24 67 39 20 22 42 10 83 43
r97 0.712968
66 96 81 69 10 74 70 37 55 20 67 81 44 12 27 49 51 20 30 18 36 92 49 51 12 83 53 87 27 87
87 85 80 68 51 85 39 21 22 89 36 84 67 75 88 89 21 36 6 44 46 37 33 88 83 40 71 36 24 90
r98 0.695135
73 95 71 24 77 10 41 94 94 69 75 61 42 60 47 55 91 45 94 38 77 25 26 57 57 89 86 77 80 6
83 53 94 55 69 71 60 10 63 52 72 35 10 14 91 50 61 79 90 56 14 65 73 32 19 30 22 5 7 94
r99 0.925883
44 90 35 13 58 87 16 18 39 83 49 42 89 37 84 50 13 74 98 23 36 68 50 51 94 64 48 96 58 44
76 94 34 11 8 85 94 19 98 33 94 47 67 83 76 51 30 85 23 26 5 54 89 47 97 80 12 46 77 62
r100 0.683731
57 14 57 60 94 51 71 92 76 65 37 44 45 13 87 67 90 10 85 90 57 75 35 51 55 42 89 29 96 72
72 50 81 29 7 75 75 73 64 48 35 96 84 75 10 72 40 92 74 25 80 28 95 15 75 48 49 64 69 45
r101 0.650094
88 14 62 90 81 34 64 43 78 94 39 59 67 41 28 7 34 95 27 14 23 20 24 90 60 65 52 26 10 80
60 93 87 19 81 65 49 42 8 24 33 43 75 95 79 99 94 10 94 19 16 14 31 32 5 83 92 52 9 95
r102 0.681839
85 16 73 66 74 22 8 77 38 37 17 13 29 89 9 24 94 98 35 11 10 61 35 10 44 28 54 45 23 75
7 8 87 72 67 61 89 70 35 24 99 48 29 29 37 34 45 28 29 75 31 34 36 62 36 72 85 85 17 5
r103 0.908071
5 45 83 67 98 69 35 30 88 34 73 15 55 7 44 92 28 65 64 54 95 95 16 31 64 93 14 77 93 67
88 94 12 72 58 7 41 85 32 27 17 98 37 67 5 73 57 28 38 21 75 33 14 86 57 73 77 66 50 67
r104 0.843027
58 37 8 17 39 44 97 63 63 14 61 95 74 59 68 31 79 7 44 54 32 53 38 84 27 15 47 69 77 75
5 33 9 8 45 40 45 39 99 8 46 57 96 17 16 61 40 88 60 79 42 88 33 72 69 52 79 17 21 54
r105 0.61582
82 89 22 27 29 59 58 25 63 96 75 56 13 83 17 48 71 73 28 11 58 53 78 27 5 58 39 18 12 21
32 89 10 50 13 31 6 63 49 64 60 24 17 68 7 30 17 74 95 37 77 53 85 55 75 85 10 12 95 14
r106 0.699076
95 33 70 5 56 71 64 5 33 21 24 45 84 24 67 93 90 62 30 67 15 12 19 83 89 25 90 85 34 18
10 27 43 75 27 91 43 86 92 71 99 13 14 81 29 76 74 19 36 97 81 46 9 96 29 91 18 16 76 44
r107 0.956673
66 64 53 89 53 91 72 42 60 69 50 66 50 75 39 24 86 70 18 68 17 20 61 38 11 74 50 79 15 71
57 77 36 10 63 81 93 32 23 50 96 68 16 46 40 48 63 24 18 73 87 30 88 45 64 91 16 11 70 26
r108 0.672769
95 10 29 58 86 20 83 9 62 76 70 71 23 7 19 78 26 32 51 13 55 37 50 16 25 61 22 88 83 94
12 78 5 34 34 83 49 14 88 11 85 58 74 5 57 88 78 79 21 27 84 68 56 35 79 76 91 96 64 71
r109 0.531901
47 87 6 76 68 47 82 56 50 67 11 25 68 63 10 43 42 23 65 27 86 21 54 65 90 45 61 54 17 49
23 59 33 21 32 96 63 14 49 11 73 52 31 38 16 36 77 50 52 39 69 38 56 23 99 43 61 60 89 70
r110 0.782493
29 32 29 53 25 85 59 70 91 29 22 19 63 30 47 40 73 94 74 39 33 27 58 29 65 19 84 52 84 83
60 10 15 81 55 35 63 11 97 51 35 17 62 93 39 10 33 12 96 5 47 26 27 97 50 85 13 32 37 89
r111 0.994155
91 22 67 43 49 31 49 44 74 79 56 37 70 90 39 95 95 35 95 39 54 20 33 99 97 41 28 31 27 35
20 18 52 79 56 94 10 97 38 80 76 89 14 43 76 48 39 68 78 34 7 32 46 35 29 40 68 52 66 90
r112 0.501834
5 32 58 53 23 60 50 56 37 24 42 46 59 16 89 93 79 65 25 82 89 66 14 15 99 75 63 65 65 43
44 63 67 94 13 83 54 59 39 84 75 74 30 34 85 17 25 61 77 45 43 63 8 50 74 7 25 37 65 82
r113 0.947281
45 36 95 51 19 46 7 51 30 77 22 53 8 7 65 28 63 39 65 99 97 66 46 71 68 66 5 33 45 69
31 83 6 26 34 17 68 36 60 90 10 77 43 10 79 5 31 40 39 91 36 37 57 77 8 23 40 9 48 77
r114 0.875448
60 71 93 86 81 58 22 41 49 27 19 84 30 90 85 56 27 24 47 58 53 97 32 57 17 64 58 60 42 31
32 94 95 26 81 76 79 98 17 25 23 28 10 48 19 90 99 41 11 43 92 60 37 24 14 49 84 67 10 23
r115 0.62665
17 85 55 90 58 32 89 71 52 9 91 57 49 10 44 45 44 51 83 36 8 21 52 17 62 33 79 64 51 69
94 61 52 49 51 10 76 37 73 26 41 65 78 85 67 23 30 11 66 11 42 69 24 90 81 81 20 60 46 67
r116 0.746271
28 73 81 71 76 55 9 46 76 42 11 51 25 71 69 50 77 35 53 17 96 72 99 77 51 19 34 92 78 53
29 98 26 7 70 94 54 71 41 30 13 44 77 33 12 43 76 85 71 29 94 64 94 90 42 45 6 68 34 80
r117 0.744398
75 40 57 45 31 12 16 67 34 22 9 8 50 16 44 26 93 15 48 84 74 39 74 13 76 73 77 10 50 90
57 25 30 14 63 57 18 71 21 48 88 22 48 39 34 87 57 24 97 97 9 69 36 75 74 9 48 51 11 93
r118 0.667835
19 61 70 77 15 83 45 32 28 34 49 72 65 75 59 19 95 54 17 99 20 45 74 89 50 23 38 56 13 72
20 27 30 85 96 41 65 42 68 86 68 14 58 33 85 14 47 80 60 56 76 72 97 50 62 47 65 92 95 74
r119 0.673016
93 86 92 87 27 55 29 87 41 89 97 94 22 79 5 61 56 58 18 32 30 15 74 84 54 40 76 49 11 34
60 96 21 49 83 40 99 9 28 40 93 22 31 15 96 29 69 52 82 82 76 9 92 50 89 46 82 62 87 85
r120 0.663102
82 13 89 65 48 85 67 68 23 60 85 49 68 78 70 37 30 52 19 98 54 8 49 43 46 28 5 33 11 89
73 88 97 59 50 43 44 17 8 62 73 89 9 41 67 74 70 90 27 81 88 76 84 34 16 30 55 13 55 61
r121 0.712229
49 92 82 91 32 27 9 36 81 77 22 85 15 81 60 77 68 79 58 57 52 39 83 63 64 38 71 16 91 66
40 40 59 19 29 86 38 33 19 20 7 33 5 14 15 60 86 78 39 41 32 86 75 16 46 36 46 18 47 38
r122 0.562122
70 35 94 94 19 32 27 30 47 26 59 48 35 66 8 18 44 40 54 72 23 29 80 65 60 23 75 5 56 51
79 24 79 73 18 93 6 38 20 48 59 74 91 87 40 92 5 77 29 52 46 47 76 26 12 34 41 79 31 93
r123 0.731384
17 10 79 27 95 80 57 15 28 17 82 17 96 19 9 96 91 33 48 34 72 22 52 80 48 89 59 74 82 82
79 91 87 58 15 79 38 68 87 59 77 69 71 73 80 72 66 72 5 12 6 72 29 54 49 69 40 6 43 22
r124 0.500099
10 68 73 17 44 8 77 31 59 54 92 30 24 73 97 83 42 94 90 40 64 16 86 10 80 26 11 20 40 87
34 42 52 99 55 88 5 32 20 59 79 9 82 95 77 79 78 16 71 65 52 35 76 35 40 53 57 47 68 92
r125 0.805721
32 75 94 82 63 94 11 75 51 82 80 33 78 54 12 56 66 78 19 15 10 90 45 46 44 94 85 12 84 13
7 16 83 94 93 46 88 96 22 36 79 94 64 57 48 69 10 11 44 24 18 50 12 59 88 51 53 73 55 37
r126 0.926817
45 61 49 38 7 34 32 21 63 11 12 27 60 53 88 62 59 33 79 73 75 83 29 63 31 74 33 81 9 11
33 49 67 74 80 66 6 12 80 64 15 87 83 70 40 72 29 92 97 5 62 72 83 86 32 14 60 57 88 64
r127 0.898895
14 27 88 86 85 89 93 65 53 8 50 36 70 82 8 91 74 97 92 36 69 75 19 93 82 75 50 70 36 10
83 42 29 71 28 15 60 18 75 10 21 22 42 83 5 42 75 74 37 67 8 6 39 22 92 21 89 39 83 26
r128 0.797815
60 69 38 81 79 91 94 52 96 13 69 35 91 69 70 66 41 7 33 44 5 65 61 89 81 51 29 65 69 69
29 26 35 59 7 12 50 94 59 44 7 25 71 93 90 38 57 31 37 85 67 38 47 28 24 29 74 48 86 40
r129 0.606721
62 45 66 61 52 17 55 8 53 54 28 24 48 15 55 97 38 87 82 5 22 27 26 42 51 92 85 34 33 95
41 87 37 99 48 81 13 99 81 61 53 6 78 93 14 33 90 47 17 70 45 35 92 66 72 40 58 54 66 83
r130 0.598658
70 78 98 19 56 12 15 37 65 60 39 40 51 48 68 41 87 81 8 29 13 92 87 80 29 43 31 87 26 73
86 92 48 82 8 5 89 15 37 51 70 68 87 21 13 52 55 93 30 58 22 38 48 10 15 72 48 42 60 66
r131 0.800268
55 58 25 58 55 11 68 88 58 36 53 42 52 59 89 7 52 17 58 66 50 6 68 61 70 13 95 27 75 10
66 30 60 86 81 16 90 46 96 45 77 46 82 27 5 68 26 49 80 79 16 31 77 79 84 45 88 76 67 60
r132 0.980678
85 38 14 63 49 99 7 42 44 79 84 26 98 81 86 25 31 67 96 39 90 74 18 71 16 98 47 78 58 25
9 41 58 18 96 5 14 98 39 53 75 23 71 73 97 57 93 28 24 90 62 11 61 72 77 72 71 24 47 26
r133 0.670366
59 92 61 56 92 67 51 28 20 26 44 86 95 41 41 85 64 57 72 23 64 33 90 41 5 58 58 48 77 91
91 36 83 50 84 72 17 33 96 30 54 40 13 46 76 49 29 37 7 96 55 66 30 42 99 27 96 54 67 70
r134 0.784256
6 29 98 83 94 12 16 90 34 62 27 43 6 95 84 30 32 86 23 79 49 45 18 46 68 14 95 32 76 38
80 75 60 78 58 54 83 66 41 17 25 63 55 26 58 40 48 82 23 67 61 65 12 74 11 72 81 98 97 57
r135 0.69803
32 89 53 82 40 36 45 76 45 66 39 96 84 92 33 33 74 48 92 32 10 99 98 13 69 79 12 66 34 38
43 58 24 88 38 59 24 78 35 65 44 69 58 29 58 83 54 29 28 46 56 34 42 51 42 11 31 46 69 57
r136 0.571008
12 95 93 45 54 18 21 81 75 60 50 30 81 5 10 32 26 33 73 74 59 16 26 94 19 49 37 84 6 14
89 10 9 82 51 56 95 67 37 67 24 80 89 98 80 94 30 7 25 99 76 79 12 97 70 26 43 8 10 44
r137 0.781052
47 18 77 93 69 69 57 7 37 73 82 26 71 59 18 94 61 38 93 35 14 97 29 80 23 68 83 29 9 92
20 51 10 92 41 75 59 90 74 88 64 56 11 32 15 24 26 69 54 16 96 64 13 22 41 29 82 21 53 87
r138 0.737812
35 18 55 69 85 14 56 59 94 20 12 5 45 23 22 66 84 71 75 80 32 80 97 68 9 77 84 54 61 89
20 91 5 70 57 85 76 14 42 70 26 49 67 66 64 84 30 48 53 97 25 80 77 20 46 82 92 30 36 53
r139 0.995983
41 17 18 94 97 86 5 36 53 26 81 21 85 45 97 15 86 50 12 11 28 84 26 69 66 18 91 95 63 8
46 5 20 57 91 15 43 91 46 92 17 24 13 94 65 7 9 48 53 13 54 73 90 76 42 53 86 30 48 50
r140 0.807833
47 46 44 38 56 82 29 98 71 38 22 76 33 79 79 34 27 29 43 74 97 30 47 36 78 33 61 24 75 90
11 22 37 47 55 85 29 76 80 96 15 95 72 40 71 48 69 94 72 9 65 69 31 12 5 10 40 62 26 16
r141 0.777732
30 78 71 81 64 92 54 41 85 64 36 55 96 8 98 66 94 71 67 59 37 94 66 38 96 98 92 22 11 41
46 37 17 14 15 73 6 64 14 87 26 46 42 22 46 40 80 40 8 48 94 41 42 57 74 38 55 63 52 62
r142 0.984042
91 13 7 6 81 5 62 91 87 80 34 26 98 75 62 75 15 62 23 6 98 57 58 69 90 10 32 42 64 29
32 55 37 31 53 16 32 13 99 16 88 33 38 83 8 92 59 15 54 74 13 50 32 63 19 19 68 44 57 30
r143 0.992016
77 97 10 31 10 37 36 9 45 21 37 78 5 37 67 56 44 19 27 52 64 54 12 75 69 76 19 23 98 79
96 75 74 6 6 79 35 34 81 76 51 18 51 51 48 19 99 87 30 26 37 89 73 44 61 42 17 73 57 15
r144 0.931818
83 23 52 81 95 82 16 76 55 62 86 7 10 34 18 6 19 40 27 48 29 95 84 82 34 94 55 83 9 5
34 87 23 81 69 18 60 77 86 16 39 73 15 41 99 25 42 15 60 64 58 81 57 40 63 83 34 19 67 35
r145 0.505063
20 34 74 81 45 34 58 31 42 89 96 52 30 93 69 67 8 29 28 59 7 77 94 63 61 28 74 25 58 85
18 70 19 87 51 56 21 9 80 59 93 76 8 20 69 73 82 70 94 8 29 94 80 20 57 38 43 31 58 93
r146 0.92888
64 27 55 12 76 69 17 56 25 7 29 28 23 94 93 97 61 85 5 85 79 78 5 36 16 40 59 67 30 70
35 86 89 86 94 65 55 8 21 75 10 43 95 25 37 86 23 90 71 23 75 50 96 72 81 10 9 40 72 34
r147 0.885148
21 88 88 12 54 40 15 67 12 17 10 5 38 39 86 56 26 57 71 96 99 68 65 77 70 69 17 42 96 16
44 14 96 30 21 47 65 28 15 70 40 17 70 73 49 56 29 70 10 96 64 9 61 26 81 31 88 90 65 84
r148 0.961093
90 97 31 8 45 92 31 52 62 63 61 32 37 7 80 58 70 85 51 34 89 9 52 67 35 40 57 95 21 55
97 11 49 28 14 86 17 37 35 71 96 92 95 30 91 75 83 61 60 32 87 46 36 40 13 64 72 65 56 89
r149 0.517984
95 62 74 7 48 86 39 79 58 35 68 50 57 59 26 38 18 78 65 5 25 96 37 30 60 10 88 14 94 5
62 86 62 33 88 11 20 28 82 70 55 50 20 10 6 38 43 19 17 8 17 34 96 46 59 54 48 47 63 39
r150 0.668182
26 7 54 14 10 66 34 87 33 82 34 45 87 36 79 30 47 91 30 56 25 26 98 76 75 46 21 38 81 61
56 99 60 7 13 63 65 40 47 93 19 77 38 6 10 17 28 49 5 53 6 22 71 99 94 47 42 12 77 20
r151 0.705181
19 22 32 25 80 92 60 28 82 74 97 21 72 99 30 92 48 28 42 46 45 13 45 36 52 80 40 27 95 5
55 15 23 80 35 95 72 87 20 52 58 14 68 27 10 90 19 54 15 53 95 56 58 38 84 11 15 22 33 10
r152 0.962478
17 37 57 44 30 27 28 45 74 81 52 39 8 57 29 19 8 40 67 96 88 23 31 69 26 41 86 51 43 6
28 53 35 81 92 60 8 21 98 77 94 47 16 98 99 37 14 8 69 74 99 57 92 30 24 18 63 7 64 6
r153 0.579823
54 36 68 44 88 68 57 83 45 51 30 53 49 30 86 56 30 55 30 26 10 22 48 26 35 11 28 91 9 29
75 56 57 44 92 42 9 49 26 47 95 48 95 42 70 81 93 95 34 23 18 36 37 61 57 64 64 77 55 69
r154 0.520798
22 55 66 14 93 68 58 16 15 50 59 10 87 30 84 77 22 18 92 36 49 29 89 98 85 54 75 40 20 74
63 37 26 26 43 16 89 96 27 99 43 79 7 28 6 86 5 20 96 90 48 42 16 38 40 97 84 12 34 99
r155 0.8506
33 8 16 71 16 97 64 39 97 7 15 99 30 13 82 28 28 78 18 72 20 29 7 55 26 86 62 53 85 41
42 15 41 53 81 52 51 45 83 45 44 90 41 70 98 20 90 27 93 8 91 13 29 93 60 51 76 19 96 58
r156 0.984423
68 88 87 49 38 35 89 21 72 30 9 10 95 7 25 85 26 18 85 17 23 15 7 75 58 78 89 54 33 42
87 96 27 71 45 60 98 31 74 70 57 78 72 49 80 92 35 99 7 17 13 22 27 16 92 80 86 79 31 17
r157 0.510794
13 40 85 54 96 81 77 70 48 34 45 21 79 25 10 11 21 10 23 30 27 43 38 17 20 21 88 47 33 6
61 42 41 43 88 37 24 65 99 65 92 44 81 68 62 86 74 78 88 89 5 13 29 38 25 45 52 13 87 80
r158 0.873319
19 50 83 7 80 5 65 76 65 57 21 43 25 75 26 91 50 15 80 51 23 10 84 43 50 33 48 34 14 54
74 28 96 57 28 76 54 88 50 19 45 66 57 62 41 76 53 86 86 30 34 9 35 16 44 77 44 87 8 53
r159 0.631381
74 34 35 94 8 81 82 53 93 24 16 47 81 49 23 34 35 9 59 62 13 87 73 49 61 17 33 65 63 66
39 34 96 66 28 96 48 7 49 41 26 57 83 99 6 7 30 33 8 81 90 14 65 63 58 24 76 87 81 36
r160 0.565716
65 43 82 85 39 30 87 80 63 10 37 43 9 38 42 31 67 46 12 57 55 73 18 10 92 86 92 73 22 40
85 79 78 67 64 18 89 51 90 49 56 28 88 57 58 30 83 25 71 87 75 23 57 88 29 46 71 18 16 88
r161 0.968704
67 29 64 31 42 51 74 29 95 30 52 83 79 8 11 59 28 74 46 95 93 96 80 19 42 51 29 54 39 75
51 98 99 12 26 38 55 95 62 51 22 12 31 96 15 37 55 35 12 94 31 97 90 8 13 32 55 34 78 86
r162 0.58677
82 97 34 8 35 84 99 90 32 21 97 59 15 9 91 62 39 95 56 62 89 43 66 97 68 18 29 46 96 30
68 78 28 97 79 55 78 78 45 11 91 39 65 98 43 53 61 75 49 14 37 35 53 95 33 21 10 54 59 7
r163 0.752263
77 7 21 56 55 95 31 95 6 23 32 66 18 67 16 74 42 60 81 72 91 34 64 21 47 70 70 98 69 46
26 46 46 39 98 96 34 29 88 35 44 20 93 58 83 10 29 25 62 10 89 50 36 54 63 78 21 30 74 85
r164 0.893454
31 15 34 29 11 61 51 94 88 90 12 79 45 90 84 70 12 43 75 94 86 9 48 46 82 64 72 53 46 41
45 72 51 75 94 57 33 45 48 21 32 55 95 73 42 76 40 47 17 12 41 98 16 84 44 91 45 13 44 86
r165 0.877369
55 92 57 49 46 85 86 90 98 16 42 94 81 77 67 21 24 79 28 60 74 40 41 16 31 78 24 67 61 66
52 16 58 9 58 5 86 41 87 85 52 26 79 33 98 43 46 19 23 70 74 92 7 12 5 33 85 25 95 46
r166 0.664054
55 41 49 10 38 36 46 22 21 91 44 92 21 39 35 63 51 50 33 22 40 35 30 40 60 12 57 52 51 40
92 6 74 39 8 9 67 46 27 80 37 63 69 54 94 99 14 45 47 39 63 82 69 88 22 26 92 75 70 43
r167 0.535579
41 81 94 44 86 61 86 10 38 20 68 7 66 59 98 75 5 45 14 63 27 75 48 42 93 37 14 64 76 21
24 14 98 15 54 81 68 37 86 6 49 51 8 16 10 6 86 10 44 93 65 63 68 10 5 59 43 11 23 16
r168 0.658698
25 23 49 71 99 17 5 85 18 50 33 18 61 38 16 44 41 55 37 98 19 98 6 16 57 44 23 72 52 46
11 72 61 55 41 60 67 41 42 77 83 70 90 44 5 6 81 38 57 18 37 68 13 38 76 65 74 94 37 26
r169 0.96283
90 93 90 31 50 54 65 87 28 45 54 18 82 55 17 63 88 66 73 22 34 82 55 7 44 26 94 74 47 28
14 35 19 97 58 64 48 20 52 72 61 98 85 43 53 94 98 39 60 71 56 86 50 9 89 90 27 83 61 70
r170 0.870154
97 25 64 55 82 13 71 31 77 29 29 59 67 75 54 65 14 14 33 62 96 79 63 82 66 86 65 27 53 68
86 50 86 51 5 68 56 68 94 30 92 23 84 56 90 38 21 99 45 47 59 38 26 22 20 87 8 77 11 53
r171 0.547555
98 28 40 96 88 88 64 82 18 57 98 98 13 88 33 27 85 73 69 44 11 87 58 23 71 59 95 74 12 38
66 11 58 99 7 47 84 66 26 98 20 24 93 26 10 26 45 87 92 11 31 95 93 84 19 64 43 11 35 51
r172 0.613902
54 95 92 56 39 77 19 60 72 32 77 65 53 82 83 90 69 72 96 92 68 89 73 79 50 14 85 80 57 24
73 11 19 63 59 53 40 73 10 12 97 82 69 50 61 49 40 27 22 33 19 82 22 85 61 64 94 43 41 48
r173 0.972437
54 73 70 10 23 7 75 29 11 73 8 75 23 65 21 56 87 38 84 99 17 99 84 73 60 75 14 97 23 68
9 69 39 71 74 57 73 49 78 79 22 82 51 38 47 67 86 31 98 67 27 15 66 8 81 24 78 90 21 93
r174 0.760092
62 89 88 33 44 58 78 19 37 92 96 80 27 40 47 13 64 42 76 86 53 39 90 34 58 68 21 71 59 68
88 21 58 73 50 94 28 25 13 57 14 7 37 37 42 77 45 6 19 18 88 67 53 75 93 11 40 14 78 94
r175 0.91607
16 33 34 58 24 57 75 32 15 84 31 47 21 69 24 59 67 39 72 52 98 25 27 92 29 63 98 99 57 73
62 65 6 91 20 22 49 90 47 59 72 73 98 88 42 20 44 7 54 17 54 49 34 77 41 55 37 37 54 86
r176 0.710215
52 9 5 67 26 46 55 68 97 27 42 96 12 76 16 52 78 62 61 33 11 87 7 45 43 36 77 89 22 79
98 69 83 96 34 7 42 81 70 37 5 9 33 12 81 41 56 56 95 14 84 98 94 83 43 34 19 17 23 34
r177 0.535152
98 72 15 29 74 52 10 42 84 7 46 14 15 24 47 63 76 42 70 57 38 64 38 73 93 49 83 13 78 72
27 77 44 37 98 16 82 6 50 63 8 88 73 15 13 17 74 81 52 44 35 85 5 68 58 93 18 41 6 91
r178 0.538202
65 50 58 64 58 40 62 8 99 65 88 69 73 93 81 44 74 30 83 7 15 80 70 66 70 80 99 68 69 10
89 34 52 48 90 7 80 52 7 79 15 90 45 80 84 24 24 55 49 99 54 57 79 22 20 49 97 16 17 66
r179 0.962616
93 65 47 83 64 27 33 66 99 40 54 44 20 38 63 39 85 10 38 40 62 14 57 77 58 51 88 67 15 7
66 8 64 13 83 29 36 16 90 32 48 44 71 60 74 32 91 57 37 29 89 91 35 43 68 88 89 53 53 96
r180 0.715323
99 17 28 83 38 56 91 25 83 37 62 51 92 33 78 84 85 12 10 71 98 41 14 63 26 96 14 74 89 61
89 89 70 14 72 8 65 60 26 45 92 83 91 85 16 67 66 94 74 71 62 70 12 69 33 31 62 42 5 51
r181 0.540158
40 66 95 9 67 57 65 88 97 54 71 86 36 79 53 97 70 24 69 33 89 73 97 20 99 59 57 97 10 53
83 43 17 79 47 79 36 9 67 34 56 35 17 87 11 65 85 77 81 51 10 68 24 7 83 21 58 37 18 60
r182 0.628026
98 95 72 43 71 9 44 35 35 95 65 47 83 71 9 65 45 85 13 50 53 29 49 33 45 99 66 55 60 49
52 58 41 21 93 12 25 38 42 55 33 99 94 13 67 98 70 13 81 78 58 31 8 5 60 45 99 26 96 59
r183 0.730417
15 8 61 8 12 82 38 46 34 64 45 26 69 12 24 40 20 97 15 71 29 18 68 84 56 67 7 52 24 69
89 31 69 50 31 73 29 65 19 56 29 59 77 93 63 93 30 76 91 41 44 20 51 12 96 7 71 98 51 87
r184 0.916745
18 30 83 45 98 12 10 17 60 31 68 37 21 31 31 47 99 19 83 43 34 31 50 27 31 22 22 77 9 81
15 20 8 93 60 98 97 62 12 58 85 75 87 6 98 15 48 98 29 28 41 58 55 84 77 78 6 94 55 7
r185 0.60271
22 75 52 74 73 50 33 77 5 18 52 87 20 48 98 63 46 24 84 79 75 36 63 52 14 61 47 61 61 19
24 78 87 71 50 57 18 78 35 15 92 79 98 9 27 93 64 65 17 48 42 87 79 97 37 85 59 79 47 20
r186 0.740704
90 77 31 40 32 45 16 62 52 5 38 47 9 61 40 65 23 50 14 60 34 85 58 63 71 14 42 15 29 30
73 16 99 99 52 31 41 63 85 89 60 24 33 64 77 69 29 95 16 35 53 42 21 8 6 84 14 40 94 35
r187 0.97984
46 62 60 93 88 94 53 71 80 10 90 13 69 64 74 91 56 82 23 6 25 36 9 23 17 15 55 11 45 18
67 87 75 28 77 60 22 28 31 94 33 21 7 95 77 77 86 34 59 6 35 76 38 37 94 50 47 50 54 88
r188 0.967076
75 35 41 52 90 55 75 22 49 6 35 52 96 13 26 79 42 80 80 69 57 15 6 48 61 49 90 12 37 50
25 9 80 62 56 68 17 29 85 59 30 17 8 26 25 29 5 59 9 77 26 58 88 27 99 46 68 86 53 5
r189 0.848969
6 14 32 55 77 42 79 59 96 6 72 99 24 89 28 21 46 29 93 67 80 78 89 76 24 58 62 72 55 91
43 54 6 70 9 78 12 80 35 5 81 7 99 5 91 24 18 37 46 8 99 26 82 86 97 6 41 56 71 88
r190 0.6294
42 49 76 46 24 81 26 54 78 99 56 75 96 45 91 14 77 37 18 74 55 95 60 49 93 93 6 61 81 49
67 24 90 41 62 14 19 84 61 92 83 14 67 80 54 59 86 29 88 99 98 44 91 55 88 85 48 89 43 26
r191 0.64358
42 25 47 5 32 61 81 88 50 61 94 15 38 46 66 25 70 54 21 65 90 13 17 79 90 57 65 33 78 96
39 18 18 78 18 45 36 94 30 82 52 25 89 86 63 55 11 33 6 27 90 92 32 99 68 22 56 33 48 31
r192 0.733627
44 40 58 54 77 89 45 8 68 93 25 57 79 83 9 82 13 8 6 95 92 34 94 60 48 47 85 91 73 9
71 15 44 29 64 18 15 7 21 79 95 38 33 71 18 35 50 23 35 51 18 27 80 9 79 29 51 64 20 25
r193 0.564357
32 9 12 88 23 23 90 36 94 82 67 27 53 77 54 98 96 84 47 11 8 27 16 82 48 62 44 61 79 9
44 11 11 52 92 26 67 82 54 61 65 21 80 15 94 35 11 87 16 53 93 20 75 6 97 21 64 38 77 40
r194 0.897052
44 46 65 36 67 32 18 18 85 75 35 66 86 26 93 92 10 9 45 98 24 17 97 19 30 61 52 7 93 87
21 37 33 78 65 92 8 76 11 88 51 38 51 34 56 44 26 61 49 63 56 65 73 53 79 98 11 29 98 5
r195 0.611869
34 39 89 95 31 89 71 34 75 19 67 26 49 23 66 67 76 15 28 33 72 96 81 49 94 85 73 89 85 81
5 16 17 90 11 44 76 74 73 51 86 38 73 32 53 39 94 30 46 19 58 18 15 36 59 7 18 32 91 98
r196 0.862305
12 23 76 15 59 52 85 30 99 68 63 69 95 16 8 86 38 46 6 91 56 13 25 16 12 38 40 96 34 43
85 41 62 61 51 18 13 33 43 9 93 98 73 88 15 73 72 48 16 70 37 68 78 54 76 83 84 16 79 15
r197 0.946506
48 14 22 92 24 27 22 63 32 16 61 97 96 68 68 65 14 79 35 43 44 11 89 20 89 73 29 65 81 76
26 29 85 40 21 9 62 39 64 86 47 26 84 43 86 52 9 95 28 36 35 68 42 24 83 28 90 12 85 71
r198 0.929392
92 65 46 14 67 9 45 31 87 84 49 71 24 33 20 25 25 44 57 56 9 91 75 87 17 65 92 97 33 72
9 26 38 47 32 97 48 69 25 36 53 67 99 69 95 17 90 20 53 44 71 57 35 44 44 44 6 33 42 32
r199 0.707069
53 36 85 77 33 31 46 50 62 91 17 58 60 9 70 47 25 20 86 88 72 19 29 14 58 28 42 92 55 43
35 8 71 18 80 99 44 23 47 98 11 59 53 63 64 24 11 81 39 89 66 9 5 88 18 56 16 55 48 66
r200 0.823088
66 62 86 43 59 30 61 6 25 67 57 73 30 18 89 33 91 26 23 55 30 23 43 40 74 54 90 20 20 78
91 78 38 77 21 89 99 77 87 21 41 44 89 63 55 76 89 43 94 12 93 24 27 36 59 94 82 46 14 94
