200 30 9 1 5
0 0.25
33410 35705 39436 42414 44752 43857 32109 41752 35682 44097 44645 38305 39062 38845 31125 37030 32950 35355 38842 38198 32832 30331 44829 38055 40537 38932 41797 32880 37337 41380
w1 0.5
3247 3937 2756 4014 4042 1965 3123 3794 1647 2573 3439 3952 2635 3636 2077 4017 3586 1784 3860 3136 1616 1543 3317 4023 3080 3250 4172 3313 1939 3553
w2 0.5
4038 2990 2740 3552 2532 3205 2528 2178 3704 3953 4117 3508 2088 3605 4085 1958 2692 1722 1670 1680 2190 1713 3498 1714 3645 2600 1738 2458 3039 3791
w3 0.5
2577 2634 3683 1982 4018 2741 3010 2049 1945 2463 2018 3954 3403 4124 3891 4213 2668 4113 4383 2848 1804 1596 1846 2370 4094 2946 2608 2404 1837 2252
w4 0.5
2915 3738 2883 3749 3608 4124 2259 4157 1921 3574 1676 4375 2829 4300 4119 2543 2468 3732 2426 3816 4388 2875 1515 2610 2821 3313 4071 3725 3651 2175
w5 0.5
2418 4413 4308 1667 3521 3932 2778 3179 4353 1852 3707 1581 3533 3507 4200 1576 1827 3784 2855 4495 4025 1582 1510 2487 2903 3324 2410 2480 2475 3085
r1 0.664011
35 38 7 84 77 5 13 61 14 85 54 92 54 64 56 91 80 16 11 85 15 79 50 93 28 30 65 40 56 31
45 86 61 47 70 39 47 75 92 53 57 46 45 8 7 96 94 82 9 98 65 19 77 15 9 97 37 70 37 88
r2 0.675978
72 54 21 39 88 60 12 80 13 64 23 50 65 25 44 59 5 45 54 62 60 28 69 61 25 6 28 54 87 21
31 59 68 44 93 56 99 5 34 9 62 52 52 27 70 91 78 70 36 30 29 88 53 93 50 74 91 70 28 78
r3 0.840546
37 55 88 28 8 88 25 37 89 79 82 41 6 52 32 77 19 61 7 43 49 55 33 91 26 24 62 47 98 46
94 32 96 82 55 96 67 73 34 54 52 13 90 54 60 20 28 71 73 30 14 22 77 39 11 96 58 68 43 53
r4 0.737131
81 7 13 33 98 76 6 29 27 54 37 14 5 92 26 28 63 94 50 69 17 24 8 20 20 59 83 58 12 92
87 85 91 96 19 89 69 20 19 91 69 51 5 69 41 27 89 99 18 39 66 27 59 66 42 71 25 25 30 30
r5 0.829442
15 5 10 26 87 74 42 6 62 8 49 60 70 85 79 59 82 92 91 48 20 47 14 57 18 32 75 43 54 81
53 64 79 58 86 66 30 25 64 84 28 13 44 93 91 20 50 73 13 41 21 25 80 27 74 93 51 46 34 5
r6 0.750937
62 7 37 45 65 59 65 29 44 85 37 80 76 28 96 26 93 6 59 11 23 39 34 89 32 77 36 61 78 59
40 37 58 70 77 23 29 39 47 65 21 76 46 92 97 39 18 90 37 69 94 55 8 28 44 36 97 72 89 72
r7 0.960469
9 81 92 78 99 21 17 43 82 31 17 25 23 14 56 34 96 88 98 90 40 7 15 76 35 10 49 24 77 72
46 82 54 35 60 50 52 70 86 31 96 98 48 16 9 99 45 97 84 44 85 21 43 92 92 73 97 38 89 75
r8 0.554366
54 57 63 11 99 12 76 85 38 69 80 78 81 81 74 26 79 55 62 64 71 5 53 61 70 51 91 57 23 94
85 72 48 45 78 48 53 52 30 83 21 8 62 97 84 36 21 60 84 75 21 55 73 70 13 43 21 5 95 36
r9 0.598851
8 43 23 78 83 71 30 13 54 47 13 13 41 93 42 57 50 26 33 67 76 6 37 85 41 50 85 34 81 76
8 81 19 26 59 97 89 85 8 44 29 16 49 65 6 86 20 52 12 45 19 81 43 48 63 79 93 45 10 71
r10 0.659389
52 36 32 8 30 22 85 33 58 14 42 7 72 40 89 87 87 93 29 98 74 67 43 37 43 33 74 49 99 91
55 48 24 82 49 49 99 34 75 54 44 14 57 16 49 43 95 34 33 24 32 8 86 68 37 26 96 9 70 96
r11 0.746926
41 19 5 85 60 96 17 35 51 56 44 5 64 86 40 56 20 68 75 44 68 58 12 6 79 9 10 47 97 97
64 38 13 61 21 68 58 33 96 6 81 37 6 42 23 41 93 38 9 68 78 73 23 85 71 97 89 73 41 86
r12 0.51452
22 75 62 35 43 17 60 36 18 41 69 19 78 87 52 71 23 54 36 96 27 54 78 90 48 65 63 82 51 27
80 65 97 42 92 37 52 52 69 65 88 38 77 66 22 26 34 40 75 62 36 94 16 12 84 57 72 44 39 20
r13 0.811353
81 63 53 73 96 97 23 62 60 11 95 37 70 17 55 96 50 31 59 78 25 67 85 7 24 57 46 55 73 10
66 51 65 17 21 58 14 39 20 69 43 15 98 13 25 54 6 70 77 60 48 94 28 31 96 44 83 40 92 53
r14 0.843343
96 7 67 18 61 74 49 76 40 87 84 36 92 6 82 94 68 59 51 16 53 74 42 50 16 23 82 8 68 27
55 65 29 20 75 82 89 24 59 26 9 40 57 96 41 36 87 9 90 39 17 41 10 52 83 21 67 65 21 35
r15 0.66986
95 10 87 70 88 73 87 44 94 91 79 49 84 17 80 72 18 68 8 27 6 13 74 84 27 38 49 43 69 30
15 61 35 94 29 20 67 16 59 59 99 35 5 83 47 77 52 57 42 55 80 43 64 51 27 83 85 68 26 51
r16 0.56264
12 26 28 33 41 88 41 93 44 40 28 44 24 68 18 71 25 56 24 5 94 80 49 19 63 34 79 84 80 70
15 84 88 39 18 26 24 54 19 63 87 43 99 11 11 17 74 31 65 90 29 57 70 70 68 30 99 44 12 76
r17 0.884383
57 94 53 70 21 72 22 35 32 6 73 28 9 76 38 75 5 98 66 26 52 33 91 20 59 90 60 66 63 66
83 20 61 34 83 77 6 97 9 31 98 75 54 7 51 87 77 51 83 43 72 35 69 60 48 28 50 8 86 10
r18 0.665486
26 24 95 9 96 97 6 98 25 96 73 74 98 21 62 75 68 45 16 37 72 80 93 20 5 40 20 86 46 82
52 64 6 48 68 95 42 66 90 62 62 63 36 57 79 90 32 44 32 40 74 5 20 64 17 17 96 33 98 39
r19 0.769342
98 10 91 66 5 33 29 87 90 86 50 23 40 27 11 68 63 38 5 37 35 21 93 48 33 90 73 29 29 77
72 28 82 63 86 80 88 16 67 75 94 15 93 35 37 99 95 95 35 95 30 65 13 23 10 39 13 75 63 35
r20 0.84895
58 32 90 41 12 78 49 71 53 44 81 43 71 18 40 63 11 70 58 36 32 64 54 35 98 60 7 58 87 55
85 42 79 75 78 86 53 28 57 98 64 39 41 32 49 73 90 55 40 45 83 65 9 35 95 7 90 94 60 77
r21 0.518017
19 25 17 89 11 62 17 61 60 73 92 94 5 38 64 90 89 5 33 69 65 37 99 57 37 89 51 89 63 93
32 74 18 44 61 22 7 73 75 59 44 67 50 44 5 15 32 86 12 60 56 69 89 52 26 26 42 69 16 97
r22 0.87098
69 73 82 30 87 81 95 62 38 39 26 80 76 23 87 5 10 94 57 58 63 46 10 84 68 44 51 76 39 13
19 8 78 93 30 65 72 22 27 10 54 48 82 30 67 70 27 69 64 79 24 25 22 26 6 85 66 52 58 97
r23 0.995966
97 36 63 27 97 35 41 21 37 90 62 19 20 26 84 39 87 46 18 11 66 33 29 67 18 87 20 69 84 73
41 81 9 99 5 98 31 42 17 63 32 74 75 45 92 59 79 79 5 90 82 66 23 11 31 33 94 46 97 75
r24 0.960083
57 20 32 54 16 59 91 28 19 21 94 89 58 86 46 37 62 46 24 41 10 42 47 33 68 38 74 65 14 85
96 63 97 29 17 13 80 6 36 94 19 30 84 72 13 30 6 70 68 26 11 70 63 51 98 28 81 69 89 90
r25 0.629805
50 49 8 60 57 83 58 86 78 72 13 59 41 22 81 42 84 46 63 88 17 24 39 12 47 17 74 33 5 25
16 50 66 19 10 21 98 60 7 73 32 12 32 65 26 13 8 11 51 66 91 63 82 27 68 30 39 39 58 39
r26 0.558044
85 23 81 87 39 76 48 38 49 72 45 76 38 67 81 38 70 32 99 61 88 79 83 53 6 19 87 59 54 43
23 36 58 99 23 92 75 63 27 21 33 68 92 66 32 70 99 94 94 95 52 82 71 32 32 72 46 16 29 95
r27 0.548805
28 10 43 47 95 18 7 22 34 35 82 23 93 11 85 89 5 79 82 52 59 53 79 86 26 23 98 47 15 50
89 39 52 32 78 47 42 80 62 68 13 44 86 98 51 68 88 48 47 67 93 6 20 69 85 38 87 80 77 98
r28 0.534679
34 74 90 12 19 32 84 76 92 92 20 78 88 63 43 76 9 86 43 97 84 55 63 69 86 48 49 63 43 71
27 72 43 17 76 57 42 60 33 34 50 45 10 38 6 48 11 10 31 46 99 16 93 59 80 79 7 27 40 45
r29 0.839641
17 33 74 88 82 13 46 15 43 91 53 45 26 54 88 32 56 20 73 52 28 66 11 5 43 11 27 78 51 15
40 61 40 11 49 23 20 90 30 55 78 78 95 99 29 83 28 77 95 93 26 23 60 33 24 95 36 43 73 82
r30 0.597867
43 86 16 85 6 28 72 31 78 51 7 73 47 28 54 71 6 49 64 27 65 21 52 81 16 83 21 81 63 67
86 98 53 95 83 51 23 56 74 97 99 73 67 46 97 21 14 95 63 74 19 25 90 64 6 99 44 22 77 7
r31 0.814047
98 34 56 81 80 71 34 52 65 33 25 33 72 19 46 81 14 9 52 29 29 40 85 27 39 29 45 16 29 26
72 27 56 25 8 33 92 35 80 57 60 98 82 32 17 29 11 27 30 58 48 52 93 30 74 29 54 16 41 75
r32 0.761946
97 86 28 98 16 20 33 92 69 88 87 52 18 99 73 24 23 95 77 66 47 68 91 22 92 43 30 33 18 63
36 13 46 59 11 58 71 36 47 40 24 34 84 34 33 54 53 52 50 28 15 89 91 99 8 83 39 34 14 52
r33 0.968493
60 39 96 63 89 64 94 36 99 16 65 81 45 93 32 91 42 77 19 50 64 10 49 67 85 83 96 94 32 86
36 85 22 29 48 11 88 43 42 85 51 7 66 91 92 90 82 32 65 93 77 29 95 23 91 81 6 88 75 30
r34 0.532199
15 88 36 59 94 22 94 33 7 45 32 68 33 24 55 13 51 20 6 25 44 97 43 36 78 41 21 50 67 87
54 74 75 86 30 66 8 24 94 7 61 26 67 87 42 22 95 86 38 93 11 77 87 50 10 65 86 26 13 50
r35 0.593943
25 77 45 50 43 45 67 34 47 25 52 14 12 87 32 99 73 65 93 76 39 80 26 45 43 10 63 48 52 69
10 69 46 51 17 82 91 76 16 39 96 61 48 6 48 72 5 18 37 90 89 72 68 13 14 8 15 72 51 62
r36 0.592213
29 80 99 41 62 91 17 70 27 10 28 67 11 71 40 9 81 72 94 71 41 59 76 47 62 86 20 10 45 53
59 69 30 58 10 84 46 19 52 68 25 75 36 31 44 71 32 25 40 24 88 74 78 64 21 38 47 36 40 88
r37 0.930701
54 9 53 57 86 91 71 38 60 91 13 88 20 52 56 47 70 91 63 58 65 42 20 79 72 62 12 12 50 89
7 97 91 52 54 77 40 25 15 92 14 20 80 26 65 33 65 35 25 29 85 82 63 5 61 32 63 69 39 10
r38 0.880546
7 43 82 56 20 23 74 27 15 80 43 88 6 8 21 63 35 38 84 17 18 47 18 71 74 73 40 11 78 88
41 81 31 24 34 44 39 5 66 46 80 6 34 78 6 48 42 33 81 23 46 91 63 59 63 37 32 95 40 7
r39 0.949004
83 12 93 15 48 32 15 14 73 88 13 5 66 14 45 5 43 23 24 84 15 82 40 73 16 67 68 49 69 49
26 50 53 19 57 96 43 67 7 16 55 15 13 19 25 53 19 60 72 35 44 82 14 79 52 26 43 17 67 9
r40 0.805985
51 14 99 8 7 42 68 10 50 20 17 56 34 37 9 46 92 73 76 33 52 86 9 99 9 44 17 71 49 70
56 92 77 52 96 79 89 61 81 36 76 94 87 11 28 89 52 18 62 25 46 15 8 48 11 12 87 23 75 33
r41 0.584738
26 63 75 22 42 61 78 21 93 51 15 77 57 38 66 6 51 26 24 90 33 27 38 39 32 25 55 99 54 41
28 72 99 95 86 38 57 64 54 47 12 61 21 62 95 83 60 43 6 79 33 34 99 63 68 31 84 20 27 35
r42 0.757125
7 52 43 88 83 95 49 37 39 53 91 55 15 86 35 71 26 36 47 55 62 46 18 31 69 94 46 92 26 95
39 25 47 74 10 30 69 51 60 5 5 51 56 15 34 83 78 55 17 26 7 74 64 21 97 34 12 41 23 34
r43 0.816998
51 75 29 57 98 90 8 58 91 8 6 44 16 32 27 89 82 39 12 82 11 72 95 8 98 7 44 18 33 72
67 80 48 88 37 46 79 37 96 67 41 94 11 49 26 30 35 5 62 40 82 68 12 77 71 7 77 13 20 10
r44 0.603066
85 28 68 19 66 47 52 59 11 85 53 17 34 71 42 61 72 99 96 51 67 5 29 36 7 6 44 19 8 24
94 86 45 59 5 8 6 49 63 9 34 13 21 60 80 55 22 52 52 15 98 19 16 24 47 15 22 86 30 26
r45 0.808124
12 45 78 9 48 76 54 11 80 80 20 93 41 95 48 55 44 95 65 39 12 76 59 51 87 76 35 14 94 38
30 6 78 5 8 23 76 57 30 53 37 42 43 73 34 83 25 73 76 86 12 83 59 63 31 43 37 61 52 31
r46 0.614889
30 66 77 33 85 50 85 15 95 19 49 38 85 78 22 10 51 90 91 55 70 48 16 96 86 48 58 39 71 49
16 96 13 86 29 93 36 11 5 32 23 49 62 8 27 76 13 70 66 97 25 36 45 33 33 31 76 83 62 48
r47 0.73927
41 37 60 63 30 88 69 30 17 84 71 75 87 93 48 96 60 12 90 78 43 32 11 68 58 83 48 21 28 73
87 64 7 44 27 30 29 89 52 42 73 24 14 58 14 57 51 70 64 41 48 5 68 51 65 23 34 11 36 54
r48 0.510601
16 78 59 35 8 84 21 56 23 87 72 32 45 81 81 91 51 43 32 91 40 92 43 5 15 69 8 44 21 79
59 32 58 16 62 58 95 79 14 15 66 78 39 8 60 20 94 8 58 23 92 90 12 35 88 19 96 91 58 17
r49 0.729743
41 26 29 99 79 21 75 86 28 38 64 62 38 24 77 32 25 33 47 17 23 54 44 11 68 40 95 24 50 66
37 86 87 58 82 66 71 54 49 94 84 14 56 22 30 33 46 50 58 88 62 74 39 98 77 5 36 72 24 81
r50 0.679364
64 19 11 44 78 77 93 27 68 75 36 24 92 62 49 36 12 8 24 67 74 56 65 51 56 96 21 75 74 51
28 39 66 34 75 44 8 68 66 71 40 95 87 33 57 36 61 61 36 80 25 10 36 83 57 84 76 73 59 51
r51 0.661041
82 82 13 57 23 13 22 82 79 58 77 66 83 31 95 44 84 31 21 7 34 50 85 83 34 61 56 89 9 69
68 86 49 74 40 67 82 55 46 59 13 23 25 88 46 17 32 28 44 48 30 73 90 12 56 25 65 9 11 70
r52 0.963102
53 19 45 86 82 28 41 28 79 49 44 96 37 82 14 61 10 53 6 32 23 92 39 71 14 5 75 20 67 45
86 20 60 29 6 39 49 42 59 28 83 98 24 17 78 33 70 80 78 72 13 96 61 44 67 70 41 39 82 5
r53 0.966508
21 37 89 19 71 38 54 27 58 34 26 78 47 96 8 17 76 82 81 81 75 42 23 43 12 59 74 86 57 51
52 73 83 41 84 51 72 38 74 27 65 92 5 12 88 6 21 61 83 98 43 55 40 61 90 45 17 65 28 69
r54 0.79373
39 92 14 21 40 78 51 14 5 16 98 98 20 83 99 37 45 79 35 80 34 67 38 25 9 47 82 33 14 93
5 45 82 14 61 23 87 13 29 85 21 25 83 37 8 79 69 45 58 96 22 84 60 55 6 62 98 80 90 12
r55 0.518268
52 53 97 11 71 84 16 93 69 32 18 49 64 21 28 30 59 78 23 76 60 79 32 61 41 27 42 28 31 10
15 78 58 12 81 27 89 92 20 55 25 33 5 81 46 25 9 5 96 24 77 56 98 6 14 36 28 48 56 54
r56 0.612108
29 12 71 11 34 60 95 46 13 17 74 10 91 17 27 95 18 23 19 87 74 15 88 84 43 13 32 92 59 78
59 80 85 27 86 16 80 79 57 88 91 28 90 82 40 17 74 50 36 89 37 10 96 22 86 36 30 16 28 81
r57 0.894836
62 71 7 45 79 79 24 36 67 16 56 54 90 88 66 65 39 97 51 68 5 47 86 83 78 13 94 99 90 80
78 52 48 77 92 27 56 14 55 20 25 8 69 15 92 33 72 31 27 23 94 27 65 77 8 41 86 94 37 73
r58 0.509834
25 20 85 14 43 38 23 90 54 40 94 20 48 86 45 20 14 68 39 5 87 96 78 90 37 61 85 69 34 57
77 51 72 59 60 12 92 76 95 43 16 89 56 56 72 96 72 78 64 8 78 52 99 56 42 34 14 24 95 43
r59 0.949063
89 46 28 47 50 21 23 42 59 31 31 15 83 95 9 55 73 68 58 52 17 54 5 55 83 15 71 79 50 45
48 40 86 72 79 33 85 97 71 41 28 94 49 11 90 53 58 60 21 13 9 31 63 10 78 46 17 49 25 62
r60 0.723943
94 72 35 73 98 20 67 69 56 91 60 5 94 47 50 50 8 64 58 12 90 21 14 68 60 23 17 77 78 7
43 72 71 73 43 69 88 10 35 42 93 91 39 85 35 85 35 35 49 88 40 39 7 49 7 62 65 16 39 43
r61 0.618443
15 82 48 50 48 34 56 79 71 46 67 10 31 97 87 61 30 36 47 65 70 46 11 69 8 71 81 39 14 88
14 22 70 58 67 19 84 20 90 55 59 54 57 85 48 45 44 73 73 83 38 41 29 45 10 29 16 83 63 23
r62 0.827616
40 39 28 99 50 12 17 37 59 71 86 13 53 35 50 89 8 24 72 39 60 93 76 62 22 84 43 78 7 15
48 39 46 68 39 92 72 51 29 31 19 16 36 67 43 82 57 43 98 26 74 55 20 50 17 34 35 55 12 37
r63 0.755093
72 9 20 8 93 87 51 22 15 65 30 47 32 65 26 81 9 24 8 78 71 20 26 83 49 56 36 54 85 90
98 54 94 19 57 84 6 8 7 14 65 29 56 90 90 74 71 91 90 71 66 61 83 87 41 30 40 69 79 26
r64 0.784286
72 51 88 30 36 87 30 35 96 91 59 49 78 46 23 49 37 13 18 96 66 96 80 7 26 21 69 97 39 29
72 8 72 60 33 8 44 56 35 40 44 90 84 22 33 99 63 63 9 76 59 70 70 39 70 88 52 39 86 83
r65 0.736638
87 32 12 17 33 52 65 63 84 9 50 66 23 79 65 82 42 70 55 93 37 22 29 99 11 77 35 89 57 90
44 44 20 48 54 48 95 19 8 80 24 54 43 39 33 8 21 67 70 69 60 5 86 84 99 92 58 35 81 13
r66 0.658224
52 37 66 6 77 58 21 81 35 37 35 73 71 60 74 85 27 44 54 79 41 40 60 41 30 16 68 8 24 82
23 68 20 84 70 92 39 83 70 67 17 5 40 80 57 11 65 79 48 16 55 84 52 16 22 74 27 82 77 43
r67 0.515291
11 80 76 76 69 13 56 40 75 65 37 12 46 90 19 11 69 62 23 22 46 67 33 64 41 52 46 15 87 11
8 93 83 76 67 53 84 23 85 59 84 22 67 30 12 81 33 74 43 51 91 81 15 21 42 51 65 81 59 52
r68 0.604547
45 68 35 12 18 20 28 98 71 9 17 38 31 25 16 56 91 51 8 82 33 15 95 70 59 60 48 18 9 33
72 49 93 7 54 11 19 74 6 86 75 15 24 98 32 33 54 23 79 54 97 12 65 92 75 24 49 23 34 53
r69 0.694344
95 41 5 46 44 20 17 42 98 87 53 19 85 80 47 36 99 27 86 93 31 51 86 98 67 32 19 96 81 62
97 73 99 94 19 40 11 31 78 9 15 31 24 92 8 63 28 99 85 14 93 17 57 76 15 24 8 29 20 81
r70 0.69557
54 80 9 65 20 12 88 90 14 98 18 33 87 22 88 16 21 74 22 11 83 75 82 90 94 86 17 15 67 96
21 22 73 22 79 88 30 68 76 39 63 89 64 51 11 52 62 25 23 79 31 6 51 14 92 46 95 6 53 59
r71 0.893425
73 70 84 53 55 14 21 31 45 76 21 9 27 24 53 81 41 72 58 65 70 9 74 62 47 66 63 92 22 57
59 91 24 43 44 72 49 57 98 86 33 16 87 56 33 40 34 66 9 87 31 75 89 97 34 36 60 90 29 78
r72 0.901784
69 64 20 13 36 64 65 31 50 90 40 37 46 65 69 76 31 74 60 55 49 49 52 78 81 13 68 7 86 13
82 52 69 97 57 5 58 19 28 5 9 63 34 48 25 98 24 52 69 76 99 15 26 51 86 99 56 51 6 42
r73 0.94056
86 25 74 43 25 32 57 46 29 62 6 58 10 27 53 26 71 20 97 70 30 20 18 16 19 70 60 20 9 19
92 91 40 66 34 57 90 84 98 19 43 97 69 48 24 20 66 87 35 60 57 57 76 70 66 90 37 26 8 42
r74 0.69752
30 69 59 56 24 49 40 19 61 78 16 27 23 35 39 81 19 66 42 71 24 15 39 82 97 68 8 5 10 40
93 35 7 52 87 26 93 24 40 51 98 52 74 18 79 13 95 94 75 34 62 91 44 93 73 41 62 76 39 67
r75 0.845158
95 15 76 79 33 66 98 69 18 93 18 87 12 92 92 99 86 64 33 46 55 69 39 28 7 96 96 38 61 7
62 56 14 38 35 43 5 30 12 15 24 25 94 28 14 86 24 93 51 49 39 98 15 73 27 17 70 20 51 31
r76 0.787553
79 32 44 11 67 41 36 74 51 52 91 45 72 97 28 91 90 71 37 29 70 47 95 89 60 62 9 8 88 24
13 64 51 52 70 18 85 98 84 33 51 72 73 20 66 94 9 57 65 41 78 35 84 70 21 41 32 26 41 17
r77 0.516456
76 88 94 43 98 79 42 79 13 85 48 78 5 14 72 6 63 35 43 42 65 24 9 82 60 37 5 96 49 42
42 26 27 36 64 22 13 98 93 21 83 41 94 81 47 64 82 11 94 25 45 56 41 49 35 96 78 32 89 28
r78 0.975775
46 88 60 7 7 68 6 95 81 81 33 73 62 73 37 45 79 28 62 21 79 99 62 12 92 41 39 79 61 6
8 7 86 60 9 89 26 7 81 7 84 15 75 43 80 9 80 56 32 40 72 9 39 31 13 28 67 47 7 28
r79 0.616556
27 32 63 29 21 84 31 94 83 12 6 56 48 81 60 25 37 85 60 6 86 91 33 94 20 92 38 19 21 79
19 40 11 77 64 24 58 88 15 38 92 17 89 40 93 47 61 31 32 21 32 15 10 57 9 25 50 42 36 63
r80 0.747151
98 21 24 63 37 74 51 48 13 43 60 94 76 50 41 34 76 68 47 6 78 52 58 79 72 5 19 6 63 32
51 62 46 71 25 78 45 68 23 50 8 78 45 79 26 81 10 97 47 53 95 25 5 51 97 70 51 16 71 12
r81 0.81181
69 81 85 86 57 31 51 75 76 54 51 18 31 72 95 36 66 42 84 59 59 82 7 56 52 50 64 20 57 97
37 26 75 23 9 32 46 55 5 19 10 48 33 33 17 25 64 78 62 46 34 18 25 36 70 69 82 31 84 39
r82 0.932727
58 96 36 62 28 74 15 25 89 17 65 19 45 77 39 6 56 96 44 85 11 64 19 73 33 96 5 14 32 25
28 85 21 59 45 42 31 55 59 17 67 25 31 9 97 65 7 50 58 47 33 64 8 47 38 34 43 35 43 70
r83 0.562643
53 69 23 93 8 49 45 62 61 9 82 84 10 77 46 12 27 99 54 55 60 55 97 90 84 37 22 24 5 70
86 53 36 6 43 39 47 83 96 5 84 76 84 89 53 30 96 72 26 48 28 78 98 22 69 82 55 86 6 55
r84 0.687688
5 84 85 43 23 29 23 17 29 7 85 13 88 35 35 84 7 56 32 27 35 27 45 96 9 95 79 8 47 33
84 47 14 67 82 30 91 5 39 21 99 24 26 87 51 54 68 53 10 93 76 37 20 21 33 22 13 10 25 52
r85 0.65284
94 44 71 76 69 60 73 5 76 72 24 94 56 70 48 24 21 51 14 89 83 30 7 14 47 12 16 64 59 46
68 53 82 37 26 49 92 94 49 65 63 66 56 19 36 5 35 49 48 45 38 28 67 37 37 14 44 45 73 98
r86 0.909124
48 66 67 69 15 56 60 59 21 20 25 73 31 54 70 62 95 18 99 31 41 66 63 71 72 8 16 42 98 95
72 44 61 40 10 68 91 66 27 10 78 45 75 10 94 42 67 89 55 63 20 88 26 76 56 93 76 65 35 74
r87 0.95564
15 18 39 21 81 28 82 5 30 60 45 5 62 36 42 29 26 89 84 38 74 10 14 31 98 82 88 30 54 45
30 64 58 64 80 36 84 62 36 14 20 74 14 77 10 48 99 28 34 80 62 9 86 68 32 81 51 20 12 5
r88 0.986907
61 15 90 42 43 75 96 74 84 16 45 91 86 51 36 82 74 66 62 33 67 45 97 91 27 45 8 31 42 60
57 98 67 47 40 10 19 37 76 99 45 22 87 28 68 20 7 39 78 62 68 42 7 62 33 26 7 33 49 41
r89 0.740131
36 55 46 69 60 60 6 34 56 43 51 40 64 19 56 66 50 34 28 18 72 28 75 97 46 74 31 88 12 16
86 44 67 32 13 24 88 11 53 41 46 99 77 10 15 30 69 61 59 89 71 28 17 47 23 56 18 49 44 26
r90 0.937057
65 24 58 70 41 43 76 89 79 22 86 53 28 93 78 92 51 35 81 23 55 91 62 73 47 75 19 83 93 72
13 58 91 66 25 32 6 96 19 78 16 5 31 39 90 10 28 42 40 6 60 87 89 22 61 33 89 75 16 83
r91 0.624218
38 33 83 59 60 85 52 71 63 63 71 86 94 59 91 19 96 28 18 56 16 7 70 69 36 56 41 44 39 81
64 70 14 45 26 66 27 73 38 85 34 6 71 28 60 60 40 56 83 53 9 91 55 71 60 83 28 97 25 59
r92 0.5583
29 84 26 47 50 48 18 83 30 47 82 94 67 42 54 7 94 34 55 95 23 8 67 78 86 90 72 11 49 47
88 71 31 11 18 74 55 31 54 80 70 36 74 38 71 25 40 65 55 88 57 73 91 24 48 74 11 21 78 53
r93 0.74405
24 84 69 34 55 24 58 9 97 25 38 68 58 9 86 91 66 38 79 23 8 67 40 51 41 46 64 19 94 22
74 15 6 44 42 56 60 92 57 54 17 90 23 68 91 6 56 57 39 35 73 42 94 13 88 35 51 50 47 43
r94 0.899005
53 65 57 87 18 18 79 70 67 89 58 82 54 49 83 10 99 19 37 69 56 31 77 42 61 25 84 5 63 51
19 14 13 71 96 26 84 73 88 49 59 46 28 13 88 9 18 84 23 50 53 72 76 30 14 34 50 93 32 11
r95 0.855036
20 49 17 16 67 94 81 55 40 40 94 60 48 82 61 61 66 77 8 19 49 79 41 55 11 83 45 38 89 81
79 6 27 88 18 86 82 91 38 19 32 32 75 75 14 36 34 72 10 37 83 54 14 21 6 20 5 46 50 86
r96 0.628106
88 43 14 98 29 89 89 63 8 21 90 75 89 97 9 20 66 14 52 50 61 58 66 62 70 63 9 20 47 28
41 35 67 51 30 88 37 19 48 37 33 36 13 19 30 14 34 91 23 78 38 79 37 97 39 7 57 43 20 99
r97 0.66374
34 27 99 59 16 33 71 56 66 96 87 74 15 17 80 41 6 98 19 36 75 48 33 14 51 86 49 63 82 12
16 17 35 16 68 43 41 36 91 7 32 79 73 42 88 53 78 89 49 90 23 24 38 51 30 81 34 74 44 17
r98 0.721527
26 10 64 86 45 5 23 37 5 47 16 73 85 96 24 60 83 68 47 6 84 81 49 14 59 79 80 99 88 58
52 11 61 13 92 6 10 12 38 10 55 46 76 37 43 95 89 23 63 37 24 47 15 68 53 69 44 30 65 29
r99 0.610134
35 41 22 25 40 28 29 73 33 79 17 9 13 52 96 98 70 56 32 86 98 42 54 48 11 91 73 69 20 51
78 48 87 96 68 27 24 92 93 52 69 7 54 77 54 47 75 21 99 7 7 94 41 53 43 45 44 13 14 57
r100 0.867592
5 44 83 68 63 7 57 56 52 26 55 98 96 6 45 71 22 44 71 21 39 12 70 74 52 11 79 58 63 36
46 63 75 29 28 38 29 81 87 73 99 42 71 95 44 13 64 58 50 32 75 81 39 42 52 84 48 31 42 12
r101 0.828088
70 34 7 94 68 31 72 52 96 68 86 64 64 30 72 25 81 19 52 56 95 83 93 47 64 41 71 7 45 33
79 13 60 81 7 28 9 71 72 5 39 58 64 95 81 37 17 62 51 64 18 44 45 8 83 9 41 54 8 82
r102 0.535551
87 40 64 86 63 69 57 32 69 88 85 31 81 66 63 93 25 11 55 35 47 95 38 31 96 72 80 5 51 60
80 38 95 41 24 55 7 73 82 72 61 65 95 42 28 58 33 49 61 83 76 9 75 15 32 68 79 12 65 30
r103 0.639512
60 60 82 76 13 81 49 87 53 10 52 45 45 73 95 70 19 57 53 90 58 25 97 82 88 76 89 51 98 51
91 55 12 70 31 17 52 75 99 97 78 49 43 20 19 38 85 33 87 35 23 42 55 21 24 40 89 11 86 85
r104 0.648635
40 61 42 67 73 89 39 70 84 14 16 24 29 30 57 14 55 42 44 70 79 91 83 96 29 73 7 12 55 59
82 90 18 25 54 86 11 86 53 90 95 61 11 25 86 64 31 38 98 68 9 74 56 87 70 80 57 72 88 12
r105 0.786543
95 42 84 49 25 91 32 74 78 28 32 85 45 19 46 68 49 44 36 53 15 88 41 81 65 93 50 50 98 74
18 93 13 97 42 34 85 67 5 64 90 32 46 32 43 87 95 88 28 29 38 38 17 71 19 74 65 62 25 60
r106 0.969637
53 42 29 87 68 15 54 68 74 41 92 20 68 33 99 64 18 27 88 51 57 97 23 69 68 80 31 85 40 59
20 85 96 45 72 64 55 24 29 26 60 19 38 29 44 37 85 57 56 70 5 10 64 23 74 32 95 97 15 32
r107 0.695116
17 50 67 82 12 19 6 36 40 58 47 70 79 86 99 64 40 55 31 41 58 87 56 32 17 52 30 27 79 79
52 89 29 17 71 36 31 69 65 67 27 12 34 7 91 34 63 28 81 87 64 39 74 21 67 86 65 89 13 41
r108 0.842718
30 92 70 93 26 96 62 86 60 85 90 90 84 78 24 47 7 5 34 66 40 6 79 99 87 41 85 96 78 50
54 5 39 21 94 60 17 53 46 70 38 37 57 19 15 76 59 14 73 85 76 10 86 52 6 74 89 86 67 64
r109 0.544057
64 68 34 58 28 43 12 70 10 42 99 62 54 11 35 13 21 9 93 89 11 80 38 10 51 24 88 18 83 22
28 45 85 57 95 13 92 99 75 98 39 71 60 88 75 91 96 88 92 86 74 95 63 12 5 14 29 89 24 12
r110 0.729349
49 91 96 45 96 89 44 72 87 78 40 44 66 15 32 59 98 24 46 69 20 6 77 20 16 98 6 35 7 12
75 52 95 71 92 92 60 36 61 44 12 96 81 73 9 13 30 99 33 68 69 45 69 43 57 80 41 59 13 43
r111 0.909903
90 59 51 82 51 9 16 9 48 23 97 26 88 6 35 18 98 60 81 67 5 51 10 54 28 43 13 36 81 72
16 69 31 63 48 74 67 59 78 12 74 75 34 63 74 64 73 72 24 55 39 21 6 41 70 29 76 76 58 57
r112 0.765675
23 74 32 67 48 91 23 23 99 93 93 33 53 67 89 26 39 10 73 70 26 74 8 88 96 79 61 51 34 9
17 52 75 45 16 20 33 35 38 32 25 29 60 70 91 46 91 28 51 65 90 69 36 94 58 29 70 19 75 99
r113 0.760288
49 91 30 60 9 55 87 42 83 12 66 40 74 55 82 66 75 33 28 65 98 59 56 53 81 24 64 53 23 77
38 64 66 60 25 70 16 9 9 94 14 71 31 83 23 13 46 93 39 69 55 34 26 9 79 7 28 43 55 43
r114 0.515817
8 79 46 25 49 57 29 53 48 38 21 75 19 36 80 60 26 19 30 77 48 51 78 27 50 6 63 97 44 76
83 47 55 30 64 96 79 89 46 28 24 60 95 38 91 75 94 18 87 21 87 32 67 65 55 14 66 15 11 7
r115 0.610185
47 35 17 11 31 91 92 69 16 17 29 8 47 21 79 38 31 63 54 18 90 18 78 45 27 41 52 34 43 35
24 85 65 33 92 88 24 84 58 33 93 79 36 41 95 12 74 26 70 26 36 61 39 14 98 62 47 48 91 86
r116 0.626937
68 38 40 57 26 56 42 76 81 32 56 15 65 48 22 37 67 85 58 98 43 92 10 38 51 52 78 39 35 54
46 99 87 78 56 10 32 90 82 13 23 35 23 80 78 38 17 42 20 70 41 55 60 43 88 11 87 67 46 23
r117 0.661168
19 5 63 70 7 87 61 81 92 76 16 16 53 87 46 66 29 61 36 62 16 88 5 96 95 88 60 41 8 73
25 22 70 80 87 73 64 45 54 57 18 63 65 67 50 11 33 74 64 61 37 72 50 34 68 42 22 26 78 22
r118 0.956545
39 62 73 24 32 37 64 78 89 75 41 54 42 83 57 67 58 21 25 87 88 67 21 54 9 36 75 79 53 66
75 88 25 45 9 52 77 68 31 64 40 64 15 74 48 68 41 98 81 59 85 67 26 6 21 31 34 88 7 83
r119 0.940712
68 72 22 72 24 92 37 47 56 73 9 63 47 52 31 81 50 13 40 32 75 61 30 88 84 60 76 87 40 27
61 8 94 76 72 16 68 9 58 21 74 59 79 22 11 8 98 53 13 35 77 80 88 8 68 73 60 41 57 95
r120 0.619192
95 55 86 67 63 54 68 18 67 43 73 44 57 76 47 55 30 52 82 99 32 70 99 92 40 59 30 92 51 85
8 43 37 89 7 95 41 71 14 5 14 79 44 66 55 83 18 77 32 92 77 59 62 76 48 98 33 73 87 79
r121 0.898085
20 88 77 22 84 15 88 90 12 94 69 49 57 21 29 67 94 57 59 68 13 19 44 54 14 69 27 96 46 78
84 61 67 58 78 51 65 64 38 72 55 99 21 13 20 43 72 14 95 29 77 5 43 19 54 52 83 77 45 29
r122 0.551386
85 19 79 61 62 41 22 95 14 72 94 27 77 12 62 50 21 57 71 91 55 14 10 9 58 88 78 95 15 31
22 92 45 96 53 5 35 70 95 41 43 87 60 17 94 23 59 12 75 30 98 27 36 5 32 86 89 10 82 96
r123 0.944501
88 74 92 42 74 27 9 66 63 44 50 24 57 41 42 16 49 14 39 44 37 70 45 61 57 31 66 39 27 95
35 15 66 27 49 37 50 51 98 10 90 46 29 44 82 63 53 31 70 84 71 7 54 13 63 8 39 26 39 58
r124 0.759125
68 79 92 15 16 39 58 12 44 45 53 66 85 35 29 35 59 94 19 27 93 65 35 53 66 66 72 5 24 85
67 84 62 56 94 70 90 49 77 31 90 27 92 72 55 19 7 14 10 18 33 99 75 63 52 41 29 21 39 45
r125 0.860611
29 61 57 21 31 44 65 6 67 55 25 57 24 75 71 23 81 76 36 14 72 12 69 22 45 90 38 79 35 37
80 60 93 34 76 25 70 41 23 35 89 43 87 13 16 55 32 92 28 60 7 96 64 68 18 10 59 48 84 86
r126 0.621866
43 74 91 19 91 59 53 14 89 39 50 73 44 61 28 71 50 48 29 49 44 88 18 54 93 69 98 78 55 76
40 94 50 28 10 39 79 55 45 65 89 90 38 34 48 58 97 94 7 23 43 46 12 53 93 97 22 88 72 70
r127 0.832788
61 11 33 63 45 9 19 86 70 5 73 8 31 22 62 26 13 61 44 48 7 48 97 92 46 16 80 15 78 41
20 36 48 45 95 85 49 11 71 19 8 42 20 35 59 74 53 64 35 92 12 34 38 6 27 76 18 99 86 88
r128 0.735847
25 78 46 17 63 91 20 32 7 23 69 19 50 25 88 98 81 20 91 88 50 26 90 69 97 5 65 83 88 98
85 10 73 28 22 34 16 34 61 19 53 27 30 98 44 16 97 25 31 85 10 73 11 95 42 5 92 5 83 78
r129 0.650265
83 69 92 98 98 5 32 56 19 80 75 42 76 16 53 73 33 76 55 38 50 58 31 84 58 23 84 41 96 80
7 77 46 91 75 41 91 99 89 8 77 61 45 53 72 90 23 5 66 73 38 16 28 64 96 81 80 77 19 73
r130 0.784445
50 92 9 25 33 93 22 19 96 94 75 38 47 47 28 65 44 86 35 75 98 55 36 91 33 16 65 47 85 20
61 35 9 62 53 38 55 67 52 48 61 25 81 8 64 6 65 9 88 92 79 83 44 12 71 72 24 36 19 6
r131 0.566658
33 53 32 78 86 82 45 35 31 6 55 9 6 20 8 63 21 88 52 92 71 91 99 42 60 20 73 75 18 22
44 47 67 71 22 53 51 60 80 74 58 33 78 60 45 78 20 58 66 65 50 37 56 46 71 14 62 45 84 72
r132 0.827002
16 26 89 34 71 40 89 48 14 47 73 84 99 18 63 17 68 29 77 18 62 30 60 33 39 19 70 20 86 26
41 98 44 30 29 15 65 15 56 71 57 29 55 54 40 18 66 8 43 43 22 97 68 74 27 5 85 90 20 68
r133 0.954679
63 53 75 84 63 40 94 16 8 52 41 59 98 76 72 64 79 12 99 93 9 67 64 29 64 46 16 80 12 24
30 70 72 6 55 36 38 46 47 42 93 80 96 88 56 68 52 33 73 51 23 74 16 80 98 75 26 11 52 33
r134 0.563763
96 98 79 48 31 17 89 71 54 80 51 47 68 5 13 18 30 81 64 48 55 75 25 51 48 47 57 92 72 83
70 65 82 46 13 13 56 95 76 7 75 28 50 40 25 58 53 50 36 15 90 86 82 16 37 30 55 87 20 27
r135 0.813682
85 49 29 93 55 77 85 31 79 57 51 26 93 71 76 43 21 12 53 9 94 36 20 28 58 70 15 73 89 78
56 74 27 80 65 74 57 47 6 33 5 52 55 93 24 31 36 37 36 82 41 30 18 53 50 68 23 58 42 10
r136 0.656812
76 52 67 38 27 24 81 28 49 81 72 99 71 88 28 99 26 59 81 59 81 91 13 28 57 28 78 91 33 11
81 7 59 48 37 78 64 18 98 13 91 70 10 59 59 30 59 77 81 37 36 62 26 44 82 75 68 61 66 96
r137 0.516648
95 23 90 33 96 51 43 94 59 35 62 61 86 21 86 45 93 67 75 29 26 93 69 6 68 34 62 34 30 26
73 23 42 63 51 35 11 86 27 65 18 84 24 5 97 7 42 87 67 17 16 88 7 77 89 70 11 48 96 34
r138 0.548549
49 9 29 95 39 35 78 58 93 92 42 17 92 39 19 34 23 81 44 32 67 46 9 53 14 13 94 10 39 61
75 80 65 99 72 96 35 50 55 28 42 89 37 34 26 48 64 44 27 5 71 86 46 73 39 55 78 33 58 17
r139 0.582025
89 51 29 61 45 59 11 95 79 49 81 13 78 7 57 39 47 76 39 18 62 78 86 93 30 64 24 83 73 10
13 62 54 38 23 94 89 30 86 66 71 67 71 46 70 25 81 14 96 17 27 55 87 11 49 15 70 68 90 41
r140 0.966084
95 24 34 16 18 20 38 96 81 9 61 53 50 28 70 28 37 67 38 56 22 22 62 63 32 30 31 23 63 97
19 58 21 48 69 32 63 7 25 42 8 81 87 51 6 57 74 38 21 12 87 36 30 49 94 54 71 26 72 34
r141 0.608013
88 36 31 54 60 87 54 81 26 57 59 13 8 61 62 75 91 79 79 78 15 6 28 6 56 94 27 25 26 42
9 11 71 32 57 28 16 11 6 37 61 61 42 61 19 97 33 10 76 13 84 83 14 9 81 62 95 9 80 21
r142 0.862274
27 11 13 80 32 22 83 33 54 41 86 89 98 5 86 31 11 59 36 87 39 43 91 20 97 86 21 77 8 60
58 27 63 64 99 90 81 80 21 32 21 7 21 16 8 99 40 11 58 68 93 89 11 84 10 9 67 26 81 67
r143 0.908001
90 39 96 86 26 77 63 42 9 80 45 23 88 45 22 25 48 76 89 41 65 95 22 67 96 84 86 75 52 64
12 39 95 8 22 22 77 81 59 81 58 96 99 43 38 22 64 81 90 50 22 52 45 36 20 39 18 6 14 65
r144 0.746528
96 58 21 15 72 93 88 28 71 46 22 71 82 55 85 46 37 75 91 51 27 33 83 42 64 96 40 73 58 98
86 51 53 99 61 22 92 50 45 64 88 59 32 70 15 17 13 44 84 96 90 8 30 70 43 89 63 78 60 18
r145 0.776433
64 23 43 23 40 32 65 78 88 50 37 20 18 44 29 26 83 10 23 71 14 45 41 52 31 97 30 83 15 96
27 72 19 65 87 52 89 49 27 78 94 56 90 9 96 17 31 79 22 46 50 28 83 84 75 14 81 98 93 91
r146 0.996412
60 10 74 47 54 63 91 73 38 86 30 29 90 26 38 18 97 55 56 45 79 39 29 51 46 7 49 36 93 40
48 54 43 22 96 89 77 85 63 16 68 85 40 55 8 70 69 5 22 22 42 96 57 66 45 95 68 86 31 59
r147 0.613368
10 59 85 98 48 62 83 8 73 51 85 10 7 88 72 68 86 90 85 28 86 39 87 28 31 55 15 54 11 34
25 16 85 7 12 33 65 90 34 35 39 19 38 41 8 10 6 89 95 86 14 79 23 96 99 49 49 14 99 55
r148 0.827328
64 25 24 71 51 81 58 80 13 92 91 43 30 91 49 31 77 41 15 87 17 33 83 17 74 29 26 70 80 59
84 41 76 5 9 27 78 62 99 86 52 91 30 77 79 71 9 57 9 16 44 22 41 24 34 15 49 52 78 26
r149 0.854921
62 83 59 63 7 37 22 99 20 69 87 42 47 66 13 48 23 18 59 59 32 95 79 61 7 28 13 77 46 17
36 5 92 90 63 94 24 80 93 40 50 77 77 89 44 83 37 62 93 88 22 22 80 93 78 82 18 83 60 59
r150 0.734671
59 87 79 19 79 95 94 69 35 41 47 10 30 86 85 59 45 75 47 59 92 27 52 67 7 62 50 59 21 46
47 72 30 23 86 9 19 78 71 49 19 15 51 45 96 33 96 38 8 44 90 92 63 39 59 65 97 10 21 15
r151 0.624535
83 73 82 66 75 96 44 46 43 59 53 86 96 46 17 92 79 17 36 69 10 92 6 61 54 98 66 71 13 11
35 88 80 14 55 52 8 91 90 43 50 43 26 46 84 38 36 63 51 67 30 53 56 31 14 11 26 73 77 31
r152 0.662245
20 56 18 67 8 18 58 93 56 6 36 78 44 20 16 75 76 59 40 98 12 91 26 22 97 47 90 71 70 66
75 82 23 86 49 26 99 5 20 53 6 48 28 45 61 36 18 34 91 53 32 98 41 50 17 39 89 99 7 59
r153 0.883363
42 81 61 83 7 57 83 19 10 81 63 33 24 21 62 37 50 53 82 74 48 23 24 58 54 13 57 57 64 20
32 6 96 88 85 96 45 65 15 48 47 70 73 63 86 35 95 33 83 74 7 29 92 23 82 47 28 36 96 88
r154 0.644231
89 45 13 71 38 50 37 49 93 76 16 67 39 95 97 31 28 78 97 28 99 89 43 78 33 67 14 26 55 55
49 41 93 54 10 31 5 39 75 93 15 84 57 46 79 52 69 7 30 63 27 26 49 66 99 78 30 10 96 80
r155 0.771523
18 54 95 23 80 92 54 53 86 64 37 43 7 16 90 68 15 17 31 35 38 76 93 34 51 23 40 47 95 93
85 10 47 78 29 24 70 75 69 53 37 6 92 39 14 79 5 22 92 28 52 27 96 42 57 44 60 89 84 55
r156 0.5983
60 29 44 81 45 12 57 15 60 86 13 49 25 23 26 22 37 15 46 81 37 39 23 86 79 78 75 63 30 57
29 82 78 66 61 24 70 15 31 27 96 39 72 18 54 90 36 83 5 74 64 37 10 82 21 84 57 91 44 79
r157 0.822287
59 21 32 20 37 94 27 63 21 23 95 85 33 46 75 61 30 75 32 89 10 38 69 23 19 26 14 59 98 52
25 57 69 49 72 98 40 91 62 56 11 54 42 39 95 17 96 25 85 28 15 87 61 76 10 76 94 16 32 92
r158 0.973867
49 30 90 18 28 30 9 82 81 15 36 20 47 29 30 43 49 15 63 56 94 22 32 99 90 27 15 22 16 71
63 58 93 53 71 19 78 73 93 56 80 27 72 24 51 94 62 95 6 23 49 95 40 73 94 27 92 6 41 9
r159 0.892104
62 60 52 30 71 27 95 65 75 73 87 44 92 38 38 52 30 39 70 74 34 7 48 25 29 40 24 65 41 86
64 98 46 13 26 18 32 21 75 99 89 62 44 79 92 74 31 22 14 96 89 40 95 34 58 24 66 77 81 8
r160 0.901671
98 6 47 21 16 74 38 86 70 24 45 14 95 34 81 26 49 90 19 38 27 14 64 80 30 30 57 11 30 17
45 29 16 87 45 27 58 75 11 29 92 51 35 87 78 16 11 27 98 25 60 26 32 21 6 57 46 56 61 69
r161 0.834824
90 79 86 32 99 44 8 10 65 92 53 96 76 31 12 82 53 11 8 10 29 32 26 30 81 65 81 42 34 47
41 24 23 24 51 22 63 51 24 29 40 70 22 17 96 26 94 47 29 94 49 53 26 68 76 8 33 57 42 59
r162 0.578775
75 20 94 23 37 55 67 54 76 7 24 93 16 17 19 11 56 44 97 6 89 21 69 65 21 94 20 58 50 16
31 22 31 25 40 61 75 99 15 51 99 31 41 15 43 56 18 95 92 16 93 78 29 59 44 45 53 59 95 95
r163 0.987802
17 94 47 49 52 19 46 59 63 45 85 99 55 28 52 66 20 41 77 13 20 6 67 59 43 17 15 38 9 77
60 18 68 99 60 20 18 6 74 76 46 59 76 93 80 25 59 95 62 33 6 77 31 65 33 69 75 43 8 79
r164 0.762457
93 81 59 50 96 72 51 68 46 89 27 19 79 99 39 39 92 96 64 93 70 91 58 98 57 30 38 57 10 48
17 95 29 68 45 22 41 88 82 79 74 10 93 53 6 32 84 93 26 49 86 91 37 42 87 86 67 25 44 69
r165 0.511702
61 89 22 98 9 55 86 86 34 60 88 24 11 90 51 90 83 69 36 67 58 68 6 45 52 65 62 91 35 28
41 88 14 58 87 18 13 70 97 39 28 82 58 34 72 7 24 53 68 56 20 26 21 18 63 68 78 26 56 10
r166 0.664176
94 55 48 81 66 54 48 60 88 71 42 44 5 15 46 22 60 14 73 72 33 86 85 91 52 63 17 5 69 55
93 63 11 39 41 69 88 81 29 73 53 63 17 53 70 58 70 30 65 40 97 93 24 82 84 71 46 94 71 12
r167 0.854895
67 52 96 5 18 81 81 39 54 34 98 67 83 68 22 50 94 79 83 88 72 7 71 54 73 14 45 41 21 89
95 83 39 88 83 52 69 64 87 21 91 82 83 71 50 97 21 41 77 99 30 46 98 93 92 68 7 37 10 20
r168 0.78963
95 55 86 75 7 55 39 86 71 30 65 51 96 13 46 15 46 20 11 71 58 10 61 51 73 60 80 75 75 99
73 67 54 59 42 54 11 77 37 75 99 98 23 93 8 64 5 49 79 11 18 38 13 74 81 82 32 61 54 7
r169 0.680231
67 9 78 9 55 85 78 88 60 78 83 78 68 86 40 68 32 16 71 45 46 80 17 27 59 44 81 13 43 39
36 10 40 14 15 91 91 88 79 48 63 59 24 28 42 59 88 69 67 60 15 14 37 24 33 91 63 14 96 98
r170 0.815853
9 81 39 16 72 27 99 48 71 60 7 90 83 41 49 69 10 13 29 17 22 58 33 51 46 91 57 42 90 95
67 91 76 98 7 45 25 98 85 91 58 84 81 39 25 27 8 27 36 29 40 50 82 68 93 25 57 51 62 44
r171 0.563929
35 16 24 37 56 45 35 41 36 86 22 15 25 42 34 25 64 62 46 96 13 25 62 6 45 19 49 7 55 87
29 85 98 48 19 51 85 49 84 22 32 6 29 49 40 55 69 5 18 15 93 23 35 55 21 75 66 63 75 21
r172 0.960992
98 46 44 17 89 30 59 71 44 86 69 65 36 10 20 97 7 30 10 95 48 40 48 65 13 11 28 83 25 70
79 23 13 20 33 95 45 84 66 81 70 32 46 98 37 62 93 36 87 98 29 33 35 72 90 43 75 18 23 95
r173 0.692028
16 89 15 41 81 52 25 47 31 87 74 72 83 9 31 76 40 16 74 61 44 9 30 34 45 6 44 60 93 24
55 9 10 62 42 86 11 62 30 37 47 97 10 30 98 33 6 35 44 72 92 80 73 22 14 15 20 50 71 14
r174 0.914641
15 72 77 53 56 83 12 78 18 54 75 20 76 70 48 74 6 88 46 93 65 17 12 75 27 28 25 90 37 87
10 44 57 82 92 13 66 5 86 76 51 59 91 28 29 39 97 30 24 41 20 85 50 25 57 69 45 74 60 74
r175 0.952297
18 16 45 11 24 8 8 7 79 51 61 70 74 83 9 69 10 26 7 26 11 52 43 60 21 83 34 73 57 88
36 70 99 76 73 20 79 73 23 58 25 79 28 91 59 29 57 65 47 59 83 53 11 26 10 25 6 40 93 58
r176 0.905201
25 25 5 91 40 76 64 58 34 81 35 54 70 89 76 27 54 23 82 37 69 85 55 74 10 56 14 96 11 35
22 32 55 20 20 87 91 76 46 23 58 73 72 28 59 48 47 14 64 29 43 33 12 94 7 14 47 14 10 54
r177 0.589214
78 88 43 90 75 31 66 21 49 21 86 22 41 46 62 84 52 23 10 90 51 17 81 51 27 26 60 29 72 96
52 50 84 87 40 56 19 98 70 63 20 56 77 56 97 37 40 49 55 46 37 99 55 15 50 74 33 10 99 5
r178 0.91859
50 79 33 82 35 47 81 5 7 93 54 77 49 48 11 85 90 61 28 27 60 75 34 10 50 63 12 46 63 7
89 11 78 19 85 11 61 63 8 61 56 57 38 6 6 41 83 91 97 8 15 55 78 41 57 28 96 62 66 57
r179 0.950826
60 40 70 45 46 29 6 46 82 57 99 17 55 97 53 38 85 50 41 95 97 17 33 55 37 30 17 99 79 73
55 39 13 22 79 51 43 80 93 25 35 89 34 85 86 82 21 71 30 54 63 27 66 88 77 99 15 86 98 89
r180 0.625295
28 62 64 5 14 5 77 99 25 9 85 55 90 71 34 11 39 59 57 94 82 24 79 56 20 90 40 18 79 92
60 5 54 21 97 60 21 74 56 42 79 41 89 66 9 23 69 40 75 26 31 57 42 11 10 57 96 42 67 72
r181 0.893769
69 81 44 66 38 60 38 87 94 14 28 80 72 30 96 38 65 71 59 92 25 94 95 27 51 88 65 16 57 91
35 27 72 74 85 8 32 20 90 23 26 15 96 93 40 92 31 98 60 83 87 77 77 82 99 25 67 64 36 24
r182 0.565287
43 22 38 29 25 62 41 12 78 63 23 74 53 55 63 80 50 20 60 37 92 34 16 91 51 78 53 80 95 6
47 38 23 77 62 41 37 99 48 15 59 66 81 12 19 41 84 64 56 44 94 48 70 10 36 22 81 84 97 76
r183 0.774206
14 98 15 69 39 47 65 82 54 24 46 32 31 57 68 16 21 21 52 15 61 23 18 93 37 94 74 31 67 54
67 76 52 74 42 83 22 7 65 68 23 8 96 50 60 61 58 77 78 7 84 36 25 97 26 54 88 96 80 55
r184 0.662423
29 94 19 66 77 33 66 39 96 84 40 89 31 95 51 84 69 26 87 51 57 9 48 79 56 37 72 36 84 16
73 13 7 84 72 76 17 38 15 10 19 47 95 46 43 43 27 9 64 11 52 18 16 96 89 67 30 58 95 11
r185 0.8923
20 71 49 84 44 61 22 55 67 33 94 59 74 37 97 94 39 58 5 86 71 13 79 58 72 6 16 68 13 78
33 25 46 78 9 86 36 23 38 98 51 32 54 23 62 51 14 93 9 14 79 73 23 56 31 90 54 42 55 62
r186 0.619185
79 59 59 83 42 90 98 75 86 50 7 40 65 61 84 74 54 88 80 31 61 98 79 87 86 33 27 41 91 39
22 70 90 73 51 32 61 49 99 47 91 99 79 53 60 63 24 15 49 5 38 10 95 17 90 81 45 17 20 33
r187 0.871379
96 36 8 44 63 64 88 63 8 77 62 79 30 19 40 50 26 84 47 59 86 42 68 76 21 11 85 36 39 31
62 32 62 65 71 22 26 57 80 26 31 39 98 53 54 38 98 75 22 45 32 8 80 95 77 96 6 62 32 38
r188 0.620861
62 47 52 31 65 70 80 42 89 11 74 87 59 28 25 55 95 39 92 24 42 72 17 16 65 15 71 89 48 56
76 8 96 28 31 61 90 11 95 76 14 69 63 68 89 80 20 82 19 10 6 54 74 18 62 40 29 33 29 69
r189 0.767583
69 81 25 95 39 13 6 31 84 15 93 45 76 82 22 88 61 34 93 60 80 65 73 42 97 94 71 26 61 53
24 30 34 41 23 65 46 24 91 28 32 84 65 5 64 82 88 25 16 79 80 88 41 51 31 38 42 97 56 95
r190 0.972234
23 76 14 41 41 52 57 29 75 84 14 40 81 73 20 67 90 31 43 68 20 79 16 43 17 53 37 68 46 79
41 64 55 47 5 88 94 57 17 67 39 23 99 17 88 19 79 79 43 22 44 55 93 55 93 7 5 30 68 46
r191 0.879971
10 56 48 7 41 39 57 53 98 88 69 98 5 57 17 77 33 55 91 72 10 85 27 98 84 28 25 52 66 26
53 69 77 96 71 18 33 25 64 31 13 33 29 11 82 39 83 16 89 71 83 92 53 8 87 38 28 13 85 89
r192 0.970731
58 9 32 27 19 57 47 75 84 53 5 10 59 83 44 39 91 31 7 74 23 56 74 7 86 97 15 71 84 42
7 39 43 32 61 54 84 6 30 68 54 30 71 10 10 12 41 96 35 43 68 53 94 42 56 80 37 63 49 21
r193 0.651943
52 40 75 11 90 60 12 17 25 58 42 91 60 45 96 96 41 31 39 6 77 31 41 30 8 73 88 52 86 83
93 35 23 68 41 10 28 45 22 49 98 57 37 58 97 33 51 35 60 86 37 37 14 73 62 17 43 47 62 26
r194 0.900739
56 46 23 93 51 44 38 66 88 34 23 22 84 17 51 36 47 8 19 76 37 28 46 91 40 84 35 94 7 61
49 59 99 65 52 47 9 82 10 89 16 28 11 96 37 54 29 77 57 43 53 86 66 95 77 98 76 13 93 79
r195 0.797772
35 62 7 79 9 11 61 15 92 70 35 99 66 68 53 90 45 8 33 90 89 91 82 67 89 56 72 82 35 38
25 62 92 24 41 96 28 97 8 20 67 39 16 30 99 65 17 41 68 42 28 57 30 11 21 20 62 85 97 89
r196 0.53596
51 12 36 87 9 59 81 9 71 46 43 83 71 39 45 81 75 13 20 96 62 46 7 76 61 64 61 55 50 77
67 96 84 98 83 85 54 61 90 22 7 30 5 71 65 42 52 37 50 64 30 10 10 32 78 63 88 39 19 38
r197 0.702366
34 90 76 14 75 27 71 62 41 73 85 42 41 47 76 85 79 27 50 10 29 52 34 7 16 23 38 27 53 47
5 83 34 73 89 9 95 57 64 36 28 49 70 64 91 47 50 67 66 92 69 87 44 99 86 55 19 24 77 67
r198 0.783093
47 92 47 34 94 39 86 55 68 14 99 38 71 87 77 18 54 40 10 24 24 49 20 10 97 31 27 74 90 85
49 35 75 91 64 69 31 47 24 94 54 20 29 25 7 99 38 53 36 40 69 56 84 84 58 81 12 80 53 98
r199 0.92085
33 38 85 89 99 13 36 20 7 85 35 29 7 34 25 37 82 56 72 52 9 54 33 63 35 41 43 80 36 6
74 64 39 60 50 38 65 81 53 65 64 80 89 66 14 14 99 92 62 68 44 67 22 72 30 50 10 68 30 41
r200 0.560669
97 6 57 47 37 22 26 85 82 82 66 68 45 72 74 41 64 37 10 5 99 27 70 26 72 75 86 95 14 53
92 11 55 49 51 87 63 69 69 43 51 32 11 91 5 81 30 61 15 35 62 11 54 29 32 24 96 18 19 10
