200 30 3 1 20
0 0.25
30006 34621 36381 30816 34198 32534 39216 33786 41831 38096 32162 40682 31680 33387 40692 37746 39171 30138 39797 41885 36984 40116 40721 38277 33364 43300 33792 39794 40741 44430
w1 0.5
3247 2552 4087 4415 4102 3622 1632 1888 3805 4080 4050 2839 2761 1789 1884 1859 2312 2022 2656 2549 3006 3772 4271 2635 4488 2571 3780 2282 1664 3210
w2 0.5
3763 1614 4076 3679 1568 3550 4163 2309 2855 3743 2211 1547 2356 2501 1931 2715 3665 2453 4223 1715 4311 3847 1838 2798 3836 3261 2078 1618 3426 4141
w3 0.5
2689 1607 1536 2220 1676 3586 1883 2485 2294 4479 3548 2341 2687 1549 2772 3903 4067 4077 3978 1634 4240 3326 1972 2538 2662 3733 3117 2780 2659 3110
w4 0.5
4201 3217 3276 2273 3393 2714 2657 1730 3508 2988 3779 4349 4175 4180 2973 3930 4099 2902 3409 4233 2642 2235 1705 3681 3749 4291 2650 2381 2450 4260
w5 0.5
2503 2977 3249 3277 2223 4464 1786 2805 3824 3626 2436 4026 3301 2469 2499 3084 2068 3902 2345 1802 2396 3432 2359 1577 2681 2150 3079 3562 3453 2839
w6 0.5
4456 1669 2637 3585 2744 2953 3871 4049 2278 3349 1986 1804 2503 2955 3155 4087 3875 2909 2284 4177 3806 4216 2389 4235 2749 3039 2815 2163 2344 1506
w7 0.5
2653 2027 2689 1738 3271 4142 4462 3173 1920 3311 4011 2224 4314 2818 3880 4253 2193 2289 2037 2223 1947 1753 3464 1683 3002 2003 3350 3666 3200 3356
w8 0.5
4353 4236 1906 1591 3007 1901 1553 2032 2321 3717 1543 3398 3531 3213 3130 3285 3907 4271 3822 1982 1719 4428 3946 2254 2930 1801 4104 2448 3501 3312
w9 0.5
3354 3400 2424 3798 2260 3177 4203 2792 3999 3420 3188 3249 2452 1901 2231 1589 1660 2002 3911 2494 2573 4191 1940 3679 2622 2594 3635 3922 1947 2448
w10 0.5
4154 1700 2717 3452 2460 4394 3155 3753 4245 2076 2441 2994 3380 3194 3725 3469 3355 1580 3232 1701 2653 2924 2142 2185 4398 3588 4320 4172 4035 2620
w11 0.5
3689 2821 2682 2993 3781 2576 1649 3386 2322 2577 1679 4168 1809 3374 3746 3778 2581 3826 2862 2782 2331 1638 3776 3016 1536 3216 2837 4209 2752 3957
w12 0.5
2293 2630 2356 4139 1912 3784 1640 3798 1606 3069 3978 1627 3378 3204 3873 3008 1637 3551 4370 2919 4382 1861 2548 2899 2249 4264 1588 2310 2868 4397
w13 0.5
4014 2528 3192 3653 2940 2477 3793 2590 2935 2714 2420 3062 1592 4476 2435 3100 1613 4486 3322 3033 1721 4035 4433 3472 1785 4197 3912 2595 2566 3809
w14 0.5
2432 1837 2124 1585 3629 3101 4230 2072 1889 2444 2992 3451 2888 2969 1739 1840 3434 2077 3662 2319 2298 3550 2252 1622 3835 2302 4034 2282 3720 3344
w15 0.5
1652 4033 2191 2089 3515 3792 2171 4087 1533 3115 2931 3485 1855 1752 4076 2195 3687 1653 1709 1506 2804 3759 2611 2926 3446 3413 2813 4229 2633 1657
w16 0.5
2785 1542 1634 3726 3557 4279 4397 3144 4312 3364 1576 3649 3719 2180 3225 1766 4367 3379 1975 4374 2035 1587 2837 3813 3533 1750 2126 3262 2883 2635
w17 0.5
1520 2678 3192 3746 2087 2971 3643 4084 3136 2859 1512 2285 2078 2192 4011 2344 2060 3242 3171 2286 4129 3258 3623 3442 2292 3873 4069 4054 2608 2556
w18 0.5
2980 4086 1657 2226 1674 3480 1721 4258 2116 3432 4270 3254 4010 1962 3117 2206 2874 1859 3877 3660 1840 2988 3135 3782 3780 2860 3703 3686 3968 1760
w19 0.5
2448 1698 2308 3526 2224 4288 4099 1982 2257 3031 2104 4011 2893 2919 2628 3951 1645 3339 3681 3806 3679 2169 2793 3313 1801 4154 2517 3987 3622 3129
w20 0.5
1923 3679 2798 4301 4404 2939 3901 1886 3696 2784 2843 3207 4178 1614 1687 3629 1759 3526 2810 4417 3057 3831 2711 1870 4132 2365 3239 3972 1839 1868
r1 0.889287
68 8 16 22 94 47 50 45 71 5 59 91 99 96 73 71 57 30 50 94 22 31 49 39 53 6 53 80 34 96
39 39 39 39 39 39 39 39 39 39 39 39 39 39 39 39 39 39 39 39 39 39 39 39 39 39 39 39 39 39
r2 0.832388
50 13 90 89 56 35 61 56 86 49 53 82 22 21 39 48 66 30 62 90 71 96 43 72 47 20 99 43 55 93
36 36 36 36 36 36 36 36 36 36 36 36 36 36 36 36 36 36 36 36 36 36 36 36 36 36 36 36 36 36
r3 0.504442
23 87 55 50 45 8 36 89 53 18 9 66 49 49 33 74 11 23 42 99 58 15 46 74 14 81 26 99 17 23
95 95 95 95 95 95 95 95 95 95 95 95 95 95 95 95 95 95 95 95 95 95 95 95 95 95 95 95 95 95
r4 0.928341
47 77 50 48 13 40 96 26 41 63 70 85 88 41 91 8 79 90 61 86 37 32 92 18 53 88 28 72 84 55
77 77 77 77 77 77 77 77 77 77 77 77 77 77 77 77 77 77 77 77 77 77 77 77 77 77 77 77 77 77
r5 0.844913
28 74 41 60 68 60 93 28 27 78 13 64 66 16 40 56 72 23 85 5 15 96 50 98 21 22 82 71 92 11
96 96 96 96 96 96 96 96 96 96 96 96 96 96 96 96 96 96 96 96 96 96 96 96 96 96 96 96 96 96
r6 0.530471
38 72 45 90 62 65 17 40 73 73 6 84 10 54 54 28 37 51 38 33 96 37 49 16 16 17 8 19 14 20
92 92 92 92 92 92 92 92 92 92 92 92 92 92 92 92 92 92 92 92 92 92 92 92 92 92 92 92 92 92
r7 0.586757
34 34 46 95 46 78 65 17 76 47 22 30 93 46 59 41 79 87 34 13 33 45 25 46 45 36 52 60 28 91
41 41 41 41 41 41 41 41 41 41 41 41 41 41 41 41 41 41 41 41 41 41 41 41 41 41 41 41 41 41
r8 0.938246
79 50 63 57 12 75 33 51 93 56 44 39 15 80 15 95 15 24 25 52 41 66 93 72 15 50 93 6 87 48
23 23 23 23 23 23 23 23 23 23 23 23 23 23 23 23 23 23 23 23 23 23 23 23 23 23 23 23 23 23
r9 0.929895
82 21 97 54 46 49 44 94 85 75 7 66 86 97 73 7 22 25 40 81 18 9 91 64 97 90 51 45 13 14
35 35 35 35 35 35 35 35 35 35 35 35 35 35 35 35 35 35 35 35 35 35 35 35 35 35 35 35 35 35
r10 0.902379
33 39 69 74 78 60 59 51 62 22 34 56 90 36 74 16 68 52 29 72 40 88 67 30 36 12 36 43 40 20
65 65 65 65 65 65 65 65 65 65 65 65 65 65 65 65 65 65 65 65 65 65 65 65 65 65 65 65 65 65
r11 0.539273
31 39 30 87 90 76 46 13 7 98 98 35 69 11 98 21 36 67 56 21 34 79 50 39 12 88 74 27 53 39
74 74 74 74 74 74 74 74 74 74 74 74 74 74 74 74 74 74 74 74 74 74 74 74 74 74 74 74 74 74
r12 0.632869
96 64 60 69 10 68 71 5 64 6 69 67 96 85 98 63 39 17 93 15 62 29 22 50 98 41 95 37 15 72
7 7 7 7 7 7 7 7 7 7 7 7 7 7 7 7 7 7 7 7 7 7 7 7 7 7 7 7 7 7
r13 0.745863
62 75 36 28 46 36 84 44 98 51 40 80 47 99 16 59 89 26 18 18 40 63 13 77 55 45 87 25 44 91
50 50 50 50 50 50 50 50 50 50 50 50 50 50 50 50 50 50 50 50 50 50 50 50 50 50 50 50 50 50
r14 0.641736
78 23 10 12 7 49 10 51 85 85 90 81 97 46 67 20 59 77 56 19 85 33 69 30 17 86 66 8 37 64
67 67 67 67 67 67 67 67 67 67 67 67 67 67 67 67 67 67 67 67 67 67 67 67 67 67 67 67 67 67
r15 0.8467
72 22 82 18 24 30 95 10 20 76 99 61 40 19 20 17 70 31 97 95 96 24 13 79 85 16 16 50 75 24
30 30 30 30 30 30 30 30 30 30 30 30 30 30 30 30 30 30 30 30 30 30 30 30 30 30 30 30 30 30
r16 0.901615
12 58 58 35 53 63 50 27 59 9 62 73 21 75 44 48 72 39 41 92 44 20 77 56 32 24 28 48 49 71
81 81 81 81 81 81 81 81 81 81 81 81 81 81 81 81 81 81 81 81 81 81 81 81 81 81 81 81 81 81
r17 0.955129
39 81 74 94 31 96 53 32 59 24 49 34 60 92 98 94 30 87 36 45 62 87 69 81 15 17 28 78 91 74
99 99 99 99 99 99 99 99 99 99 99 99 99 99 99 99 99 99 99 99 99 99 99 99 99 99 99 99 99 99
r18 0.591168
71 22 78 67 67 8 23 86 52 49 46 41 48 38 66 35 69 11 89 53 73 71 60 85 91 36 73 62 32 96
14 14 14 14 14 14 14 14 14 14 14 14 14 14 14 14 14 14 14 14 14 14 14 14 14 14 14 14 14 14
r19 0.793957
87 63 74 87 81 58 39 31 96 72 71 34 35 98 95 39 88 45 12 56 98 89 47 31 63 6 55 56 15 54
66 66 66 66 66 66 66 66 66 66 66 66 66 66 66 66 66 66 66 66 66 66 66 66 66 66 66 66 66 66
r20 0.630188
40 82 90 93 18 21 90 86 87 21 18 83 14 52 71 51 59 27 46 46 66 72 6 67 25 57 77 74 23 68
83 83 83 83 83 83 83 83 83 83 83 83 83 83 83 83 83 83 83 83 83 83 83 83 83 83 83 83 83 83
r21 0.578086
73 49 64 87 36 47 71 52 60 54 58 10 25 10 61 44 48 7 10 18 8 69 38 57 43 12 75 12 87 31
54 54 54 54 54 54 54 54 54 54 54 54 54 54 54 54 54 54 54 54 54 54 54 54 54 54 54 54 54 54
r22 0.653348
18 44 8 57 16 52 15 62 8 20 83 10 73 27 53 73 30 66 76 94 99 34 38 8 6 42 87 29 91 45
93 93 93 93 93 93 93 93 93 93 93 93 93 93 93 93 93 93 93 93 93 93 93 93 93 93 93 93 93 93
r23 0.972072
93 59 89 43 66 52 46 81 35 51 52 54 96 25 79 63 93 71 59 24 9 60 26 46 47 47 37 84 41 39
66 66 66 66 66 66 66 66 66 66 66 66 66 66 66 66 66 66 66 66 66 66 66 66 66 66 66 66 66 66
r24 0.867982
55 72 57 7 15 36 34 58 83 84 55 8 60 15 96 31 66 21 35 26 39 73 66 81 8 50 19 42 16 46
33 33 33 33 33 33 33 33 33 33 33 33 33 33 33 33 33 33 33 33 33 33 33 33 33 33 33 33 33 33
r25 0.669939
83 66 26 19 93 79 97 77 31 97 37 38 90 61 5 11 91 23 42 62 84 21 65 32 35 99 40 73 30 99
84 84 84 84 84 84 84 84 84 84 84 84 84 84 84 84 84 84 84 84 84 84 84 84 84 84 84 84 84 84
r26 0.830366
10 24 56 81 18 30 13 15 59 46 5 20 43 9 9 62 43 66 43 59 28 70 87 27 11 60 49 7 41 57
65 65 65 65 65 65 65 65 65 65 65 65 65 65 65 65 65 65 65 65 65 65 65 65 65 65 65 65 65 65
r27 0.511344
18 25 89 43 30 96 98 68 94 18 12 98 22 66 41 80 9 93 8 72 77 28 75 37 72 77 71 27 43 14
95 95 95 95 95 95 95 95 95 95 95 95 95 95 95 95 95 95 95 95 95 95 95 95 95 95 95 95 95 95
r28 0.90622
82 95 56 78 90 25 69 8 29 67 23 87 6 98 88 91 99 60 68 27 35 97 91 13 68 15 48 78 11 96
9 9 9 9 9 9 9 9 9 9 9 9 9 9 9 9 9 9 9 9 9 9 9 9 9 9 9 9 9 9
r29 0.536378
61 60 78 78 30 79 7 92 97 86 90 92 74 81 88 32 46 12 59 44 99 64 12 11 12 85 17 6 90 97
89 89 89 89 89 89 89 89 89 89 89 89 89 89 89 89 89 89 89 89 89 89 89 89 89 89 89 89 89 89
r30 0.526468
65 26 83 41 25 72 35 11 60 24 77 38 13 9 80 20 64 24 16 28 28 23 33 14 32 34 96 30 20 44
80 80 80 80 80 80 80 80 80 80 80 80 80 80 80 80 80 80 80 80 80 80 80 80 80 80 80 80 80 80
r31 0.724939
60 18 85 29 45 88 84 65 65 23 73 70 95 88 31 19 97 54 39 20 82 48 47 13 41 69 26 77 49 98
42 42 42 42 42 42 42 42 42 42 42 42 42 42 42 42 42 42 42 42 42 42 42 42 42 42 42 42 42 42
r32 0.531648
24 31 54 9 15 19 70 30 87 37 25 73 63 36 67 14 71 82 89 16 26 97 50 91 23 27 37 19 62 39
28 28 28 28 28 28 28 28 28 28 28 28 28 28 28 28 28 28 28 28 28 28 28 28 28 28 28 28 28 28
r33 0.579789
74 83 72 89 50 98 73 82 20 43 42 49 10 51 20 84 37 28 11 35 73 97 50 96 31 64 55 65 84 33
27 27 27 27 27 27 27 27 27 27 27 27 27 27 27 27 27 27 27 27 27 27 27 27 27 27 27 27 27 27
r34 0.894802
95 45 61 93 15 40 10 54 74 54 56 23 66 41 55 87 47 85 60 41 33 53 67 89 8 30 74 37 52 30
45 45 45 45 45 45 45 45 45 45 45 45 45 45 45 45 45 45 45 45 45 45 45 45 45 45 45 45 45 45
r35 0.807794
99 37 77 39 43 28 11 89 80 29 53 18 79 40 60 62 95 93 90 46 57 79 49 82 50 78 32 75 24 74
39 39 39 39 39 39 39 39 39 39 39 39 39 39 39 39 39 39 39 39 39 39 39 39 39 39 39 39 39 39
r36 0.598297
17 51 44 40 57 33 17 81 78 30 61 18 82 23 11 75 13 52 30 84 93 9 35 69 36 7 85 8 42 5
12 12 12 12 12 12 12 12 12 12 12 12 12 12 12 12 12 12 12 12 12 12 12 12 12 12 12 12 12 12
r37 0.575364
48 86 9 76 96 82 52 26 43 65 6 61 71 76 66 20 98 48 11 8 78 75 36 77 60 39 16 57 46 62
8 8 8 8 8 8 8 8 8 8 8 8 8 8 8 8 8 8 8 8 8 8 8 8 8 8 8 8 8 8
r38 0.997832
9 63 42 87 15 60 30 72 61 84 41 35 47 56 33 90 62 33 65 34 65 40 89 99 51 43 43 14 47 29
55 55 55 55 55 55 55 55 55 55 55 55 55 55 55 55 55 55 55 55 55 55 55 55 55 55 55 55 55 55
r39 0.594404
89 35 91 49 58 64 11 39 5 41 78 53 66 66 13 95 28 42 60 63 29 59 15 67 94 21 11 24 68 55
8 8 8 8 8 8 8 8 8 8 8 8 8 8 8 8 8 8 8 8 8 8 8 8 8 8 8 8 8 8
r40 0.57065
92 98 40 53 6 74 53 39 50 98 6 16 11 96 39 49 56 95 70 12 10 37 7 23 44 23 83 94 23 37
76 76 76 76 76 76 76 76 76 76 76 76 76 76 76 76 76 76 76 76 76 76 76 76 76 76 76 76 76 76
r41 0.869841
14 63 34 80 13 68 30 12 69 38 15 62 73 56 18 68 26 23 70 56 22 85 95 40 68 86 55 97 59 66
29 29 29 29 29 29 29 29 29 29 29 29 29 29 29 29 29 29 29 29 29 29 29 29 29 29 29 29 29 29
r42 0.965538
55 46 32 24 71 36 85 7 46 48 75 95 58 40 21 76 7 72 90 87 64 30 52 50 78 49 7 44 70 67
62 62 62 62 62 62 62 62 62 62 62 62 62 62 62 62 62 62 62 62 62 62 62 62 62 62 62 62 62 62
r43 0.838169
89 42 77 22 27 79 64 67 51 59 26 83 72 94 85 42 85 69 6 12 21 49 85 62 51 26 29 15 81 47
24 24 24 24 24 24 24 24 24 24 24 24 24 24 24 24 24 24 24 24 24 24 24 24 24 24 24 24 24 24
r44 0.547668
93 85 9 69 46 71 17 97 92 95 69 87 77 11 69 46 10 76 59 54 59 18 97 77 42 12 58 82 28 26
66 66 66 66 66 66 66 66 66 66 66 66 66 66 66 66 66 66 66 66 66 66 66 66 66 66 66 66 66 66
r45 0.879596
70 82 52 42 94 49 31 89 15 15 66 19 79 9 24 53 63 73 9 76 70 81 16 77 40 93 6 58 56 19
64 64 64 64 64 64 64 64 64 64 64 64 64 64 64 64 64 64 64 64 64 64 64 64 64 64 64 64 64 64
r46 0.741093
13 58 88 54 81 78 64 92 41 78 68 46 94 18 9 67 22 78 34 96 86 12 36 76 10 86 29 21 50 48
15 15 15 15 15 15 15 15 15 15 15 15 15 15 15 15 15 15 15 15 15 15 15 15 15 15 15 15 15 15
r47 0.500376
99 9 83 74 65 72 15 41 40 56 35 51 58 98 65 33 32 61 19 36 89 87 38 75 16 55 25 60 62 75
58 58 58 58 58 58 58 58 58 58 58 58 58 58 58 58 58 58 58 58 58 58 58 58 58 58 58 58 58 58
r48 0.678301
38 35 42 7 46 78 43 94 13 86 49 8 51 77 36 13 88 64 94 75 98 70 87 50 87 44 12 60 97 66
36 36 36 36 36 36 36 36 36 36 36 36 36 36 36 36 36 36 36 36 36 36 36 36 36 36 36 36 36 36
r49 0.629773
73 35 39 48 70 34 57 56 75 57 8 53 85 13 41 50 7 14 45 69 96 87 57 40 94 17 34 60 45 62
54 54 54 54 54 54 54 54 54 54 54 54 54 54 54 54 54 54 54 54 54 54 54 54 54 54 54 54 54 54
r50 0.767645
88 59 60 19 13 17 90 66 17 40 51 22 73 93 24 82 35 86 75 22 43 15 14 52 45 66 89 99 20 5
92 92 92 92 92 92 92 92 92 92 92 92 92 92 92 92 92 92 92 92 92 92 92 92 92 92 92 92 92 92
r51 0.712059
53 17 62 62 7 25 71 39 69 88 13 62 9 87 90 90 63 12 30 73 18 77 15 80 67 15 92 64 99 93
18 18 18 18 18 18 18 18 18 18 18 18 18 18 18 18 18 18 18 18 18 18 18 18 18 18 18 18 18 18
r52 0.667568
76 11 10 96 74 45 65 62 50 25 64 37 15 54 92 19 77 66 33 54 73 13 18 83 5 75 80 91 88 29
94 94 94 94 94 94 94 94 94 94 94 94 94 94 94 94 94 94 94 94 94 94 94 94 94 94 94 94 94 94
r53 0.86226
99 58 7 41 20 62 86 40 26 21 47 72 13 59 49 71 87 96 42 92 11 22 89 78 97 77 67 24 71 28
49 49 49 49 49 49 49 49 49 49 49 49 49 49 49 49 49 49 49 49 49 49 49 49 49 49 49 49 49 49
r54 0.89461
51 9 97 10 88 34 28 9 74 93 14 33 39 78 17 32 20 6 36 37 90 14 32 68 76 51 36 97 95 99
78 78 78 78 78 78 78 78 78 78 78 78 78 78 78 78 78 78 78 78 78 78 78 78 78 78 78 78 78 78
r55 0.899475
72 46 92 7 69 96 73 59 7 6 94 80 15 26 92 16 54 27 98 64 54 63 37 97 95 34 89 94 13 29
98 98 98 98 98 98 98 98 98 98 98 98 98 98 98 98 98 98 98 98 98 98 98 98 98 98 98 98 98 98
r56 0.942206
90 79 37 83 49 91 86 50 82 63 57 6 53 68 55 75 67 19 26 30 52 23 22 81 9 17 86 33 12 64
96 96 96 96 96 96 96 96 96 96 96 96 96 96 96 96 96 96 96 96 96 96 96 96 96 96 96 96 96 96
r57 0.884522
33 78 88 21 61 35 96 25 85 97 70 53 52 45 17 64 63 40 13 78 57 89 82 66 73 12 74 37 8 69
72 72 72 72 72 72 72 72 72 72 72 72 72 72 72 72 72 72 72 72 72 72 72 72 72 72 72 72 72 72
r58 0.546085
57 50 6 85 46 26 70 40 88 20 84 30 30 48 88 65 53 66 19 40 48 78 13 55 49 45 56 18 14 84
57 57 57 57 57 57 57 57 57 57 57 57 57 57 57 57 57 57 57 57 57 57 57 57 57 57 57 57 57 57
r59 0.790846
58 52 72 76 19 9 64 34 89 89 59 34 74 21 83 40 36 20 80 11 28 33 55 65 84 65 74 68 22 38
95 95 95 95 95 95 95 95 95 95 95 95 95 95 95 95 95 95 95 95 95 95 95 95 95 95 95 95 95 95
r60 0.604034
64 49 96 69 11 28 55 92 82 81 67 96 61 7 29 76 83 35 96 13 85 61 92 50 33 60 64 66 52 37
49 49 49 49 49 49 49 49 49 49 49 49 49 49 49 49 49 49 49 49 49 49 49 49 49 49 49 49 49 49
r61 0.539338
42 78 82 65 30 74 45 11 41 41 65 41 65 41 21 92 38 29 74 91 21 21 24 73 80 83 23 15 29 32
89 89 89 89 89 89 89 89 89 89 89 89 89 89 89 89 89 89 89 89 89 89 89 89 89 89 89 89 89 89
r62 0.996731
71 29 32 42 66 35 76 7 95 17 64 34 33 53 64 54 27 55 70 43 72 40 23 55 58 30 76 82 16 39
84 84 84 84 84 84 84 84 84 84 84 84 84 84 84 84 84 84 84 84 84 84 84 84 84 84 84 84 84 84
r63 0.503015
13 22 26 44 93 25 36 10 84 62 35 37 26 84 56 77 51 94 49 83 18 96 39 43 72 21 55 8 6 34
64 64 64 64 64 64 64 64 64 64 64 64 64 64 64 64 64 64 64 64 64 64 64 64 64 64 64 64 64 64
r64 0.853712
85 50 41 11 79 43 87 41 70 22 63 51 73 40 97 68 81 78 78 74 17 18 43 33 65 46 31 92 7 38
40 40 40 40 40 40 40 40 40 40 40 40 40 40 40 40 40 40 40 40 40 40 40 40 40 40 40 40 40 40
r65 0.724303
74 94 62 17 78 99 83 95 62 34 66 94 29 34 72 7 12 43 16 22 81 41 83 24 68 75 27 6 12 12
81 81 81 81 81 81 81 81 81 81 81 81 81 81 81 81 81 81 81 81 81 81 81 81 81 81 81 81 81 81
r66 0.692918
44 91 76 40 74 69 94 5 35 85 26 61 54 25 68 92 36 82 70 73 65 89 38 37 13 36 45 20 17 26
18 18 18 18 18 18 18 18 18 18 18 18 18 18 18 18 18 18 18 18 18 18 18 18 18 18 18 18 18 18
r67 0.986094
87 88 83 56 79 81 86 64 99 47 18 25 12 7 53 86 72 23 52 59 56 81 67 87 26 80 97 45 90 50
54 54 54 54 54 54 54 54 54 54 54 54 54 54 54 54 54 54 54 54 54 54 54 54 54 54 54 54 54 54
r68 0.658488
35 33 18 13 16 78 12 55 88 32 59 91 78 46 63 96 90 19 50 71 82 34 93 59 31 35 49 77 84 27
16 16 16 16 16 16 16 16 16 16 16 16 16 16 16 16 16 16 16 16 16 16 16 16 16 16 16 16 16 16
r69 0.577892
26 24 61 96 32 16 85 56 71 73 34 14 33 28 99 48 73 70 27 7 60 81 31 90 30 8 72 52 16 83
97 97 97 97 97 97 97 97 97 97 97 97 97 97 97 97 97 97 97 97 97 97 97 97 97 97 97 97 97 97
r70 0.773658
58 34 32 69 16 83 37 81 15 43 14 38 42 57 8 10 79 7 65 60 33 53 83 36 25 32 47 8 29 77
8 8 8 8 8 8 8 8 8 8 8 8 8 8 8 8 8 8 8 8 8 8 8 8 8 8 8 8 8 8
r71 0.836872
32 49 19 16 78 95 23 22 6 56 59 59 56 64 35 58 27 88 87 75 71 20 92 98 63 95 25 37 96 7
40 40 40 40 40 40 40 40 40 40 40 40 40 40 40 40 40 40 40 40 40 40 40 40 40 40 40 40 40 40
r72 0.819094
51 36 27 43 54 44 44 7 95 95 58 57 31 14 76 19 96 51 82 13 43 77 68 35 97 5 28 5 40 52
45 45 45 45 45 45 45 45 45 45 45 45 45 45 45 45 45 45 45 45 45 45 45 45 45 45 45 45 45 45
r73 0.613115
67 26 32 8 66 34 99 61 85 53 84 91 29 95 84 75 77 92 15 55 61 42 52 61 66 49 94 15 90 77
90 90 90 90 90 90 90 90 90 90 90 90 90 90 90 90 90 90 90 90 90 90 90 90 90 90 90 90 90 90
r74 0.768218
22 58 59 49 54 17 31 99 97 22 28 89 6 95 67 93 10 19 54 44 63 13 10 10 99 20 92 73 8 46
69 69 69 69 69 69 69 69 69 69 69 69 69 69 69 69 69 69 69 69 69 69 69 69 69 69 69 69 69 69
r75 0.542558
28 66 47 41 92 46 35 14 69 24 15 61 86 6 63 97 55 8 58 60 13 63 59 26 55 33 26 93 97 43
87 87 87 87 87 87 87 87 87 87 87 87 87 87 87 87 87 87 87 87 87 87 87 87 87 87 87 87 87 87
r76 0.614542
31 59 94 73 89 9 39 13 16 96 92 17 59 86 65 62 44 22 68 7 77 86 54 7 12 45 99 50 29 19
52 52 52 52 52 52 52 52 52 52 52 52 52 52 52 52 52 52 52 52 52 52 52 52 52 52 52 52 52 52
r77 0.604356
47 28 59 48 63 65 56 56 54 66 15 40 31 70 80 48 38 79 22 21 31 24 28 68 21 70 92 35 20 47
6 6 6 6 6 6 6 6 6 6 6 6 6 6 6 6 6 6 6 6 6 6 6 6 6 6 6 6 6 6
r78 0.821257
60 99 31 22 55 79 71 18 89 12 44 56 84 85 89 60 99 7 86 24 27 54 37 93 43 67 10 86 68 61
54 54 54 54 54 54 54 54 54 54 54 54 54 54 54 54 54 54 54 54 54 54 54 54 54 54 54 54 54 54
r79 0.799621
77 43 12 56 12 26 42 16 62 94 95 44 80 52 44 83 36 60 10 82 92 95 26 59 5 12 25 58 58 43
18 18 18 18 18 18 18 18 18 18 18 18 18 18 18 18 18 18 18 18 18 18 18 18 18 18 18 18 18 18
r80 0.617861
23 83 85 44 22 96 98 16 88 43 89 38 82 72 69 39 74 51 31 70 72 82 67 76 7 26 31 45 36 58
24 24 24 24 24 24 24 24 24 24 24 24 24 24 24 24 24 24 24 24 24 24 24 24 24 24 24 24 24 24
r81 0.922956
6 90 56 98 89 64 83 29 53 21 8 22 85 42 92 34 68 59 98 50 26 75 50 44 6 87 73 57 8 27
90 90 90 90 90 90 90 90 90 90 90 90 90 90 90 90 90 90 90 90 90 90 90 90 90 90 90 90 90 90
r82 0.855426
43 5 96 5 80 25 50 97 25 65 79 62 57 13 27 13 12 72 34 79 19 71 77 7 44 34 7 63 22 12
73 73 73 73 73 73 73 73 73 73 73 73 73 73 73 73 73 73 73 73 73 73 73 73 73 73 73 73 73 73
r83 0.768011
66 54 85 83 5 79 8 65 55 62 19 61 84 27 65 54 53 44 68 24 18 67 60 45 70 24 59 74 89 16
79 79 79 79 79 79 79 79 79 79 79 79 79 79 79 79 79 79 79 79 79 79 79 79 79 79 79 79 79 79
r84 0.993546
61 36 63 37 40 28 87 94 39 45 79 61 10 33 14 46 93 31 60 61 86 97 28 7 56 97 92 64 73 45
27 27 27 27 27 27 27 27 27 27 27 27 27 27 27 27 27 27 27 27 27 27 27 27 27 27 27 27 27 27
r85 0.639904
85 63 10 10 48 5 44 88 79 5 91 9 12 37 97 35 89 55 21 86 78 21 39 76 10 96 46 50 23 73
20 20 20 20 20 20 20 20 20 20 20 20 20 20 20 20 20 20 20 20 20 20 20 20 20 20 20 20 20 20
r86 0.989476
26 11 76 26 51 62 97 48 53 6 52 85 98 82 72 54 96 58 29 17 90 5 22 86 44 64 9 17 79 10
45 45 45 45 45 45 45 45 45 45 45 45 45 45 45 45 45 45 45 45 45 45 45 45 45 45 45 45 45 45
r87 0.826425
19 23 60 76 20 5 29 21 53 11 17 32 78 63 28 34 84 40 21 85 54 7 29 18 8 38 93 14 75 90
20 20 20 20 20 20 20 20 20 20 20 20 20 20 20 20 20 20 20 20 20 20 20 20 20 20 20 20 20 20
r88 0.825384
72 62 26 72 83 40 22 90 49 50 65 9 70 91 88 11 12 70 57 14 94 71 15 29 61 21 5 48 36 86
57 57 57 57 57 57 57 57 57 57 57 57 57 57 57 57 57 57 57 57 57 57 57 57 57 57 57 57 57 57
r89 0.669196
76 75 32 16 90 19 60 40 77 64 7 65 52 13 73 23 63 79 14 34 89 36 87 7 36 35 38 19 85 41
63 63 63 63 63 63 63 63 63 63 63 63 63 63 63 63 63 63 63 63 63 63 63 63 63 63 63 63 63 63
r90 0.599264
88 72 99 99 32 36 73 88 35 39 37 44 9 55 7 83 62 33 70 93 20 72 26 47 11 40 32 44 96 88
50 50 50 50 50 50 50 50 50 50 50 50 50 50 50 50 50 50 50 50 50 50 50 50 50 50 50 50 50 50
r91 0.756491
46 77 84 74 51 69 10 82 7 46 86 54 45 69 13 73 36 6 85 9 24 32 12 57 57 48 53 45 94 31
98 98 98 98 98 98 98 98 98 98 98 98 98 98 98 98 98 98 98 98 98 98 98 98 98 98 98 98 98 98
r92 0.9971
79 12 51 46 17 33 48 58 19 94 98 81 8 68 14 6 50 15 26 74 19 78 31 63 28 69 54 54 67 86
54 54 54 54 54 54 54 54 54 54 54 54 54 54 54 54 54 54 54 54 54 54 54 54 54 54 54 54 54 54
r93 0.833993
6 84 10 31 29 60 43 21 55 24 24 23 30 22 68 41 43 43 55 18 66 15 38 35 64 84 94 51 39 35
41 41 41 41 41 41 41 41 41 41 41 41 41 41 41 41 41 41 41 41 41 41 41 41 41 41 41 41 41 41
r94 0.68992
44 63 41 99 6 54 55 22 73 70 48 90 36 81 31 71 36 41 37 47 75 65 8 59 59 51 90 89 88 27
6 6 6 6 6 6 6 6 6 6 6 6 6 6 6 6 6 6 6 6 6 6 6 6 6 6 6 6 6 6
r95 0.878705
39 28 81 88 75 99 61 43 44 48 74 25 71 45 53 10 74 92 77 39 96 33 94 47 24 80 35 43 81 59
23 23 23 23 23 23 23 23 23 23 23 23 23 23 23 23 23 23 23 23 23 23 23 23 23 23 23 23 23 23
r96 0.825097
5 8 55 96 61 93 37 7 67 57 70 9 7 75 79 95 52 18 91 81 9 38 97 85 66 37 63 22 56 79
97 97 97 97 97 97 97 97 97 97 97 97 97 97 97 97 97 97 97 97 97 97 97 97 97 97 97 97 97 97
r97 0.773146
53 52 38 43 84 37 8 38 7 12 37 75 83 32 24 94 20 97 98 51 91 80 17 29 44 34 80 20 29 33
91 91 91 91 91 91 91 91 91 91 91 91 91 91 91 91 91 91 91 91 91 91 91 91 91 91 91 91 91 91
r98 0.876093
29 20 61 58 20 91 58 28 28 33 8 53 49 97 68 44 93 19 35 73 28 56 14 55 36 26 79 64 18 56
41 41 41 41 41 41 41 41 41 41 41 41 41 41 41 41 41 41 41 41 41 41 41 41 41 41 41 41 41 41
r99 0.926912
94 90 84 82 48 9 11 73 12 59 22 7 24 58 95 39 89 65 62 45 72 17 74 93 91 35 8 44 72 40
10 10 10 10 10 10 10 10 10 10 10 10 10 10 10 10 10 10 10 10 10 10 10 10 10 10 10 10 10 10
r100 0.509478
86 46 73 87 52 46 91 8 60 93 24 19 88 58 5 54 18 45 26 27 16 16 16 47 20 52 19 52 54 77
77 77 77 77 77 77 77 77 77 77 77 77 77 77 77 77 77 77 77 77 77 77 77 77 77 77 77 77 77 77
r101 0.853743
47 24 64 88 16 67 45 9 84 59 93 39 59 44 52 97 62 72 10 73 83 52 85 32 63 37 82 38 11 19
53 53 53 53 53 53 53 53 53 53 53 53 53 53 53 53 53 53 53 53 53 53 53 53 53 53 53 53 53 53
r102 0.878362
18 38 50 77 79 54 61 35 44 96 90 83 45 84 42 17 89 16 92 39 93 25 97 28 99 35 31 18 81 80
52 52 52 52 52 52 52 52 52 52 52 52 52 52 52 52 52 52 52 52 52 52 52 52 52 52 52 52 52 52
r103 0.813017
97 68 86 49 30 22 88 23 9 72 63 85 14 73 74 22 65 13 13 82 8 33 78 38 59 92 16 36 41 10
47 47 47 47 47 47 47 47 47 47 47 47 47 47 47 47 47 47 47 47 47 47 47 47 47 47 47 47 47 47
r104 0.908611
33 83 96 47 68 19 51 40 74 36 47 47 8 61 10 13 66 84 16 94 63 47 54 52 58 85 88 61 29 24
32 32 32 32 32 32 32 32 32 32 32 32 32 32 32 32 32 32 32 32 32 32 32 32 32 32 32 32 32 32
r105 0.828485
28 94 68 39 43 5 13 71 47 53 74 6 58 80 67 42 91 59 97 35 13 49 86 90 35 47 17 54 71 64
54 54 54 54 54 54 54 54 54 54 54 54 54 54 54 54 54 54 54 54 54 54 54 54 54 54 54 54 54 54
r106 0.915175
19 30 96 19 38 68 62 86 42 60 41 19 24 76 11 78 73 38 83 20 24 74 47 63 83 96 34 47 47 25
5 5 5 5 5 5 5 5 5 5 5 5 5 5 5 5 5 5 5 5 5 5 5 5 5 5 5 5 5 5
r107 0.856573
97 76 81 65 35 67 99 90 6 19 11 77 22 85 47 52 68 62 69 39 9 32 22 98 59 64 42 79 65 96
27 27 27 27 27 27 27 27 27 27 27 27 27 27 27 27 27 27 27 27 27 27 27 27 27 27 27 27 27 27
r108 0.668045
8 21 99 67 20 86 68 31 92 45 45 77 88 90 43 47 59 77 49 86 95 44 45 59 78 22 21 74 44 75
43 43 43 43 43 43 43 43 43 43 43 43 43 43 43 43 43 43 43 43 43 43 43 43 43 43 43 43 43 43
r109 0.662788
39 11 6 25 72 32 15 17 70 84 97 60 27 42 19 97 83 97 92 27 40 48 5 57 65 75 93 37 15 37
23 23 23 23 23 23 23 23 23 23 23 23 23 23 23 23 23 23 23 23 23 23 23 23 23 23 23 23 23 23
r110 0.733631
24 67 12 51 77 22 18 62 16 70 81 53 84 78 36 79 67 55 19 16 53 68 73 25 61 7 35 90 25 77
27 27 27 27 27 27 27 27 27 27 27 27 27 27 27 27 27 27 27 27 27 27 27 27 27 27 27 27 27 27
r111 0.744274
32 88 22 49 98 76 57 69 55 8 50 33 36 29 96 87 43 9 40 8 77 57 64 79 87 51 97 65 74 41
10 10 10 10 10 10 10 10 10 10 10 10 10 10 10 10 10 10 10 10 10 10 10 10 10 10 10 10 10 10
r112 0.894635
24 47 25 93 99 89 48 99 39 76 36 61 69 20 96 73 52 5 47 9 61 24 88 10 21 53 79 54 55 77
76 76 76 76 76 76 76 76 76 76 76 76 76 76 76 76 76 76 76 76 76 76 76 76 76 76 76 76 76 76
r113 0.685243
93 65 17 82 13 17 18 81 45 71 48 60 68 21 12 65 61 13 26 80 96 31 93 47 7 47 94 76 20 66
92 92 92 92 92 92 92 92 92 92 92 92 92 92 92 92 92 92 92 92 92 92 92 92 92 92 92 92 92 92
r114 0.702476
10 87 36 19 6 15 59 69 58 19 37 71 23 97 32 28 21 12 24 44 5 63 44 45 58 20 60 21 10 66
45 45 45 45 45 45 45 45 45 45 45 45 45 45 45 45 45 45 45 45 45 45 45 45 45 45 45 45 45 45
r115 0.67534
73 26 51 83 77 21 41 88 50 10 11 48 37 34 61 42 50 5 39 14 41 79 67 57 37 83 59 98 25 66
48 48 48 48 48 48 48 48 48 48 48 48 48 48 48 48 48 48 48 48 48 48 48 48 48 48 48 48 48 48
r116 0.634433
95 77 61 16 16 49 61 21 52 6 50 78 59 84 28 57 24 34 93 95 93 47 29 77 6 27 94 67 71 88
48 48 48 48 48 48 48 48 48 48 48 48 48 48 48 48 48 48 48 48 48 48 48 48 48 48 48 48 48 48
r117 0.651045
9 71 74 50 32 87 97 31 34 72 85 19 96 42 38 30 33 30 24 75 55 93 77 74 84 41 42 73 82 5
36 36 36 36 36 36 36 36 36 36 36 36 36 36 36 36 36 36 36 36 36 36 36 36 36 36 36 36 36 36
r118 0.947594
7 34 96 86 28 24 20 96 9 34 89 44 64 16 69 90 32 44 42 22 18 16 7 52 51 75 34 48 8 20
20 20 20 20 20 20 20 20 20 20 20 20 20 20 20 20 20 20 20 20 20 20 20 20 20 20 20 20 20 20
r119 0.91495
13 91 70 32 8 63 33 38 52 69 97 63 38 84 88 75 23 10 88 35 12 40 78 82 69 26 82 82 41 84
25 25 25 25 25 25 25 25 25 25 25 25 25 25 25 25 25 25 25 25 25 25 25 25 25 25 25 25 25 25
r120 0.716853
90 70 76 50 99 14 97 65 8 58 96 85 46 71 8 51 56 35 59 92 13 38 58 35 18 37 68 97 58 15
70 70 70 70 70 70 70 70 70 70 70 70 70 70 70 70 70 70 70 70 70 70 70 70 70 70 70 70 70 70
r121 0.73472
46 91 76 52 85 39 52 43 35 37 81 98 38 33 54 68 84 43 77 19 97 9 32 31 72 27 81 79 92 27
57 57 57 57 57 57 57 57 57 57 57 57 57 57 57 57 57 57 57 57 57 57 57 57 57 57 57 57 57 57
r122 0.779616
30 79 95 61 31 39 91 61 17 89 94 45 44 59 26 82 33 38 76 37 65 5 7 84 81 78 76 8 32 8
18 18 18 18 18 18 18 18 18 18 18 18 18 18 18 18 18 18 18 18 18 18 18 18 18 18 18 18 18 18
r123 0.746244
11 16 11 42 5 67 54 89 58 92 30 17 18 10 43 51 78 75 14 78 74 93 60 50 67 60 74 67 74 29
50 50 50 50 50 50 50 50 50 50 50 50 50 50 50 50 50 50 50 50 50 50 50 50 50 50 50 50 50 50
r124 0.999115
53 19 38 20 68 27 70 60 50 79 71 55 22 22 33 90 28 12 61 19 64 11 78 24 81 45 90 7 87 67
37 37 37 37 37 37 37 37 37 37 37 37 37 37 37 37 37 37 37 37 37 37 37 37 37 37 37 37 37 37
r125 0.602248
70 49 50 90 19 7 40 94 73 87 16 88 20 98 16 24 60 27 83 66 97 5 44 40 87 44 24 55 76 57
33 33 33 33 33 33 33 33 33 33 33 33 33 33 33 33 33 33 33 33 33 33 33 33 33 33 33 33 33 33
r126 0.955988
78 34 18 81 69 12 51 56 20 39 68 19 48 85 74 70 68 37 65 65 77 5 53 18 24 8 89 73 33 33
75 75 75 75 75 75 75 75 75 75 75 75 75 75 75 75 75 75 75 75 75 75 75 75 75 75 75 75 75 75
r127 0.512117
88 82 28 92 33 76 12 68 42 23 16 27 92 78 87 30 43 53 99 40 98 17 60 98 98 33 31 32 5 35
86 86 86 86 86 86 86 86 86 86 86 86 86 86 86 86 86 86 86 86 86 86 86 86 86 86 86 86 86 86
r128 0.777063
12 77 46 83 82 14 22 5 22 44 90 95 29 20 36 77 16 71 72 28 28 70 26 54 96 50 54 32 34 37
41 41 41 41 41 41 41 41 41 41 41 41 41 41 41 41 41 41 41 41 41 41 41 41 41 41 41 41 41 41
r129 0.650291
82 21 88 88 39 86 10 75 76 98 99 88 34 73 96 5 45 24 29 15 42 75 9 85 29 33 19 58 69 55
65 65 65 65 65 65 65 65 65 65 65 65 65 65 65 65 65 65 65 65 65 65 65 65 65 65 65 65 65 65
r130 0.869657
50 37 7 33 43 78 6 38 74 89 67 48 82 64 85 98 85 96 41 60 97 23 82 30 34 40 94 81 5 43
49 49 49 49 49 49 49 49 49 49 49 49 49 49 49 49 49 49 49 49 49 49 49 49 49 49 49 49 49 49
r131 0.58607
52 76 19 27 78 52 93 64 16 41 47 72 27 45 58 20 78 15 17 96 92 42 30 30 33 8 30 72 53 70
48 48 48 48 48 48 48 48 48 48 48 48 48 48 48 48 48 48 48 48 48 48 48 48 48 48 48 48 48 48
r132 0.650646
59 21 25 8 14 84 19 48 31 83 67 69 41 82 47 52 91 41 41 30 63 66 58 67 89 27 20 59 70 17
6 6 6 6 6 6 6 6 6 6 6 6 6 6 6 6 6 6 6 6 6 6 6 6 6 6 6 6 6 6
r133 0.697646
23 29 39 8 40 82 31 24 49 95 57 28 40 6 19 76 43 41 39 9 92 6 90 19 18 50 82 27 48 8
52 52 52 52 52 52 52 52 52 52 52 52 52 52 52 52 52 52 52 52 52 52 52 52 52 52 52 52 52 52
r134 0.633818
84 70 62 66 93 81 13 86 36 36 26 37 48 97 75 84 36 77 76 35 64 91 45 14 70 68 58 73 17 22
95 95 95 95 95 95 95 95 95 95 95 95 95 95 95 95 95 95 95 95 95 95 95 95 95 95 95 95 95 95
r135 0.642458
58 63 77 36 71 63 67 99 84 5 47 78 72 32 12 46 5 42 11 88 79 17 58 47 67 29 57 84 24 53
68 68 68 68 68 68 68 68 68 68 68 68 68 68 68 68 68 68 68 68 68 68 68 68 68 68 68 68 68 68
r136 0.660226
43 11 76 98 70 76 83 70 23 58 40 47 65 81 45 99 84 33 79 97 87 23 64 13 75 46 29 29 11 99
37 37 37 37 37 37 37 37 37 37 37 37 37 37 37 37 37 37 37 37 37 37 37 37 37 37 37 37 37 37
r137 0.852076
11 48 72 82 28 43 97 78 75 42 44 56 82 43 38 15 19 35 94 38 91 99 10 34 29 34 41 28 64 82
30 30 30 30 30 30 30 30 30 30 30 30 30 30 30 30 30 30 30 30 30 30 30 30 30 30 30 30 30 30
r138 0.962778
97 49 50 37 43 29 9 80 65 61 62 5 91 70 20 26 61 50 14 61 55 44 85 82 77 13 46 59 35 13
82 82 82 82 82 82 82 82 82 82 82 82 82 82 82 82 82 82 82 82 82 82 82 82 82 82 82 82 82 82
r139 0.796863
29 59 92 50 63 73 12 21 32 13 12 97 25 30 59 70 37 20 25 73 97 7 50 7 45 6 37 50 80 58
99 99 99 99 99 99 99 99 99 99 99 99 99 99 99 99 99 99 99 99 99 99 99 99 99 99 99 99 99 99
r140 0.585141
92 52 73 62 57 89 89 65 94 84 85 24 40 55 56 52 72 26 49 75 71 51 17 70 80 63 50 35 59 49
48 48 48 48 48 48 48 48 48 48 48 48 48 48 48 48 48 48 48 48 48 48 48 48 48 48 48 48 48 48
r141 0.577483
18 10 54 7 92 16 93 76 96 18 16 48 66 63 20 85 9 87 53 55 5 23 32 60 66 62 19 15 7 63
9 9 9 9 9 9 9 9 9 9 9 9 9 9 9 9 9 9 9 9 9 9 9 9 9 9 9 9 9 9
r142 0.838247
55 20 57 66 13 30 59 23 38 99 82 93 20 67 97 99 20 49 99 36 76 56 97 36 71 9 38 31 14 51
91 91 91 91 91 91 91 91 91 91 91 91 91 91 91 91 91 91 91 91 91 91 91 91 91 91 91 91 91 91
r143 0.607106
46 25 71 71 79 87 7 79 66 95 91 30 90 90 42 36 87 73 10 43 67 41 14 72 71 37 78 22 29 39
80 80 80 80 80 80 80 80 80 80 80 80 80 80 80 80 80 80 80 80 80 80 80 80 80 80 80 80 80 80
r144 0.549837
49 35 36 33 37 15 94 30 98 21 17 88 58 48 75 32 53 16 94 86 22 63 58 55 41 72 76 76 50 43
32 32 32 32 32 32 32 32 32 32 32 32 32 32 32 32 32 32 32 32 32 32 32 32 32 32 32 32 32 32
r145 0.884261
63 24 11 70 15 33 68 31 45 54 84 88 29 16 42 37 8 25 55 66 78 7 5 51 78 76 96 21 5 87
86 86 86 86 86 86 86 86 86 86 86 86 86 86 86 86 86 86 86 86 86 86 86 86 86 86 86 86 86 86
r146 0.745264
89 34 18 22 98 44 62 49 28 51 73 37 85 8 37 10 58 95 81 57 95 29 35 68 22 48 69 6 34 33
9 9 9 9 9 9 9 9 9 9 9 9 9 9 9 9 9 9 9 9 9 9 9 9 9 9 9 9 9 9
r147 0.777614
22 41 54 61 99 98 81 47 69 15 29 72 44 31 27 40 12 79 35 33 11 96 50 54 65 51 80 90 55 99
46 46 46 46 46 46 46 46 46 46 46 46 46 46 46 46 46 46 46 46 46 46 46 46 46 46 46 46 46 46
r148 0.671034
96 27 34 91 9 73 57 16 97 26 56 28 48 88 33 24 20 61 27 16 12 73 73 55 54 60 8 50 7 72
80 80 80 80 80 80 80 80 80 80 80 80 80 80 80 80 80 80 80 80 80 80 80 80 80 80 80 80 80 80
r149 0.700824
14 86 96 79 41 9 76 62 57 5 8 45 33 24 58 86 47 69 93 20 40 46 66 95 49 14 97 18 89 89
10 10 10 10 10 10 10 10 10 10 10 10 10 10 10 10 10 10 10 10 10 10 10 10 10 10 10 10 10 10
r150 0.75863
98 75 14 8 49 71 60 49 74 98 74 94 56 60 41 22 51 53 57 92 17 53 38 26 47 51 12 37 57 8
10 10 10 10 10 10 10 10 10 10 10 10 10 10 10 10 10 10 10 10 10 10 10 10 10 10 10 10 10 10
r151 0.853132
16 55 25 82 13 66 57 11 40 48 59 92 81 76 40 31 34 32 43 79 62 64 23 14 72 55 63 72 57 15
48 48 48 48 48 48 48 48 48 48 48 48 48 48 48 48 48 48 48 48 48 48 48 48 48 48 48 48 48 48
r152 0.968968
68 48 74 34 97 80 66 45 39 56 23 12 91 49 41 21 88 17 78 49 36 84 18 83 47 86 38 58 31 6
21 21 21 21 21 21 21 21 21 21 21 21 21 21 21 21 21 21 21 21 21 21 21 21 21 21 21 21 21 21
r153 0.892443
90 26 43 67 85 80 98 41 95 10 32 45 44 45 30 56 21 71 84 5 85 68 45 68 6 95 94 99 16 86
46 46 46 46 46 46 46 46 46 46 46 46 46 46 46 46 46 46 46 46 46 46 46 46 46 46 46 46 46 46
r154 0.569807
81 65 93 59 63 31 54 68 58 91 9 96 18 61 17 85 45 14 67 10 51 35 11 46 29 11 54 13 49 52
18 18 18 18 18 18 18 18 18 18 18 18 18 18 18 18 18 18 18 18 18 18 18 18 18 18 18 18 18 18
r155 0.729936
11 78 72 37 30 38 87 21 42 80 32 95 89 17 41 99 79 46 50 11 50 89 32 53 43 40 97 88 53 21
97 97 97 97 97 97 97 97 97 97 97 97 97 97 97 97 97 97 97 97 97 97 97 97 97 97 97 97 97 97
r156 0.758507
70 85 25 8 70 38 42 50 65 38 40 74 71 36 50 17 78 56 59 67 81 12 8 21 9 91 67 26 88 23
18 18 18 18 18 18 18 18 18 18 18 18 18 18 18 18 18 18 18 18 18 18 18 18 18 18 18 18 18 18
r157 0.603302
38 55 71 71 93 18 34 31 53 8 97 81 54 11 60 7 66 27 83 73 30 97 75 18 64 93 99 79 11 54
80 80 80 80 80 80 80 80 80 80 80 80 80 80 80 80 80 80 80 80 80 80 80 80 80 80 80 80 80 80
r158 0.527429
48 12 98 62 38 26 12 42 20 89 88 26 49 87 84 71 71 55 94 68 30 9 29 23 8 8 26 58 81 62
63 63 63 63 63 63 63 63 63 63 63 63 63 63 63 63 63 63 63 63 63 63 63 63 63 63 63 63 63 63
r159 0.5718
58 83 5 79 91 39 94 77 24 17 26 11 94 89 74 49 80 39 74 85 60 89 88 61 12 43 42 69 6 60
32 32 32 32 32 32 32 32 32 32 32 32 32 32 32 32 32 32 32 32 32 32 32 32 32 32 32 32 32 32
r160 0.644626
29 32 32 63 23 9 79 36 30 83 30 16 57 74 92 89 45 77 49 31 62 10 38 6 44 99 7 5 31 56
44 44 44 44 44 44 44 44 44 44 44 44 44 44 44 44 44 44 44 44 44 44 44 44 44 44 44 44 44 44
r161 0.940789
68 16 7 72 91 38 94 71 60 10 28 31 97 14 68 71 59 94 34 61 29 35 6 28 34 6 51 85 42 99
69 69 69 69 69 69 69 69 69 69 69 69 69 69 69 69 69 69 69 69 69 69 69 69 69 69 69 69 69 69
r162 0.616173
68 71 96 98 65 67 58 67 87 81 62 97 49 33 53 43 62 14 64 89 15 84 24 13 35 6 47 32 67 49
40 40 40 40 40 40 40 40 40 40 40 40 40 40 40 40 40 40 40 40 40 40 40 40 40 40 40 40 40 40
r163 0.753697
36 33 77 98 83 45 82 64 7 79 10 32 32 45 90 42 9 76 49 88 95 55 21 94 94 48 61 41 80 92
56 56 56 56 56 56 56 56 56 56 56 56 56 56 56 56 56 56 56 56 56 56 56 56 56 56 56 56 56 56
r164 0.973495
31 11 98 71 88 59 70 65 65 97 89 7 84 28 12 61 73 92 53 25 10 47 19 53 9 55 30 93 9 38
12 12 12 12 12 12 12 12 12 12 12 12 12 12 12 12 12 12 12 12 12 12 12 12 12 12 12 12 12 12
r165 0.829354
10 98 30 65 65 87 27 62 76 29 44 5 33 5 70 26 50 90 31 93 6 77 94 57 99 84 61 38 91 88
74 74 74 74 74 74 74 74 74 74 74 74 74 74 74 74 74 74 74 74 74 74 74 74 74 74 74 74 74 74
r166 0.533419
96 59 48 83 78 7 57 7 46 57 36 43 24 54 86 14 77 79 15 51 70 64 51 54 22 84 42 10 55 36
85 85 85 85 85 85 85 85 85 85 85 85 85 85 85 85 85 85 85 85 85 85 85 85 85 85 85 85 85 85
r167 0.862449
33 32 65 36 84 65 74 38 96 15 57 47 96 63 21 72 74 68 39 35 16 85 53 92 27 55 47 56 41 91
43 43 43 43 43 43 43 43 43 43 43 43 43 43 43 43 43 43 43 43 43 43 43 43 43 43 43 43 43 43
r168 0.57141
6 94 5 66 69 39 59 76 88 6 72 52 19 41 23 82 75 53 93 57 6 85 79 54 33 32 90 21 68 53
40 40 40 40 40 40 40 40 40 40 40 40 40 40 40 40 40 40 40 40 40 40 40 40 40 40 40 40 40 40
r169 0.819099
41 32 17 72 86 85 57 84 54 9 98 90 27 78 62 73 71 19 71 54 90 25 79 23 12 95 83 61 33 52
9 9 9 9 9 9 9 9 9 9 9 9 9 9 9 9 9 9 9 9 9 9 9 9 9 9 9 9 9 9
r170 0.543291
18 38 62 98 90 46 52 92 41 39 16 19 93 84 83 12 56 37 94 73 13 17 81 8 95 39 36 44 43 97
20 20 20 20 20 20 20 20 20 20 20 20 20 20 20 20 20 20 20 20 20 20 20 20 20 20 20 20 20 20
r171 0.638953
77 48 20 20 92 9 54 31 20 68 24 97 48 28 53 77 22 23 85 32 99 86 24 38 22 61 73 17 76 26
41 41 41 41 41 41 41 41 41 41 41 41 41 41 41 41 41 41 41 41 41 41 41 41 41 41 41 41 41 41
r172 0.780329
53 63 58 57 17 84 70 78 5 67 26 25 20 96 43 35 81 67 35 67 86 65 82 44 36 91 21 54 32 64
21 21 21 21 21 21 21 21 21 21 21 21 21 21 21 21 21 21 21 21 21 21 21 21 21 21 21 21 21 21
r173 0.535904
74 35 37 59 5 15 56 67 33 77 79 26 17 15 8 79 42 67 62 99 49 7 35 40 23 85 65 79 98 43
6 6 6 6 6 6 6 6 6 6 6 6 6 6 6 6 6 6 6 6 6 6 6 6 6 6 6 6 6 6
r174 0.589214
35 28 68 42 80 35 71 57 12 89 69 19 92 45 53 60 7 52 6 9 80 39 24 62 96 98 60 36 97 32
6 6 6 6 6 6 6 6 6 6 6 6 6 6 6 6 6 6 6 6 6 6 6 6 6 6 6 6 6 6
r175 0.807149
69 70 36 97 38 85 6 27 51 17 17 91 65 69 93 17 70 95 89 6 19 51 97 15 11 33 12 39 32 36
90 90 90 90 90 90 90 90 90 90 90 90 90 90 90 90 90 90 90 90 90 90 90 90 90 90 90 90 90 90
r176 0.829603
23 90 36 5 91 56 51 8 68 42 68 34 32 78 99 24 64 6 39 16 95 46 22 29 53 53 56 81 40 49
80 80 80 80 80 80 80 80 80 80 80 80 80 80 80 80 80 80 80 80 80 80 80 80 80 80 80 80 80 80
r177 0.847553
16 58 28 64 6 29 29 40 89 58 68 67 55 87 29 56 23 40 48 64 54 72 14 8 25 91 43 67 71 94
7 7 7 7 7 7 7 7 7 7 7 7 7 7 7 7 7 7 7 7 7 7 7 7 7 7 7 7 7 7
r178 0.85202
27 41 51 51 65 86 41 24 54 8 74 39 29 27 54 64 67 16 19 40 25 22 57 13 57 24 79 51 23 56
96 96 96 96 96 96 96 96 96 96 96 96 96 96 96 96 96 96 96 96 96 96 96 96 96 96 96 96 96 96
r179 0.620395
47 92 54 33 33 70 80 34 41 16 58 63 65 23 31 76 34 63 94 48 17 7 5 37 79 52 52 35 45 93
24 24 24 24 24 24 24 24 24 24 24 24 24 24 24 24 24 24 24 24 24 24 24 24 24 24 24 24 24 24
r180 0.793537
73 17 19 44 92 45 80 5 99 41 66 19 64 39 48 24 30 91 36 33 88 65 12 40 18 39 77 11 58 64
89 89 89 89 89 89 89 89 89 89 89 89 89 89 89 89 89 89 89 89 89 89 89 89 89 89 89 89 89 89
r181 0.588512
6 67 66 46 45 67 42 81 30 56 42 61 96 61 87 87 89 17 76 55 21 13 65 55 83 68 10 47 58 33
21 21 21 21 21 21 21 21 21 21 21 21 21 21 21 21 21 21 21 21 21 21 21 21 21 21 21 21 21 21
r182 0.868506
80 97 38 44 40 16 69 91 53 27 88 11 14 72 95 23 45 47 39 51 12 86 34 76 91 73 34 25 87 85
15 15 15 15 15 15 15 15 15 15 15 15 15 15 15 15 15 15 15 15 15 15 15 15 15 15 15 15 15 15
r183 0.925914
48 8 19 56 72 8 6 91 91 12 98 60 99 21 98 47 56 49 54 39 75 27 31 45 53 48 32 38 58 91
18 18 18 18 18 18 18 18 18 18 18 18 18 18 18 18 18 18 18 18 18 18 18 18 18 18 18 18 18 18
r184 0.730466
29 54 63 32 55 55 20 59 53 76 58 69 74 5 22 20 52 57 87 74 80 32 28 28 60 58 78 51 68 76
43 43 43 43 43 43 43 43 43 43 43 43 43 43 43 43 43 43 43 43 43 43 43 43 43 43 43 43 43 43
r185 0.871826
6 25 74 56 38 33 9 14 86 71 80 87 88 92 36 42 79 10 22 11 30 42 66 81 20 15 49 91 53 39
15 15 15 15 15 15 15 15 15 15 15 15 15 15 15 15 15 15 15 15 15 15 15 15 15 15 15 15 15 15
r186 0.5112
84 8 90 17 9 96 99 75 76 83 61 68 19 98 47 21 18 50 47 55 17 25 71 24 66 59 72 6 70 20
55 55 55 55 55 55 55 55 55 55 55 55 55 55 55 55 55 55 55 55 55 55 55 55 55 55 55 55 55 55
r187 0.556914
45 64 28 38 60 95 11 40 56 74 54 52 18 67 62 60 14 17 72 31 80 88 93 40 60 94 7 73 46 53
91 91 91 91 91 91 91 91 91 91 91 91 91 91 91 91 91 91 91 91 91 91 91 91 91 91 91 91 91 91
r188 0.55558
16 21 69 12 27 9 60 93 55 9 8 23 66 63 29 79 33 56 59 21 49 91 74 40 93 47 81 44 38 64
53 53 53 53 53 53 53 53 53 53 53 53 53 53 53 53 53 53 53 53 53 53 53 53 53 53 53 53 53 53
r189 0.94781
23 54 99 24 14 92 75 19 92 93 80 55 22 56 83 70 13 5 19 99 74 54 93 21 32 34 51 91 82 93
68 68 68 68 68 68 68 68 68 68 68 68 68 68 68 68 68 68 68 68 68 68 68 68 68 68 68 68 68 68
r190 0.558961
67 22 54 56 89 65 48 82 42 99 96 91 79 64 99 79 78 98 50 30 88 63 57 22 15 49 5 5 14 97
48 48 48 48 48 48 48 48 48 48 48 48 48 48 48 48 48 48 48 48 48 48 48 48 48 48 48 48 48 48
r191 0.800176
94 33 5 56 74 79 93 73 73 84 49 37 83 26 15 79 71 37 67 35 90 82 42 36 82 42 45 76 82 22
85 85 85 85 85 85 85 85 85 85 85 85 85 85 85 85 85 85 85 85 85 85 85 85 85 85 85 85 85 85
r192 0.558493
85 29 22 65 20 87 38 99 33 67 80 54 74 56 26 12 20 53 97 97 87 33 76 29 70 53 9 88 38 77
33 33 33 33 33 33 33 33 33 33 33 33 33 33 33 33 33 33 33 33 33 33 33 33 33 33 33 33 33 33
r193 0.667382
47 77 22 31 15 18 59 74 90 14 49 46 35 56 62 80 50 59 67 75 33 88 45 78 92 33 16 70 58 28
69 69 69 69 69 69 69 69 69 69 69 69 69 69 69 69 69 69 69 69 69 69 69 69 69 69 69 69 69 69
r194 0.900986
83 28 13 96 83 83 84 92 32 30 24 80 84 99 30 41 66 5 69 51 45 47 44 71 55 11 26 78 75 27
79 79 79 79 79 79 79 79 79 79 79 79 79 79 79 79 79 79 79 79 79 79 79 79 79 79 79 79 79 79
r195 0.819474
85 51 30 68 35 22 92 58 38 72 42 37 94 78 95 91 44 47 36 86 83 99 38 89 26 17 64 45 88 19
87 87 87 87 87 87 87 87 87 87 87 87 87 87 87 87 87 87 87 87 87 87 87 87 87 87 87 87 87 87
r196 0.577522
18 38 93 32 27 51 66 91 88 98 85 64 91 73 8 35 10 87 18 6 25 7 27 34 63 64 20 77 52 85
39 39 39 39 39 39 39 39 39 39 39 39 39 39 39 39 39 39 39 39 39 39 39 39 39 39 39 39 39 39
r197 0.646499
32 89 43 78 55 32 64 51 14 28 39 83 28 69 85 15 79 86 33 81 11 62 41 67 74 15 19 60 49 73
73 73 73 73 73 73 73 73 73 73 73 73 73 73 73 73 73 73 73 73 73 73 73 73 73 73 73 73 73 73
r198 0.640166
13 52 15 40 13 61 47 36 92 30 60 61 15 67 37 93 95 18 99 55 51 67 29 61 78 81 8 52 51 77
12 12 12 12 12 12 12 12 12 12 12 12 12 12 12 12 12 12 12 12 12 12 12 12 12 12 12 12 12 12
r199 0.812618
22 92 35 76 39 63 68 64 20 27 71 83 59 65 75 70 61 27 21 25 52 75 99 30 78 48 74 55 55 34
73 73 73 73 73 73 73 73 73 73 73 73 73 73 73 73 73 73 73 73 73 73 73 73 73 73 73 73 73 73
r200 0.903291
8 45 58 67 14 19 82 33 86 62 84 48 38 54 9 60 68 30 9 43 26 32 18 69 6 65 24 32 38 88
50 50 50 50 50 50 50 50 50 50 50 50 50 50 50 50 50 50 50 50 50 50 50 50 50 50 50 50 50 50
