200 30 3 1 15
0 0.25
42969 38680 32546 41488 37166 44228 35405 32698 40024 38853 42395 38274 34515 35635 35659 31319 39328 40934 39742 34747 40568 36646 36469 37923 42410 41997 32405 40585 31063 36354
w1 0.5
3532 1887 4443 3372 3053 3672 2777 3103 1696 2630 3850 4322 4497 3485 4334 2817 3813 3268 3911 2560 1836 1557 3381 4111 1968 3731 3868 3905 1794 4223
w2 0.5
4178 1962 3894 3402 3515 3418 1679 2118 3966 3161 1821 4140 3510 3806 3974 2179 3120 3095 1591 1532 3783 1648 3766 3395 2468 2997 3115 1873 3643 3190
w3 0.5
3673 3652 4070 2575 2667 2988 3106 3638 2806 1767 3959 2446 4129 3265 1921 1809 2237 3868 1900 2622 3151 2400 1888 2046 3369 3385 3662 3742 2880 2352
w4 0.5
2053 1857 3488 3128 3024 2328 1734 2514 3634 2353 2325 1581 1982 4091 2354 2643 2180 1722 3395 3654 3373 4296 4042 4272 3165 3279 3786 2759 1659 1990
w5 0.5
2564 2347 1518 1544 4224 2347 1778 2238 1833 2983 3064 2266 3818 3007 3120 1961 4039 3694 3857 3194 2920 4005 3088 3044 2670 1868 2330 4281 2379 3172
w6 0.5
3796 4020 2330 3840 3744 3177 4471 1834 3510 2954 3750 1629 2624 2257 3249 3086 2149 2796 2795 3843 1568 2300 2783 3112 3822 3151 4294 3603 4383 2966
w7 0.5
4031 2838 2245 3371 2434 4274 3342 2769 3284 2149 2019 3413 3273 3129 2515 2211 3778 4163 3858 3473 4231 1658 1756 3195 3980 3760 2989 3436 3995 1807
w8 0.5
3526 3146 4096 2749 4080 3870 1944 2701 3006 2593 3573 2272 1718 2554 3639 2782 2184 3302 2140 4157 3385 2299 1765 2432 2131 4377 3921 4067 3872 1580
w9 0.5
3250 3226 2866 1500 3159 2588 1944 4360 4095 3389 3785 2219 3959 1839 4358 2241 2523 3512 2882 2532 2749 4033 2798 3681 1664 3027 3454 1584 2752 3534
w10 0.5
1502 2261 2073 1854 4272 3161 2650 4484 3108 1539 3770 3827 3999 4461 4037 2092 2485 3401 3474 3869 2002 3007 2519 4183 3524 4047 3489 3960 2299 2524
w11 0.5
2301 3637 3739 3008 3409 2401 4158 3393 4361 1550 3015 4041 4401 2977 3930 1993 4314 2832 3968 3683 3334 2827 1703 3370 2203 1602 2359 1663 2401 3735
w12 0.5
3554 2872 2569 2062 2133 3822 1721 4379 4036 2123 2894 3577 2024 1723 3007 2517 1889 1691 2337 4425 3878 3665 1980 2748 1720 2082 3959 1884 2983 3195
w13 0.5
2037 1567 2135 2600 2553 1810 3173 2432 4346 3796 4178 3775 4320 1754 2282 2689 2143 2474 3527 2068 1852 3044 2548 3452 3264 3130 2911 4000 1965 1606
w14 0.5
2503 2026 1554 3955 3079 1864 2980 4363 2062 2628 4041 4337 2800 4295 2471 3989 2291 3797 3368 2859 1501 1912 4260 3453 4029 3242 1865 3529 4060 2323
w15 0.5
2063 3201 3002 1870 1780 3718 3702 1643 1632 1830 1537 4469 3130 4332 2440 2619 2123 1738 1840 3835 1739 2252 3947 4045 1781 3041 1762 4163 2601 2585
r1 0.506587
39 65 61 34 25 98 20 22 80 72 33 85 96 85 27 92 10 67 49 92 11 76 77 85 7 84 73 56 6 61
92 92 92 92 92 92 92 92 92 92 92 92 92 92 92 92 92 92 92 92 92 92 92 92 92 92 92 92 92 92
r2 0.810182
54 67 40 49 82 54 27 51 82 9 44 64 31 36 70 90 80 62 97 53 39 79 53 20 52 9 21 10 96 54
25 25 25 25 25 25 25 25 25 25 25 25 25 25 25 25 25 25 25 25 25 25 25 25 25 25 25 25 25 25
r3 0.973876
60 89 95 11 13 43 85 17 82 49 44 16 19 31 88 73 25 39 9 99 84 24 48 88 38 50 81 84 70 26
97 97 97 97 97 97 97 97 97 97 97 97 97 97 97 97 97 97 97 97 97 97 97 97 97 97 97 97 97 97
r4 0.846872
89 33 20 32 18 32 11 60 68 19 71 92 5 45 14 39 46 14 23 66 54 8 96 5 84 80 67 7 77 87
11 11 11 11 11 11 11 11 11 11 11 11 11 11 11 11 11 11 11 11 11 11 11 11 11 11 11 11 11 11
r5 0.989184
26 90 28 51 93 83 16 13 54 8 13 91 18 44 38 24 62 96 73 65 92 70 46 69 35 46 43 19 52 6
31 31 31 31 31 31 31 31 31 31 31 31 31 31 31 31 31 31 31 31 31 31 31 31 31 31 31 31 31 31
r6 0.85684
54 22 81 34 33 86 81 37 91 72 47 35 7 66 92 98 36 54 87 99 93 53 31 39 91 45 86 92 71 60
80 80 80 80 80 80 80 80 80 80 80 80 80 80 80 80 80 80 80 80 80 80 80 80 80 80 80 80 80 80
r7 0.694061
59 52 8 45 33 37 37 98 79 67 97 42 57 96 70 8 80 69 96 34 95 35 25 37 22 15 9 74 87 24
49 49 49 49 49 49 49 49 49 49 49 49 49 49 49 49 49 49 49 49 49 49 49 49 49 49 49 49 49 49
r8 0.548891
49 87 97 81 21 92 57 80 89 94 37 82 64 38 63 31 34 89 23 62 11 56 76 21 57 47 9 76 91 50
47 47 47 47 47 47 47 47 47 47 47 47 47 47 47 47 47 47 47 47 47 47 47 47 47 47 47 47 47 47
r9 0.548731
41 18 50 33 70 31 20 61 60 97 23 93 57 49 25 46 64 82 53 20 55 69 72 97 70 45 86 21 85 23
50 50 50 50 50 50 50 50 50 50 50 50 50 50 50 50 50 50 50 50 50 50 50 50 50 50 50 50 50 50
r10 0.785759
96 52 99 24 67 61 79 64 79 73 19 25 93 60 81 72 13 97 27 75 66 24 45 12 10 61 92 29 9 15
58 58 58 58 58 58 58 58 58 58 58 58 58 58 58 58 58 58 58 58 58 58 58 58 58 58 58 58 58 58
r11 0.753724
54 21 26 15 95 83 86 68 97 8 58 57 85 30 63 79 52 38 42 69 78 46 71 37 35 95 38 46 50 35
5 5 5 5 5 5 5 5 5 5 5 5 5 5 5 5 5 5 5 5 5 5 5 5 5 5 5 5 5 5
r12 0.847482
27 12 43 7 91 9 99 94 59 53 76 85 16 55 34 49 90 98 25 36 70 57 67 62 87 13 10 22 10 7
62 62 62 62 62 62 62 62 62 62 62 62 62 62 62 62 62 62 62 62 62 62 62 62 62 62 62 62 62 62
r13 0.962989
5 31 5 6 30 92 61 76 68 43 87 21 72 34 11 68 54 42 35 8 9 89 90 14 91 9 20 93 66 44
5 5 5 5 5 5 5 5 5 5 5 5 5 5 5 5 5 5 5 5 5 5 5 5 5 5 5 5 5 5
r14 0.901255
97 62 93 89 20 69 55 58 54 71 27 83 77 87 34 16 22 37 18 9 24 24 95 25 39 86 86 76 86 46
44 44 44 44 44 44 44 44 44 44 44 44 44 44 44 44 44 44 44 44 44 44 44 44 44 44 44 44 44 44
r15 0.810267
34 70 20 99 25 73 53 91 96 33 65 80 62 73 98 94 86 99 15 11 91 35 42 77 18 15 60 59 54 44
60 60 60 60 60 60 60 60 60 60 60 60 60 60 60 60 60 60 60 60 60 60 60 60 60 60 60 60 60 60
r16 0.718487
75 80 31 46 33 22 39 58 79 19 20 52 14 11 36 13 21 42 97 51 76 71 64 87 32 20 41 68 75 22
74 74 74 74 74 74 74 74 74 74 74 74 74 74 74 74 74 74 74 74 74 74 74 74 74 74 74 74 74 74
r17 0.895389
5 86 27 19 25 80 90 36 95 42 46 6 73 51 19 12 45 65 84 17 26 71 44 42 9 12 14 27 78 57
24 24 24 24 24 24 24 24 24 24 24 24 24 24 24 24 24 24 24 24 24 24 24 24 24 24 24 24 24 24
r18 0.548111
47 89 60 24 79 89 20 18 35 18 84 78 33 88 24 90 72 36 17 40 72 54 42 76 63 61 54 18 80 29
53 53 53 53 53 53 53 53 53 53 53 53 53 53 53 53 53 53 53 53 53 53 53 53 53 53 53 53 53 53
r19 0.779902
11 44 86 95 56 99 27 69 80 97 94 69 21 85 38 49 97 71 21 48 10 92 11 66 43 24 46 64 70 63
74 74 74 74 74 74 74 74 74 74 74 74 74 74 74 74 74 74 74 74 74 74 74 74 74 74 74 74 74 74
r20 0.985891
57 68 55 54 87 24 34 84 16 95 98 96 34 47 90 97 61 38 7 50 44 68 89 61 11 53 28 66 25 96
65 65 65 65 65 65 65 65 65 65 65 65 65 65 65 65 65 65 65 65 65 65 65 65 65 65 65 65 65 65
r21 0.847457
20 31 48 37 58 32 48 53 30 41 79 70 31 76 31 64 75 76 5 40 62 61 47 13 84 13 33 80 74 7
41 41 41 41 41 41 41 41 41 41 41 41 41 41 41 41 41 41 41 41 41 41 41 41 41 41 41 41 41 41
r22 0.681554
84 23 84 14 63 37 39 99 14 9 30 85 32 86 58 9 87 93 66 45 37 71 30 46 99 7 17 99 41 95
30 30 30 30 30 30 30 30 30 30 30 30 30 30 30 30 30 30 30 30 30 30 30 30 30 30 30 30 30 30
r23 0.557159
14 31 74 43 66 74 52 67 96 35 95 83 88 96 70 78 59 15 16 31 37 54 27 37 66 26 70 61 48 87
72 72 72 72 72 72 72 72 72 72 72 72 72 72 72 72 72 72 72 72 72 72 72 72 72 72 72 72 72 72
r24 0.903919
47 93 77 18 42 41 14 72 36 89 57 29 56 33 81 67 44 12 96 93 34 30 56 53 95 14 96 83 79 51
94 94 94 94 94 94 94 94 94 94 94 94 94 94 94 94 94 94 94 94 94 94 94 94 94 94 94 94 94 94
r25 0.535945
71 36 81 12 42 51 41 32 5 65 83 33 43 47 69 50 41 62 77 66 15 27 59 25 23 39 99 66 33 22
10 10 10 10 10 10 10 10 10 10 10 10 10 10 10 10 10 10 10 10 10 10 10 10 10 10 10 10 10 10
r26 0.89392
84 8 87 32 44 16 29 7 92 55 45 39 24 88 72 79 62 36 89 84 90 14 7 29 10 66 57 24 68 53
69 69 69 69 69 69 69 69 69 69 69 69 69 69 69 69 69 69 69 69 69 69 69 69 69 69 69 69 69 69
r27 0.956467
54 76 93 65 98 92 54 53 37 89 72 22 58 51 79 89 38 63 79 44 63 8 50 29 57 66 92 10 36 42
59 59 59 59 59 59 59 59 59 59 59 59 59 59 59 59 59 59 59 59 59 59 59 59 59 59 59 59 59 59
r28 0.732041
49 44 13 41 94 61 70 80 31 88 38 74 64 28 12 28 99 49 83 5 91 9 57 57 96 60 85 35 16 67
46 46 46 46 46 46 46 46 46 46 46 46 46 46 46 46 46 46 46 46 46 46 46 46 46 46 46 46 46 46
r29 0.92972
51 93 98 10 63 75 36 48 13 10 13 33 15 33 30 59 13 30 50 17 79 99 10 36 85 41 44 49 79 96
53 53 53 53 53 53 53 53 53 53 53 53 53 53 53 53 53 53 53 53 53 53 53 53 53 53 53 53 53 53
r30 0.553535
48 32 50 23 63 93 29 66 98 57 73 31 79 29 39 9 71 48 81 70 54 14 55 87 54 97 66 50 50 85
40 40 40 40 40 40 40 40 40 40 40 40 40 40 40 40 40 40 40 40 40 40 40 40 40 40 40 40 40 40
r31 0.81163
85 17 76 75 38 39 74 88 12 97 67 36 37 69 99 80 50 70 31 59 25 18 10 19 76 56 65 62 88 56
75 75 75 75 75 75 75 75 75 75 75 75 75 75 75 75 75 75 75 75 75 75 75 75 75 75 75 75 75 75
r32 0.531018
48 45 99 80 19 87 87 17 54 21 46 23 17 23 65 82 50 22 5 60 27 19 37 78 79 91 63 35 63 33
96 96 96 96 96 96 96 96 96 96 96 96 96 96 96 96 96 96 96 96 96 96 96 96 96 96 96 96 96 96
r33 0.844702
92 86 85 79 71 94 33 84 40 49 96 56 14 76 98 31 76 58 51 90 87 26 67 78 85 94 41 18 87 45
84 84 84 84 84 84 84 84 84 84 84 84 84 84 84 84 84 84 84 84 84 84 84 84 84 84 84 84 84 84
r34 0.615064
70 58 94 64 84 75 97 33 69 50 42 45 48 66 18 6 14 8 89 35 67 64 17 62 6 31 49 46 12 29
69 69 69 69 69 69 69 69 69 69 69 69 69 69 69 69 69 69 69 69 69 69 69 69 69 69 69 69 69 69
r35 0.671358
61 36 63 33 30 91 94 75 31 39 23 89 49 24 98 53 10 30 17 67 43 74 68 66 21 11 73 42 72 45
21 21 21 21 21 21 21 21 21 21 21 21 21 21 21 21 21 21 21 21 21 21 21 21 21 21 21 21 21 21
r36 0.79712
77 56 6 65 50 76 91 82 94 77 31 15 72 79 18 98 89 80 38 63 45 99 76 48 69 18 17 11 32 40
82 82 82 82 82 82 82 82 82 82 82 82 82 82 82 82 82 82 82 82 82 82 82 82 82 82 82 82 82 82
r37 0.762542
80 69 41 56 58 23 47 35 50 55 5 26 65 95 15 42 33 71 79 29 47 24 90 61 36 97 85 71 79 89
62 62 62 62 62 62 62 62 62 62 62 62 62 62 62 62 62 62 62 62 62 62 62 62 62 62 62 62 62 62
r38 0.580125
99 10 13 19 50 41 61 5 41 83 62 33 90 96 61 61 75 82 9 94 72 62 27 69 47 94 46 33 53 98
83 83 83 83 83 83 83 83 83 83 83 83 83 83 83 83 83 83 83 83 83 83 83 83 83 83 83 83 83 83
r39 0.507427
89 64 53 27 25 50 63 5 9 88 91 5 46 52 72 28 53 63 95 12 86 62 51 80 5 76 33 95 60 78
98 98 98 98 98 98 98 98 98 98 98 98 98 98 98 98 98 98 98 98 98 98 98 98 98 98 98 98 98 98
r40 0.672605
49 68 59 91 28 60 93 16 48 90 57 92 63 80 43 23 72 50 9 31 94 84 31 70 15 26 27 85 22 68
24 24 24 24 24 24 24 24 24 24 24 24 24 24 24 24 24 24 24 24 24 24 24 24 24 24 24 24 24 24
r41 0.749747
75 51 56 32 44 67 75 32 21 68 87 93 11 10 63 53 15 89 47 91 18 15 98 39 37 83 53 98 99 16
31 31 31 31 31 31 31 31 31 31 31 31 31 31 31 31 31 31 31 31 31 31 31 31 31 31 31 31 31 31
r42 0.653092
83 7 96 47 78 28 61 43 12 54 46 18 14 94 28 99 39 16 17 46 15 48 78 93 94 73 93 7 5 65
62 62 62 62 62 62 62 62 62 62 62 62 62 62 62 62 62 62 62 62 62 62 62 62 62 62 62 62 62 62
r43 0.761372
59 24 42 79 80 77 87 32 23 5 41 15 25 37 46 33 46 87 43 90 62 34 81 36 24 83 33 84 46 13
48 48 48 48 48 48 48 48 48 48 48 48 48 48 48 48 48 48 48 48 48 48 48 48 48 48 48 48 48 48
r44 0.534467
86 76 10 60 63 34 79 60 70 86 77 5 29 11 46 16 49 33 70 75 14 6 94 93 31 75 39 36 24 36
61 61 61 61 61 61 61 61 61 61 61 61 61 61 61 61 61 61 61 61 61 61 61 61 61 61 61 61 61 61
r45 0.629305
66 62 68 92 38 25 59 21 98 59 45 9 6 53 50 34 24 26 44 22 20 37 49 91 68 80 12 99 41 14
8 8 8 8 8 8 8 8 8 8 8 8 8 8 8 8 8 8 8 8 8 8 8 8 8 8 8 8 8 8
r46 0.907575
68 88 7 86 48 23 84 7 61 85 8 14 35 38 33 56 77 48 69 11 92 57 74 69 64 70 8 70 70 7
38 38 38 38 38 38 38 38 38 38 38 38 38 38 38 38 38 38 38 38 38 38 38 38 38 38 38 38 38 38
r47 0.577528
37 22 36 56 6 38 17 86 42 26 21 72 52 70 46 95 36 52 84 88 23 53 49 88 56 16 55 56 49 86
44 44 44 44 44 44 44 44 44 44 44 44 44 44 44 44 44 44 44 44 44 44 44 44 44 44 44 44 44 44
r48 0.938694
75 35 9 13 44 87 47 62 6 19 11 68 60 6 99 12 85 84 30 36 33 15 84 41 66 40 82 52 79 64
53 53 53 53 53 53 53 53 53 53 53 53 53 53 53 53 53 53 53 53 53 53 53 53 53 53 53 53 53 53
r49 0.699095
54 57 35 42 99 90 40 19 96 8 74 95 7 79 77 86 6 13 16 17 93 52 75 30 34 27 7 91 72 53
79 79 79 79 79 79 79 79 79 79 79 79 79 79 79 79 79 79 79 79 79 79 79 79 79 79 79 79 79 79
r50 0.538947
12 64 10 97 99 21 90 7 90 85 6 66 63 84 68 71 95 77 61 44 52 87 70 71 89 58 44 39 38 66
45 45 45 45 45 45 45 45 45 45 45 45 45 45 45 45 45 45 45 45 45 45 45 45 45 45 45 45 45 45
r51 0.961981
47 39 23 63 29 25 50 15 23 17 70 7 80 38 94 54 95 35 6 79 5 72 65 56 13 99 89 74 41 31
93 93 93 93 93 93 93 93 93 93 93 93 93 93 93 93 93 93 93 93 93 93 93 93 93 93 93 93 93 93
r52 0.650939
16 40 86 33 86 93 51 95 63 50 72 97 44 26 89 71 27 68 72 91 30 25 5 29 14 71 63 37 62 43
91 91 91 91 91 91 91 91 91 91 91 91 91 91 91 91 91 91 91 91 91 91 91 91 91 91 91 91 91 91
r53 0.640416
77 7 62 68 50 57 28 96 29 22 37 50 8 9 69 68 73 57 93 93 54 20 99 26 78 36 80 18 27 53
89 89 89 89 89 89 89 89 89 89 89 89 89 89 89 89 89 89 89 89 89 89 89 89 89 89 89 89 89 89
r54 0.953293
51 61 6 5 82 94 29 99 31 71 5 32 37 68 5 90 62 93 44 77 92 62 52 25 42 62 44 91 52 38
43 43 43 43 43 43 43 43 43 43 43 43 43 43 43 43 43 43 43 43 43 43 43 43 43 43 43 43 43 43
r55 0.988103
41 96 73 35 22 70 59 89 70 86 26 35 87 13 92 77 53 66 67 15 15 84 53 73 26 41 25 56 79 20
47 47 47 47 47 47 47 47 47 47 47 47 47 47 47 47 47 47 47 47 47 47 47 47 47 47 47 47 47 47
r56 0.52253
18 48 34 83 99 20 50 86 38 77 70 47 67 44 95 33 8 7 41 88 52 14 11 88 31 62 65 43 9 78
52 52 52 52 52 52 52 52 52 52 52 52 52 52 52 52 52 52 52 52 52 52 52 52 52 52 52 52 52 52
r57 0.614158
78 94 23 93 41 6 28 19 68 70 81 12 62 14 16 62 47 96 14 56 7 95 79 61 60 23 62 35 70 77
53 53 53 53 53 53 53 53 53 53 53 53 53 53 53 53 53 53 53 53 53 53 53 53 53 53 53 53 53 53
r58 0.805426
71 38 13 69 61 27 37 29 5 45 83 11 53 42 54 46 52 7 45 44 82 6 99 97 60 31 67 37 79 12
6 6 6 6 6 6 6 6 6 6 6 6 6 6 6 6 6 6 6 6 6 6 6 6 6 6 6 6 6 6
r59 0.616668
11 17 98 30 50 24 30 87 8 36 37 45 85 78 89 88 23 33 67 21 29 64 76 52 28 11 32 35 12 75
72 72 72 72 72 72 72 72 72 72 72 72 72 72 72 72 72 72 72 72 72 72 72 72 72 72 72 72 72 72
r60 0.957584
70 43 34 90 68 21 90 96 53 32 82 28 22 70 43 47 34 59 69 93 33 21 21 36 45 48 43 17 20 53
97 97 97 97 97 97 97 97 97 97 97 97 97 97 97 97 97 97 97 97 97 97 97 97 97 97 97 97 97 97
r61 0.604961
31 69 53 45 59 49 90 87 28 19 6 93 57 45 24 14 11 17 39 25 30 70 65 73 10 78 88 58 75 71
43 43 43 43 43 43 43 43 43 43 43 43 43 43 43 43 43 43 43 43 43 43 43 43 43 43 43 43 43 43
r62 0.648435
88 43 92 34 34 76 58 48 74 48 97 19 68 11 23 80 45 43 11 15 5 79 20 75 65 70 47 33 10 46
65 65 65 65 65 65 65 65 65 65 65 65 65 65 65 65 65 65 65 65 65 65 65 65 65 65 65 65 65 65
r63 0.763975
54 28 15 30 81 55 99 29 53 16 92 56 31 70 97 69 76 9 66 52 22 42 14 87 84 39 93 30 5 83
12 12 12 12 12 12 12 12 12 12 12 12 12 12 12 12 12 12 12 12 12 12 12 12 12 12 12 12 12 12
r64 0.59908
19 77 84 70 73 11 23 81 95 74 12 65 68 73 38 73 40 83 90 74 92 74 58 29 64 81 26 48 85 72
51 51 51 51 51 51 51 51 51 51 51 51 51 51 51 51 51 51 51 51 51 51 51 51 51 51 51 51 51 51
r65 0.673796
33 69 20 36 84 96 31 56 6 92 24 74 27 89 14 10 76 83 95 51 39 21 12 20 42 52 5 14 96 96
53 53 53 53 53 53 53 53 53 53 53 53 53 53 53 53 53 53 53 53 53 53 53 53 53 53 53 53 53 53
r66 0.854722
68 60 47 61 83 98 62 75 20 37 95 9 43 97 78 27 89 26 61 10 33 73 47 78 70 54 74 66 7 98
29 29 29 29 29 29 29 29 29 29 29 29 29 29 29 29 29 29 29 29 29 29 29 29 29 29 29 29 29 29
r67 0.747473
69 25 38 67 83 11 79 17 98 81 55 95 59 74 85 80 32 87 10 97 32 83 67 81 54 31 80 52 52 44
99 99 99 99 99 99 99 99 99 99 99 99 99 99 99 99 99 99 99 99 99 99 99 99 99 99 99 99 99 99
r68 0.55791
35 84 47 38 60 56 36 41 12 31 95 78 13 72 11 96 75 8 28 55 68 6 10 91 78 54 43 22 54 60
81 81 81 81 81 81 81 81 81 81 81 81 81 81 81 81 81 81 81 81 81 81 81 81 81 81 81 81 81 81
r69 0.643385
26 19 96 77 50 38 81 73 30 60 82 95 63 75 70 63 95 22 31 93 27 22 71 77 58 88 28 18 66 6
54 54 54 54 54 54 54 54 54 54 54 54 54 54 54 54 54 54 54 54 54 54 54 54 54 54 54 54 54 54
r70 0.695398
50 65 62 83 46 35 11 98 14 6 61 84 71 25 76 88 48 66 13 63 37 82 21 22 7 31 84 8 80 68
23 23 23 23 23 23 23 23 23 23 23 23 23 23 23 23 23 23 23 23 23 23 23 23 23 23 23 23 23 23
r71 0.552959
80 8 72 12 14 67 22 15 29 98 78 46 75 63 86 38 71 46 71 50 62 85 52 85 66 55 65 35 70 88
60 60 60 60 60 60 60 60 60 60 60 60 60 60 60 60 60 60 60 60 60 60 60 60 60 60 60 60 60 60
r72 0.841537
29 55 97 92 69 12 21 67 85 59 39 45 45 73 17 87 41 62 46 26 12 29 88 59 89 20 30 74 75 69
62 62 62 62 62 62 62 62 62 62 62 62 62 62 62 62 62 62 62 62 62 62 62 62 62 62 62 62 62 62
r73 0.702941
59 92 85 66 10 50 48 64 81 89 6 54 98 85 87 57 29 14 64 53 94 24 39 14 46 14 81 12 71 81
29 29 29 29 29 29 29 29 29 29 29 29 29 29 29 29 29 29 29 29 29 29 29 29 29 29 29 29 29 29
r74 0.564336
11 89 75 53 35 36 35 24 38 81 19 20 69 71 41 75 33 89 66 49 29 75 90 35 53 94 98 35 23 26
5 5 5 5 5 5 5 5 5 5 5 5 5 5 5 5 5 5 5 5 5 5 5 5 5 5 5 5 5 5
r75 0.789138
76 75 43 9 7 59 39 84 70 55 50 41 91 25 69 78 83 15 99 55 5 34 8 95 29 38 15 51 36 34
56 56 56 56 56 56 56 56 56 56 56 56 56 56 56 56 56 56 56 56 56 56 56 56 56 56 56 56 56 56
r76 0.598673
94 13 9 50 48 85 20 95 35 53 86 52 20 61 35 30 60 82 28 89 86 20 16 21 30 62 52 57 18 56
59 59 59 59 59 59 59 59 59 59 59 59 59 59 59 59 59 59 59 59 59 59 59 59 59 59 59 59 59 59
r77 0.898527
60 51 10 46 66 5 73 16 83 26 31 45 53 57 5 36 80 87 22 95 98 38 22 57 83 71 67 39 30 68
96 96 96 96 96 96 96 96 96 96 96 96 96 96 96 96 96 96 96 96 96 96 96 96 96 96 96 96 96 96
r78 0.995639
6 29 77 6 97 88 82 20 20 27 69 69 27 5 46 14 19 41 9 49 55 61 32 27 28 64 49 91 60 32
7 7 7 7 7 7 7 7 7 7 7 7 7 7 7 7 7 7 7 7 7 7 7 7 7 7 7 7 7 7
r79 0.503652
79 60 51 68 39 66 80 61 35 49 84 32 87 90 43 28 95 88 75 56 17 94 77 76 44 65 37 68 68 91
25 25 25 25 25 25 25 25 25 25 25 25 25 25 25 25 25 25 25 25 25 25 25 25 25 25 25 25 25 25
r80 0.881947
68 12 83 34 84 44 62 30 25 86 17 16 30 40 8 15 13 56 24 7 33 96 43 91 30 12 59 18 29 98
58 58 58 58 58 58 58 58 58 58 58 58 58 58 58 58 58 58 58 58 58 58 58 58 58 58 58 58 58 58
r81 0.617211
41 26 87 78 80 18 95 67 30 8 89 63 11 99 71 63 23 70 88 16 14 76 38 21 35 51 45 31 10 37
34 34 34 34 34 34 34 34 34 34 34 34 34 34 34 34 34 34 34 34 34 34 34 34 34 34 34 34 34 34
r82 0.757987
21 18 36 34 14 98 60 14 84 23 21 83 86 76 98 56 61 12 65 38 45 81 68 92 26 91 94 55 25 37
11 11 11 11 11 11 11 11 11 11 11 11 11 11 11 11 11 11 11 11 11 11 11 11 11 11 11 11 11 11
r83 0.727658
39 71 54 37 28 63 21 43 76 96 29 52 91 78 11 95 43 44 41 22 9 30 40 96 24 91 21 53 94 55
93 93 93 93 93 93 93 93 93 93 93 93 93 93 93 93 93 93 93 93 93 93 93 93 93 93 93 93 93 93
r84 0.508845
47 65 47 8 78 86 79 71 12 32 59 85 38 55 26 74 88 43 78 18 78 74 34 66 88 79 60 43 70 88
62 62 62 62 62 62 62 62 62 62 62 62 62 62 62 62 62 62 62 62 62 62 62 62 62 62 62 62 62 62
r85 0.831415
7 20 28 88 95 91 92 24 51 78 54 98 99 25 86 39 98 96 17 70 27 79 55 6 39 93 71 28 53 81
73 73 73 73 73 73 73 73 73 73 73 73 73 73 73 73 73 73 73 73 73 73 73 73 73 73 73 73 73 73
r86 0.883248
94 40 85 82 32 6 30 7 55 28 98 72 11 37 71 7 47 38 29 23 88 28 54 78 91 74 28 72 45 75
63 63 63 63 63 63 63 63 63 63 63 63 63 63 63 63 63 63 63 63 63 63 63 63 63 63 63 63 63 63
r87 0.514807
48 18 40 50 44 39 97 64 38 70 68 67 38 70 14 71 92 29 56 17 79 31 5 53 55 73 93 30 33 29
38 38 38 38 38 38 38 38 38 38 38 38 38 38 38 38 38 38 38 38 38 38 38 38 38 38 38 38 38 38
r88 0.705291
70 26 79 9 21 40 42 86 8 10 21 71 16 87 60 41 40 69 17 66 69 65 18 39 56 44 67 77 74 44
17 17 17 17 17 17 17 17 17 17 17 17 17 17 17 17 17 17 17 17 17 17 17 17 17 17 17 17 17 17
r89 0.700905
88 48 78 29 83 61 29 85 77 92 96 61 52 34 96 21 46 60 86 9 73 22 60 14 85 37 80 29 50 24
83 83 83 83 83 83 83 83 83 83 83 83 83 83 83 83 83 83 83 83 83 83 83 83 83 83 83 83 83 83
r90 0.630115
59 56 48 20 81 33 90 70 26 51 23 56 45 36 94 97 19 98 70 37 58 77 19 88 57 40 35 77 23 65
42 42 42 42 42 42 42 42 42 42 42 42 42 42 42 42 42 42 42 42 42 42 42 42 42 42 42 42 42 42
r91 0.843757
82 90 95 15 80 65 36 28 80 84 68 14 79 65 25 77 33 54 33 7 68 18 59 8 48 33 27 10 67 96
27 27 27 27 27 27 27 27 27 27 27 27 27 27 27 27 27 27 27 27 27 27 27 27 27 27 27 27 27 27
r92 0.638908
19 59 63 77 88 87 54 72 52 63 48 15 84 23 43 38 51 45 99 61 96 7 9 30 26 14 89 23 34 39
6 6 6 6 6 6 6 6 6 6 6 6 6 6 6 6 6 6 6 6 6 6 6 6 6 6 6 6 6 6
r93 0.804361
62 19 78 49 69 48 96 32 91 8 13 14 43 44 57 83 43 18 77 42 19 99 64 26 88 79 52 27 80 92
18 18 18 18 18 18 18 18 18 18 18 18 18 18 18 18 18 18 18 18 18 18 18 18 18 18 18 18 18 18
r94 0.529515
88 83 73 36 77 97 28 80 11 37 24 47 87 99 82 97 73 24 17 72 83 38 61 62 82 80 40 71 93 74
75 75 75 75 75 75 75 75 75 75 75 75 75 75 75 75 75 75 75 75 75 75 75 75 75 75 75 75 75 75
r95 0.500261
48 15 29 46 38 9 49 68 25 91 55 22 73 52 90 92 61 60 73 91 21 35 73 93 67 45 84 42 20 63
89 89 89 89 89 89 89 89 89 89 89 89 89 89 89 89 89 89 89 89 89 89 89 89 89 89 89 89 89 89
r96 0.5263
18 7 12 19 51 72 37 39 24 54 9 71 41 93 30 96 66 21 14 94 90 8 61 32 87 95 44 47 84 5
20 20 20 20 20 20 20 20 20 20 20 20 20 20 20 20 20 20 20 20 20 20 20 20 20 20 20 20 20 20
r97 0.795021
27 17 50 91 49 81 15 95 85 79 33 79 9 30 45 25 36 39 12 36 93 36 20 88 76 62 73 73 78 67
76 76 76 76 76 76 76 76 76 76 76 76 76 76 76 76 76 76 76 76 76 76 76 76 76 76 76 76 76 76
r98 0.678227
23 89 25 5 99 17 82 78 46 58 79 68 96 97 99 32 6 36 25 38 48 14 11 11 79 79 84 46 52 78
20 20 20 20 20 20 20 20 20 20 20 20 20 20 20 20 20 20 20 20 20 20 20 20 20 20 20 20 20 20
r99 0.992166
37 68 64 50 47 39 91 6 19 56 97 16 55 29 17 83 50 47 32 56 53 38 32 30 19 73 77 92 85 45
57 57 57 57 57 57 57 57 57 57 57 57 57 57 57 57 57 57 57 57 57 57 57 57 57 57 57 57 57 57
r100 0.531642
21 68 53 55 56 51 69 12 48 77 59 69 87 43 16 34 67 67 80 97 94 7 16 65 79 5 50 22 57 68
24 24 24 24 24 24 24 24 24 24 24 24 24 24 24 24 24 24 24 24 24 24 24 24 24 24 24 24 24 24
r101 0.987676
69 26 84 20 87 91 60 65 51 27 52 86 38 78 53 6 58 47 92 60 55 54 37 55 5 51 10 65 67 75
94 94 94 94 94 94 94 94 94 94 94 94 94 94 94 94 94 94 94 94 94 94 94 94 94 94 94 94 94 94
r102 0.816622
75 49 84 64 7 46 12 29 90 90 62 68 43 60 24 82 50 76 37 99 10 87 96 53 92 62 21 68 53 53
61 61 61 61 61 61 61 61 61 61 61 61 61 61 61 61 61 61 61 61 61 61 61 61 61 61 61 61 61 61
r103 0.717325
42 84 96 83 88 25 73 78 80 39 18 37 58 95 82 31 32 82 37 17 78 85 6 37 6 66 82 51 28 8
43 43 43 43 43 43 43 43 43 43 43 43 43 43 43 43 43 43 43 43 43 43 43 43 43 43 43 43 43 43
r104 0.804786
39 46 70 57 19 48 34 53 62 66 8 54 49 35 79 31 64 91 6 49 92 36 48 56 18 91 79 18 34 41
95 95 95 95 95 95 95 95 95 95 95 95 95 95 95 95 95 95 95 95 95 95 95 95 95 95 95 95 95 95
r105 0.621734
65 23 94 10 49 47 64 15 48 19 59 75 93 82 39 81 81 80 70 17 25 26 30 17 5 41 43 42 36 9
21 21 21 21 21 21 21 21 21 21 21 21 21 21 21 21 21 21 21 21 21 21 21 21 21 21 21 21 21 21
r106 0.73388
15 98 68 55 63 76 98 74 32 70 67 15 9 45 88 81 15 5 99 34 27 16 34 63 51 68 91 53 85 81
72 72 72 72 72 72 72 72 72 72 72 72 72 72 72 72 72 72 72 72 72 72 72 72 72 72 72 72 72 72
r107 0.947976
38 50 40 14 45 14 41 15 73 48 16 15 36 90 25 33 89 54 56 97 81 16 48 46 5 96 28 81 66 21
58 58 58 58 58 58 58 58 58 58 58 58 58 58 58 58 58 58 58 58 58 58 58 58 58 58 58 58 58 58
r108 0.605728
93 7 9 99 43 16 69 84 25 79 17 15 97 46 96 48 94 93 26 7 38 68 7 32 91 84 93 9 39 86
68 68 68 68 68 68 68 68 68 68 68 68 68 68 68 68 68 68 68 68 68 68 68 68 68 68 68 68 68 68
r109 0.601252
72 29 28 80 91 12 97 70 22 12 64 60 5 13 54 93 34 53 32 94 56 56 83 37 46 87 71 32 55 96
20 20 20 20 20 20 20 20 20 20 20 20 20 20 20 20 20 20 20 20 20 20 20 20 20 20 20 20 20 20
r110 0.819016
43 97 11 48 94 76 65 99 38 22 99 43 71 93 69 21 22 64 72 70 44 9 16 31 73 43 79 66 55 95
81 81 81 81 81 81 81 81 81 81 81 81 81 81 81 81 81 81 81 81 81 81 81 81 81 81 81 81 81 81
r111 0.795198
87 41 87 61 98 86 94 20 82 37 83 72 98 5 86 62 69 56 6 71 67 30 44 7 6 7 57 96 84 51
89 89 89 89 89 89 89 89 89 89 89 89 89 89 89 89 89 89 89 89 89 89 89 89 89 89 89 89 89 89
r112 0.602895
73 29 80 59 20 92 38 49 76 11 48 73 92 10 42 49 9 10 13 31 49 16 32 49 68 28 33 16 17 93
93 93 93 93 93 93 93 93 93 93 93 93 93 93 93 93 93 93 93 93 93 93 93 93 93 93 93 93 93 93
r113 0.975651
73 41 35 62 72 80 38 78 28 8 67 30 43 13 31 48 22 54 90 30 81 39 93 7 64 7 16 57 92 94
72 72 72 72 72 72 72 72 72 72 72 72 72 72 72 72 72 72 72 72 72 72 72 72 72 72 72 72 72 72
r114 0.541088
8 24 99 80 55 77 8 58 45 30 93 53 57 42 67 11 29 92 85 63 83 87 24 82 98 73 74 92 46 36
25 25 25 25 25 25 25 25 25 25 25 25 25 25 25 25 25 25 25 25 25 25 25 25 25 25 25 25 25 25
r115 0.762899
21 26 10 94 26 61 36 51 54 81 5 88 49 9 17 38 86 72 21 70 88 98 65 62 72 55 5 5 72 46
56 56 56 56 56 56 56 56 56 56 56 56 56 56 56 56 56 56 56 56 56 56 56 56 56 56 56 56 56 56
r116 0.560607
58 82 85 19 15 33 66 89 31 54 35 32 64 68 18 33 82 83 22 80 48 79 50 98 79 50 70 22 98 59
81 81 81 81 81 81 81 81 81 81 81 81 81 81 81 81 81 81 81 81 81 81 81 81 81 81 81 81 81 81
r117 0.932094
63 68 46 91 34 35 19 81 65 46 42 30 56 70 12 39 84 85 80 63 32 75 39 74 43 56 73 94 34 27
29 29 29 29 29 29 29 29 29 29 29 29 29 29 29 29 29 29 29 29 29 29 29 29 29 29 29 29 29 29
r118 0.870709
70 81 22 97 92 95 59 39 34 85 90 99 89 27 84 74 99 44 6 74 76 76 14 32 46 8 59 65 33 48
52 52 52 52 52 52 52 52 52 52 52 52 52 52 52 52 52 52 52 52 52 52 52 52 52 52 52 52 52 52
r119 0.819542
66 90 22 58 49 53 87 31 40 84 21 62 65 87 58 9 86 33 80 59 39 10 97 43 61 62 68 9 11 60
31 31 31 31 31 31 31 31 31 31 31 31 31 31 31 31 31 31 31 31 31 31 31 31 31 31 31 31 31 31
r120 0.721606
48 31 92 93 19 23 33 98 36 88 60 21 46 64 99 71 42 58 11 44 55 46 5 14 14 6 20 69 32 85
17 17 17 17 17 17 17 17 17 17 17 17 17 17 17 17 17 17 17 17 17 17 17 17 17 17 17 17 17 17
r121 0.662927
9 65 28 24 91 23 56 79 78 69 22 39 68 86 76 26 92 17 73 35 14 79 41 16 91 10 43 77 19 13
86 86 86 86 86 86 86 86 86 86 86 86 86 86 86 86 86 86 86 86 86 86 86 86 86 86 86 86 86 86
r122 0.857181
14 43 61 32 91 37 7 60 55 41 25 41 15 43 30 24 13 60 34 87 96 42 78 98 77 52 15 85 38 33
56 56 56 56 56 56 56 56 56 56 56 56 56 56 56 56 56 56 56 56 56 56 56 56 56 56 56 56 56 56
r123 0.881557
14 71 56 47 70 13 94 12 33 32 19 71 54 38 79 11 64 63 99 6 39 94 76 86 9 61 25 35 14 64
95 95 95 95 95 95 95 95 95 95 95 95 95 95 95 95 95 95 95 95 95 95 95 95 95 95 95 95 95 95
r124 0.81093
52 63 98 57 57 7 86 81 21 54 35 52 31 41 13 89 40 15 28 34 86 15 36 44 32 66 51 91 61 70
24 24 24 24 24 24 24 24 24 24 24 24 24 24 24 24 24 24 24 24 24 24 24 24 24 24 24 24 24 24
r125 0.784919
23 63 82 25 46 63 39 95 93 83 26 31 91 13 63 6 36 92 84 43 25 26 67 86 72 59 45 39 75 47
64 64 64 64 64 64 64 64 64 64 64 64 64 64 64 64 64 64 64 64 64 64 64 64 64 64 64 64 64 64
r126 0.54794
43 13 48 6 47 44 91 30 62 19 21 67 77 20 96 66 96 39 87 19 7 70 83 58 15 22 33 58 78 21
60 60 60 60 60 60 60 60 60 60 60 60 60 60 60 60 60 60 60 60 60 60 60 60 60 60 60 60 60 60
r127 0.943837
9 19 71 45 7 93 99 18 14 67 90 26 60 57 20 94 41 34 93 11 18 48 22 32 74 72 11 90 29 24
19 19 19 19 19 19 19 19 19 19 19 19 19 19 19 19 19 19 19 19 19 19 19 19 19 19 19 19 19 19
r128 0.506459
82 70 35 75 67 49 81 31 39 8 86 88 20 77 29 49 68 36 62 16 50 87 82 19 90 72 43 14 83 69
42 42 42 42 42 42 42 42 42 42 42 42 42 42 42 42 42 42 42 42 42 42 42 42 42 42 42 42 42 42
r129 0.807951
73 40 98 19 19 26 50 19 12 39 34 82 60 78 50 88 38 58 35 25 38 49 12 7 88 21 86 57 56 48
88 88 88 88 88 88 88 88 88 88 88 88 88 88 88 88 88 88 88 88 88 88 88 88 88 88 88 88 88 88
r130 0.900884
84 40 95 10 85 14 15 21 40 92 77 15 39 62 48 92 93 65 27 42 72 30 30 86 16 79 42 59 65 63
40 40 40 40 40 40 40 40 40 40 40 40 40 40 40 40 40 40 40 40 40 40 40 40 40 40 40 40 40 40
r131 0.591129
32 51 83 38 58 5 73 50 74 84 81 36 29 71 26 87 93 64 56 23 86 39 34 63 76 86 28 36 23 66
34 34 34 34 34 34 34 34 34 34 34 34 34 34 34 34 34 34 34 34 34 34 34 34 34 34 34 34 34 34
r132 0.550101
15 81 68 12 55 15 78 36 92 11 57 63 33 44 56 89 93 72 75 32 98 35 9 84 58 37 5 24 64 48
34 34 34 34 34 34 34 34 34 34 34 34 34 34 34 34 34 34 34 34 34 34 34 34 34 34 34 34 34 34
r133 0.958666
94 78 76 9 56 9 93 59 62 56 87 98 10 76 91 77 49 24 72 79 25 57 35 57 54 51 21 97 77 87
23 23 23 23 23 23 23 23 23 23 23 23 23 23 23 23 23 23 23 23 23 23 23 23 23 23 23 23 23 23
r134 0.77688
92 73 15 96 66 70 55 20 57 54 25 31 45 94 72 64 66 51 81 20 78 39 69 30 52 63 7 37 82 71
94 94 94 94 94 94 94 94 94 94 94 94 94 94 94 94 94 94 94 94 94 94 94 94 94 94 94 94 94 94
r135 0.567911
10 67 10 75 23 25 29 69 42 52 11 33 24 68 92 71 49 9 46 83 71 71 33 34 71 65 13 42 59 79
81 81 81 81 81 81 81 81 81 81 81 81 81 81 81 81 81 81 81 81 81 81 81 81 81 81 81 81 81 81
r136 0.910096
83 36 59 6 61 28 40 13 34 69 30 97 58 93 44 62 39 24 33 11 52 60 77 17 68 16 69 45 89 30
84 84 84 84 84 84 84 84 84 84 84 84 84 84 84 84 84 84 84 84 84 84 84 84 84 84 84 84 84 84
r137 0.853476
40 70 20 63 11 25 89 75 50 84 33 43 28 87 78 47 21 84 95 73 58 9 41 69 70 78 55 96 62 27
55 55 55 55 55 55 55 55 55 55 55 55 55 55 55 55 55 55 55 55 55 55 55 55 55 55 55 55 55 55
r138 0.871392
70 57 99 90 44 71 41 28 96 79 51 83 54 90 96 35 82 69 88 84 8 54 54 81 9 50 41 29 5 35
19 19 19 19 19 19 19 19 19 19 19 19 19 19 19 19 19 19 19 19 19 19 19 19 19 19 19 19 19 19
r139 0.647375
15 58 32 81 91 52 74 67 95 57 22 85 51 49 65 17 38 49 17 84 98 91 86 46 32 15 43 62 26 11
47 47 47 47 47 47 47 47 47 47 47 47 47 47 47 47 47 47 47 47 47 47 47 47 47 47 47 47 47 47
r140 0.683821
71 14 49 23 83 16 18 37 30 96 83 75 61 93 10 10 10 86 5 96 72 43 25 79 79 80 5 82 27 33
43 43 43 43 43 43 43 43 43 43 43 43 43 43 43 43 43 43 43 43 43 43 43 43 43 43 43 43 43 43
r141 0.739167
87 11 25 95 22 58 23 18 38 93 71 31 95 73 34 81 73 27 54 14 48 30 88 28 31 70 47 59 10 35
94 94 94 94 94 94 94 94 94 94 94 94 94 94 94 94 94 94 94 94 94 94 94 94 94 94 94 94 94 94
r142 0.500396
19 84 59 72 7 69 11 92 40 34 87 10 63 69 78 86 20 84 31 45 72 51 68 42 93 25 47 26 19 36
63 63 63 63 63 63 63 63 63 63 63 63 63 63 63 63 63 63 63 63 63 63 63 63 63 63 63 63 63 63
r143 0.855893
19 98 17 80 6 10 20 35 89 25 91 58 95 74 70 80 5 13 49 51 76 87 41 96 31 62 12 60 22 38
73 73 73 73 73 73 73 73 73 73 73 73 73 73 73 73 73 73 73 73 73 73 73 73 73 73 73 73 73 73
r144 0.589746
85 13 37 87 25 64 77 45 55 32 38 26 98 15 26 11 59 69 79 43 11 73 67 65 80 27 80 18 95 13
49 49 49 49 49 49 49 49 49 49 49 49 49 49 49 49 49 49 49 49 49 49 49 49 49 49 49 49 49 49
r145 0.78853
78 65 42 43 39 80 90 66 15 17 61 25 35 64 76 5 44 20 8 17 82 68 89 6 48 8 93 54 49 70
71 71 71 71 71 71 71 71 71 71 71 71 71 71 71 71 71 71 71 71 71 71 71 71 71 71 71 71 71 71
r146 0.62271
10 60 66 85 47 30 92 59 83 17 87 48 89 87 87 6 90 96 80 55 82 81 96 85 74 50 32 41 18 52
69 69 69 69 69 69 69 69 69 69 69 69 69 69 69 69 69 69 69 69 69 69 69 69 69 69 69 69 69 69
r147 0.672613
32 98 51 57 90 11 41 8 90 81 89 77 65 87 64 61 67 16 40 48 12 26 19 54 50 55 64 94 24 80
98 98 98 98 98 98 98 98 98 98 98 98 98 98 98 98 98 98 98 98 98 98 98 98 98 98 98 98 98 98
r148 0.561035
49 6 65 52 39 65 42 17 54 19 77 38 75 35 5 87 71 45 91 89 59 43 39 15 7 33 31 79 28 75
54 54 54 54 54 54 54 54 54 54 54 54 54 54 54 54 54 54 54 54 54 54 54 54 54 54 54 54 54 54
r149 0.594051
17 25 10 77 62 23 29 74 95 62 49 28 60 33 94 5 25 83 60 63 19 67 62 44 93 39 67 69 85 39
40 40 40 40 40 40 40 40 40 40 40 40 40 40 40 40 40 40 40 40 40 40 40 40 40 40 40 40 40 40
r150 0.813309
45 72 19 63 93 88 56 52 37 79 12 66 70 10 83 50 65 46 64 32 5 5 25 39 67 86 25 98 26 19
55 55 55 55 55 55 55 55 55 55 55 55 55 55 55 55 55 55 55 55 55 55 55 55 55 55 55 55 55 55
r151 0.550908
69 27 76 57 75 29 86 51 33 49 21 38 32 66 98 70 30 27 71 27 45 10 89 28 27 85 50 42 40 11
25 25 25 25 25 25 25 25 25 25 25 25 25 25 25 25 25 25 25 25 25 25 25 25 25 25 25 25 25 25
r152 0.989654
97 58 6 26 41 52 51 86 69 85 18 35 80 84 58 5 55 77 45 57 67 68 80 49 15 22 84 21 42 85
47 47 47 47 47 47 47 47 47 47 47 47 47 47 47 47 47 47 47 47 47 47 47 47 47 47 47 47 47 47
r153 0.573946
45 54 76 92 6 62 58 86 76 86 63 60 41 63 12 18 8 64 80 69 41 26 76 55 10 90 90 87 34 26
27 27 27 27 27 27 27 27 27 27 27 27 27 27 27 27 27 27 27 27 27 27 27 27 27 27 27 27 27 27
r154 0.727663
99 66 77 61 22 60 34 8 23 86 44 82 93 57 82 55 35 48 91 56 22 44 59 12 34 46 41 55 69 12
31 31 31 31 31 31 31 31 31 31 31 31 31 31 31 31 31 31 31 31 31 31 31 31 31 31 31 31 31 31
r155 0.986414
5 26 87 60 53 90 79 39 31 58 30 84 37 77 16 81 68 67 98 9 26 7 38 68 40 89 34 47 17 94
17 17 17 17 17 17 17 17 17 17 17 17 17 17 17 17 17 17 17 17 17 17 17 17 17 17 17 17 17 17
r156 0.695858
97 73 65 87 49 5 16 7 27 95 40 99 11 18 64 70 16 69 92 15 7 57 50 88 86 92 6 80 6 19
92 92 92 92 92 92 92 92 92 92 92 92 92 92 92 92 92 92 92 92 92 92 92 92 92 92 92 92 92 92
r157 0.625368
55 83 34 55 94 33 74 89 65 73 92 78 37 62 86 6 51 96 9 5 46 89 83 35 90 63 37 6 53 35
86 86 86 86 86 86 86 86 86 86 86 86 86 86 86 86 86 86 86 86 86 86 86 86 86 86 86 86 86 86
r158 0.511354
17 55 12 42 29 93 8 94 82 78 31 42 65 33 88 58 34 89 97 20 69 32 11 30 64 12 78 92 90 78
10 10 10 10 10 10 10 10 10 10 10 10 10 10 10 10 10 10 10 10 10 10 10 10 10 10 10 10 10 10
r159 0.732103
15 42 51 5 42 45 83 20 68 25 80 93 10 36 24 91 33 40 61 60 46 86 22 50 61 14 38 36 16 34
58 58 58 58 58 58 58 58 58 58 58 58 58 58 58 58 58 58 58 58 58 58 58 58 58 58 58 58 58 58
r160 0.691861
6 24 13 43 99 26 11 21 98 5 23 34 21 12 59 56 68 20 94 51 34 42 9 43 72 40 51 6 90 70
70 70 70 70 70 70 70 70 70 70 70 70 70 70 70 70 70 70 70 70 70 70 70 70 70 70 70 70 70 70
r161 0.948766
78 31 82 96 37 95 95 34 18 26 51 25 81 99 85 96 94 33 27 33 37 65 5 69 13 6 56 75 71 44
61 61 61 61 61 61 61 61 61 61 61 61 61 61 61 61 61 61 61 61 61 61 61 61 61 61 61 61 61 61
r162 0.771313
40 43 5 35 35 34 46 57 77 63 38 74 46 31 65 74 53 93 9 15 93 73 23 91 27 94 60 66 52 7
37 37 37 37 37 37 37 37 37 37 37 37 37 37 37 37 37 37 37 37 37 37 37 37 37 37 37 37 37 37
r163 0.770663
37 20 73 63 61 30 38 25 60 12 66 86 72 37 39 62 41 49 52 12 64 43 34 58 95 95 8 97 32 91
37 37 37 37 37 37 37 37 37 37 37 37 37 37 37 37 37 37 37 37 37 37 37 37 37 37 37 37 37 37
r164 0.692402
10 25 65 32 58 82 87 62 45 70 31 77 9 88 19 50 40 26 14 75 52 65 71 47 68 65 72 56 97 33
59 59 59 59 59 59 59 59 59 59 59 59 59 59 59 59 59 59 59 59 59 59 59 59 59 59 59 59 59 59
r165 0.789022
24 28 5 6 12 62 46 77 88 24 81 73 35 28 13 53 35 81 5 95 49 47 60 14 16 16 9 45 70 5
87 87 87 87 87 87 87 87 87 87 87 87 87 87 87 87 87 87 87 87 87 87 87 87 87 87 87 87 87 87
r166 0.660315
88 88 36 47 32 14 33 48 87 6 78 16 12 28 46 88 28 38 34 67 93 40 76 6 44 18 68 45 5 55
66 66 66 66 66 66 66 66 66 66 66 66 66 66 66 66 66 66 66 66 66 66 66 66 66 66 66 66 66 66
r167 0.596416
97 33 68 8 61 13 91 59 83 99 66 11 45 51 31 75 80 90 68 21 66 66 57 79 34 94 77 85 60 62
23 23 23 23 23 23 23 23 23 23 23 23 23 23 23 23 23 23 23 23 23 23 23 23 23 23 23 23 23 23
r168 0.54404
83 58 48 91 49 8 74 45 66 77 85 18 5 60 90 90 25 11 57 86 61 33 21 55 10 98 16 68 18 66
55 55 55 55 55 55 55 55 55 55 55 55 55 55 55 55 55 55 55 55 55 55 55 55 55 55 55 55 55 55
r169 0.741272
96 84 63 99 55 8 62 32 89 75 32 46 66 19 64 69 68 50 30 97 63 78 99 58 86 67 71 49 20 64
65 65 65 65 65 65 65 65 65 65 65 65 65 65 65 65 65 65 65 65 65 65 65 65 65 65 65 65 65 65
r170 0.583539
28 15 98 32 69 27 18 45 54 56 8 66 20 69 34 63 92 31 23 70 31 77 56 90 45 5 10 10 65 21
50 50 50 50 50 50 50 50 50 50 50 50 50 50 50 50 50 50 50 50 50 50 50 50 50 50 50 50 50 50
r171 0.565399
49 18 93 71 31 35 23 79 38 81 95 99 15 58 91 39 73 61 65 50 14 52 88 14 58 90 72 71 40 58
92 92 92 92 92 92 92 92 92 92 92 92 92 92 92 92 92 92 92 92 92 92 92 92 92 92 92 92 92 92
r172 0.766408
82 50 91 17 65 70 47 46 65 46 56 20 38 90 89 91 52 36 6 5 21 15 55 11 79 23 44 37 15 25
5 5 5 5 5 5 5 5 5 5 5 5 5 5 5 5 5 5 5 5 5 5 5 5 5 5 5 5 5 5
r173 0.522177
91 6 32 62 48 70 24 87 27 37 25 14 23 16 59 54 14 56 71 25 8 74 99 26 18 34 34 36 34 23
98 98 98 98 98 98 98 98 98 98 98 98 98 98 98 98 98 98 98 98 98 98 98 98 98 98 98 98 98 98
r174 0.845216
28 77 62 93 93 49 17 30 66 27 48 75 78 95 84 34 66 6 34 37 98 55 51 32 81 82 58 97 80 73
19 19 19 19 19 19 19 19 19 19 19 19 19 19 19 19 19 19 19 19 19 19 19 19 19 19 19 19 19 19
r175 0.53588
73 94 44 23 11 66 81 30 12 56 8 7 38 34 65 39 63 97 34 16 48 61 89 27 20 86 5 85 97 5
36 36 36 36 36 36 36 36 36 36 36 36 36 36 36 36 36 36 36 36 36 36 36 36 36 36 36 36 36 36
r176 0.687438
72 86 98 35 67 28 42 21 29 44 51 55 9 82 16 99 17 27 44 73 13 67 85 95 67 71 89 64 99 60
56 56 56 56 56 56 56 56 56 56 56 56 56 56 56 56 56 56 56 56 56 56 56 56 56 56 56 56 56 56
r177 0.731892
54 98 11 74 38 27 95 77 73 51 79 55 59 75 67 78 19 38 86 81 20 78 45 83 68 10 82 28 61 47
67 67 67 67 67 67 67 67 67 67 67 67 67 67 67 67 67 67 67 67 67 67 67 67 67 67 67 67 67 67
r178 0.626908
73 81 76 92 74 50 65 25 26 17 76 96 77 54 16 15 40 92 27 19 38 11 79 40 85 99 93 33 66 5
71 71 71 71 71 71 71 71 71 71 71 71 71 71 71 71 71 71 71 71 71 71 71 71 71 71 71 71 71 71
r179 0.708931
44 28 52 89 85 69 16 98 45 12 72 94 23 79 32 13 6 43 43 12 22 75 90 21 68 20 80 65 83 13
43 43 43 43 43 43 43 43 43 43 43 43 43 43 43 43 43 43 43 43 43 43 43 43 43 43 43 43 43 43
r180 0.67949
91 16 19 60 24 14 98 29 81 89 44 60 21 52 59 59 87 63 73 62 53 87 27 68 64 87 51 72 31 70
6 6 6 6 6 6 6 6 6 6 6 6 6 6 6 6 6 6 6 6 6 6 6 6 6 6 6 6 6 6
r181 0.562412
21 74 98 30 69 27 9 59 64 61 75 16 20 32 96 79 97 55 32 81 78 93 45 65 41 15 91 12 16 7
86 86 86 86 86 86 86 86 86 86 86 86 86 86 86 86 86 86 86 86 86 86 86 86 86 86 86 86 86 86
r182 0.82483
81 52 43 9 56 97 65 14 70 76 30 94 69 9 91 25 33 73 98 26 15 60 60 22 49 67 34 51 50 55
25 25 25 25 25 25 25 25 25 25 25 25 25 25 25 25 25 25 25 25 25 25 25 25 25 25 25 25 25 25
r183 0.523662
64 35 52 58 95 62 28 69 87 22 35 91 11 55 21 76 50 40 83 8 95 6 52 62 32 98 12 82 21 38
79 79 79 79 79 79 79 79 79 79 79 79 79 79 79 79 79 79 79 79 79 79 79 79 79 79 79 79 79 79
r184 0.881521
31 35 58 88 59 24 75 73 55 63 76 7 77 52 50 17 36 53 12 37 97 69 64 92 73 43 13 8 22 88
66 66 66 66 66 66 66 66 66 66 66 66 66 66 66 66 66 66 66 66 66 66 66 66 66 66 66 66 66 66
r185 0.972797
25 34 75 41 7 45 88 62 22 88 39 69 38 51 97 83 58 31 77 24 87 69 92 28 78 93 45 63 59 86
79 79 79 79 79 79 79 79 79 79 79 79 79 79 79 79 79 79 79 79 79 79 79 79 79 79 79 79 79 79
r186 0.909876
54 21 20 92 6 77 14 89 17 75 27 63 70 7 19 96 79 38 81 46 28 9 24 21 46 82 75 33 59 52
43 43 43 43 43 43 43 43 43 43 43 43 43 43 43 43 43 43 43 43 43 43 43 43 43 43 43 43 43 43
r187 0.505809
58 97 66 32 11 56 44 79 75 5 46 75 19 42 51 49 23 92 72 24 13 85 66 91 58 91 50 10 34 55
67 67 67 67 67 67 67 67 67 67 67 67 67 67 67 67 67 67 67 67 67 67 67 67 67 67 67 67 67 67
r188 0.636389
33 16 53 81 53 32 54 53 73 29 64 13 72 10 28 65 78 45 70 63 11 61 18 97 8 23 28 56 85 12
98 98 98 98 98 98 98 98 98 98 98 98 98 98 98 98 98 98 98 98 98 98 98 98 98 98 98 98 98 98
r189 0.916779
51 89 68 76 43 18 46 64 74 51 34 80 75 91 58 20 61 18 23 20 32 17 20 47 40 68 30 44 66 38
56 56 56 56 56 56 56 56 56 56 56 56 56 56 56 56 56 56 56 56 56 56 56 56 56 56 56 56 56 56
r190 0.946224
25 86 63 35 32 24 10 79 50 85 51 41 40 63 98 53 78 15 77 90 30 22 27 94 47 63 57 80 19 67
99 99 99 99 99 99 99 99 99 99 99 99 99 99 99 99 99 99 99 99 99 99 99 99 99 99 99 99 99 99
r191 0.999211
59 67 78 79 72 57 29 57 5 63 92 60 58 42 38 68 17 28 93 34 47 84 76 10 39 53 24 6 49 56
55 55 55 55 55 55 55 55 55 55 55 55 55 55 55 55 55 55 55 55 55 55 55 55 55 55 55 55 55 55
r192 0.654004
33 80 87 82 6 44 79 64 33 39 22 70 72 82 82 92 73 13 39 57 84 44 91 34 60 90 79 13 45 83
31 31 31 31 31 31 31 31 31 31 31 31 31 31 31 31 31 31 31 31 31 31 31 31 31 31 31 31 31 31
r193 0.777656
18 49 61 54 28 26 82 62 40 50 31 23 29 23 91 38 57 45 19 93 34 49 53 24 25 62 61 5 85 31
60 60 60 60 60 60 60 60 60 60 60 60 60 60 60 60 60 60 60 60 60 60 60 60 60 60 60 60 60 60
r194 0.780411
18 47 95 39 30 57 72 72 83 87 96 98 75 31 55 17 46 48 46 87 93 62 9 55 23 9 38 46 61 34
18 18 18 18 18 18 18 18 18 18 18 18 18 18 18 18 18 18 18 18 18 18 18 18 18 18 18 18 18 18
r195 0.632158
13 11 98 62 75 67 42 62 64 40 34 87 87 46 33 32 88 17 26 50 21 73 66 25 11 12 78 37 23 53
11 11 11 11 11 11 11 11 11 11 11 11 11 11 11 11 11 11 11 11 11 11 11 11 11 11 11 11 11 11
r196 0.996445
6 86 34 69 25 88 30 58 22 17 45 63 43 73 48 55 91 91 69 64 57 86 71 61 65 5 79 18 8 8
69 69 69 69 69 69 69 69 69 69 69 69 69 69 69 69 69 69 69 69 69 69 69 69 69 69 69 69 69 69
r197 0.969405
95 71 8 83 93 61 97 7 7 60 42 72 6 90 63 92 59 27 46 45 90 99 10 88 76 20 91 79 84 93
62 62 62 62 62 62 62 62 62 62 62 62 62 62 62 62 62 62 62 62 62 62 62 62 62 62 62 62 62 62
r198 0.606463
65 59 51 27 56 51 26 14 88 90 15 78 50 99 37 69 45 75 60 44 77 45 20 93 36 91 74 27 50 51
83 83 83 83 83 83 83 83 83 83 83 83 83 83 83 83 83 83 83 83 83 83 83 83 83 83 83 83 83 83
r199 0.945158
32 35 56 78 53 65 66 43 72 42 88 71 71 57 16 43 14 52 21 54 65 14 83 56 80 7 99 31 82 12
31 31 31 31 31 31 31 31 31 31 31 31 31 31 31 31 31 31 31 31 31 31 31 31 31 31 31 31 31 31
r200 0.777486
82 87 87 44 51 27 16 85 15 79 53 64 87 92 71 39 13 22 96 22 5 50 97 99 49 26 82 56 52 88
90 90 90 90 90 90 90 90 90 90 90 90 90 90 90 90 90 90 90 90 90 90 90 90 90 90 90 90 90 90
