200 30 8 1 20
0 0.25
35509 31287 33683 38918 41845 39683 39233 41723 40172 32861 34028 35147 35449 43748 32905 38492 37641 42460 42212 34476 37583 33035 37499 40525 32709 36388 36755 43088 42456 31310
w1 0.5
4465 4098 3602 1735 4295 1637 2320 4370 2810 2182 2750 1957 1983 4498 2214 1827 3139 3027 2039 1616 1610 2074 3467 3135 2136 4207 3891 3224 2015 2553
w2 0.5
2333 2503 3746 2568 2299 4236 3741 2521 2898 1775 3772 3355 2258 4122 4421 2586 2762 2948 3477 3230 3058 4404 2197 2046 2040 1905 1789 3764 2420 2842
w3 0.5
3605 3846 3859 1674 1997 3595 3915 3018 1993 4190 2642 4200 2300 2265 4473 3738 3879 2922 3068 2609 1832 2972 3658 2378 3512 4415 2667 3128 2688 4362
w4 0.5
1793 3708 2600 2319 4205 2047 1734 3075 2892 1776 1570 2592 2929 2687 2917 2167 2066 4339 3735 3527 2024 2559 2685 2902 1571 2953 4422 3200 4141 4284
w5 0.5
4434 3844 3041 2254 3901 3940 2840 2828 2332 3469 2898 3776 1898 4437 2193 2917 2003 2033 2505 4382 2909 3564 2920 4311 3636 4373 1585 2688 4014 1721
w6 0.5
3948 4065 2022 2054 3818 4462 3395 2147 2646 2364 3897 1922 3114 3835 2615 1531 1690 3500 2536 1925 1909 1601 3345 2073 3737 3218 2510 2277 2732 2732
w7 0.5
2532 2649 1780 3439 2320 2094 2334 2967 3592 3550 2716 4014 2164 2051 2481 2195 2594 4482 3584 3019 1891 3685 2216 2816 3274 3934 3827 4051 2518 2411
w8 0.5
3902 3560 4441 2841 4380 2387 4027 3199 4479 3077 4416 3993 4093 2319 1974 2141 3765 2308 4225 2636 3052 3410 3352 4368 2536 2786 4047 2087 4156 1958
w9 0.5
3559 4371 1689 2252 1603 2576 1780 3655 2555 3709 3923 2400 3303 1742 3226 4296 4360 4035 4021 2496 2587 3283 4349 2807 4319 2987 2355 1906 2644 3165
w10 0.5
2055 3036 2695 2807 3492 4123 3087 2647 2530 2649 2070 3430 1804 2664 2156 1600 2876 2043 4121 3873 3482 2904 4074 1790 3075 2913 2997 3833 4409 1662
w11 0.5
1964 3551 3034 3624 2895 2657 2563 4394 3687 3712 2316 2969 4016 3480 3977 4116 2209 1521 4089 1934 3855 2845 1508 4497 4420 3273 2994 3753 3183 3509
w12 0.5
3647 2912 2978 2771 1659 4135 3835 1553 3674 3399 2369 2495 2916 1701 1973 2884 2410 2346 2826 2844 1701 1523 3204 1699 4444 1978 3545 4049 3661 2906
w13 0.5
3160 4318 2472 1784 4477 2460 4471 1882 1986 3370 2751 2982 2138 3305 3455 3875 1567 4301 2201 2912 1854 2224 1968 2405 2520 2798 4451 2422 1959 2857
w14 0.5
3972 3028 2888 4256 3357 4200 4227 3740 1687 3097 2343 3169 3736 1500 2476 3463 1568 2629 1516 3332 2983 2240 3800 4241 3613 2099 4192 1535 2910 2901
w15 0.5
2382 4429 4043 2490 3639 3744 2217 3231 4283 4167 4074 3304 3755 4427 4280 2718 4495 2409 2734 3327 4244 3826 2979 3985 3291 3930 4029 3326 2341 2431
w16 0.5
3575 2712 4025 1566 2203 3269 2635 3934 3404 2302 3861 2208 1557 3788 1988 2775 3783 3249 4009 2962 3345 3688 4441 2831 2479 3872 2712 1658 2065 3995
w17 0.5
4140 2560 4164 1558 3263 3285 2694 2698 2189 3496 2411 2897 3906 1699 3737 2181 4334 2486 2043 2796 4332 4231 3089 3015 2210 2461 4227 2368 3026 3723
w18 0.5
3019 1783 2524 3429 3898 4310 1975 2448 2351 4324 3359 3749 3730 3910 2986 4411 4096 4325 2306 2392 4157 2037 3982 2672 3100 2295 2751 4320 4174 1974
w19 0.5
3045 2609 3705 1974 2360 3867 2450 3308 2070 2274 2520 4319 1856 1930 3158 1767 1527 2983 2574 2771 2992 3463 2605 4164 2063 3401 2415 2236 3427 3242
w20 0.5
1972 1703 2973 2798 2563 2692 4100 1724 3263 2226 2744 3434 2582 3526 2092 3202 3905 3927 4276 2177 2419 3591 3634 2435 1507 2887 3703 2243 1814 2797
r1 0.972476
5 70 12 21 64 79 42 67 6 81 7 65 19 71 22 65 16 85 59 12 47 23 63 49 56 66 92 52 33 63
71 30 30 75 43 90 51 80 54 49 58 53 15 73 22 29 38 33 15 92 40 54 12 98 98 60 61 87 13 86
r2 0.883182
17 70 51 55 60 94 36 14 44 89 60 54 62 77 75 92 10 85 81 45 39 89 41 34 46 94 18 54 81 58
30 93 28 73 45 80 68 76 86 9 63 46 55 22 23 30 12 25 13 88 66 47 74 99 74 21 93 84 67 71
r3 0.647262
64 65 63 10 42 28 78 29 32 38 70 79 56 86 10 60 11 18 48 69 57 20 65 31 33 56 16 95 27 50
85 87 13 46 89 50 66 67 74 91 6 42 70 54 25 75 14 31 85 54 96 40 66 58 66 94 14 74 87 37
r4 0.606398
24 30 15 13 75 77 72 47 68 70 81 38 21 6 11 27 32 88 77 25 28 40 76 87 35 85 58 19 22 75
83 38 5 94 43 73 71 16 20 36 78 93 66 95 94 72 19 23 58 88 41 81 29 17 68 56 97 27 70 20
r5 0.508875
53 95 44 92 65 12 5 80 43 75 73 7 67 64 74 82 82 32 70 23 11 94 32 74 47 30 93 14 42 88
60 87 80 99 76 45 9 76 25 44 52 90 46 19 51 18 93 33 42 64 49 48 55 76 20 98 98 13 12 40
r6 0.776124
25 76 64 96 21 68 73 38 12 22 25 51 33 71 64 27 97 6 83 46 47 38 19 62 33 18 70 38 50 64
97 70 40 61 67 54 26 37 87 31 51 10 74 76 76 38 95 73 36 78 16 78 14 31 40 39 41 8 72 83
r7 0.704214
51 7 28 15 53 47 47 41 70 90 46 44 66 19 77 62 85 10 40 96 81 46 27 18 81 60 21 53 44 83
20 87 83 41 97 36 80 44 69 50 31 12 89 92 24 63 51 9 65 84 5 46 30 25 60 11 77 76 57 18
r8 0.766682
5 37 7 97 65 82 38 32 29 64 36 15 54 55 70 5 59 36 84 57 77 12 74 37 15 51 11 67 65 60
34 62 92 33 60 57 13 93 81 37 58 18 45 12 68 15 9 25 46 89 74 21 96 45 50 11 91 53 71 53
r9 0.744254
16 97 30 71 55 38 61 33 68 16 46 10 23 12 20 28 29 59 14 95 75 10 40 22 13 31 71 79 77 76
73 88 74 99 56 26 34 14 54 94 26 96 99 44 5 17 64 29 71 70 21 43 72 56 60 81 79 28 57 56
r10 0.767218
41 74 27 89 95 53 99 46 48 25 39 44 61 39 56 23 60 27 88 76 65 61 32 23 39 9 43 91 60 43
19 97 14 41 86 6 90 82 48 35 7 79 74 61 19 28 79 71 50 64 45 13 25 69 28 59 73 66 48 34
r11 0.980471
28 16 96 11 18 83 89 58 18 88 37 84 49 48 12 25 20 55 85 57 60 7 26 83 59 92 49 7 26 51
64 46 63 57 52 73 40 38 31 50 24 60 35 68 9 39 86 21 86 68 73 46 70 91 29 29 83 71 31 6
r12 0.872603
44 77 45 89 47 81 27 70 28 43 31 55 12 32 90 90 48 76 58 18 20 28 6 44 50 82 15 76 83 30
61 25 99 7 14 47 80 33 17 8 72 40 59 76 67 49 66 12 22 24 22 34 44 24 74 89 6 81 63 81
r13 0.913157
6 11 26 15 50 6 44 59 7 16 95 61 87 62 7 50 67 21 66 84 51 10 8 25 92 6 98 55 83 10
74 84 13 93 92 55 91 36 14 93 44 9 54 28 64 53 73 28 70 39 12 21 41 13 38 33 14 36 80 89
r14 0.513309
74 46 42 63 93 33 94 8 24 35 9 70 58 65 24 28 88 89 59 96 10 95 9 43 26 15 74 98 5 13
50 71 51 84 34 42 18 25 45 37 52 46 99 7 12 23 30 95 12 84 91 14 76 92 49 94 5 24 93 5
r15 0.862794
68 72 25 94 14 35 16 51 64 63 93 63 65 5 82 90 95 86 71 84 96 44 76 45 36 76 61 29 73 82
61 38 55 78 32 61 13 43 13 69 6 6 30 63 6 12 50 93 90 18 77 83 58 51 26 89 24 82 15 93
r16 0.644667
28 14 47 56 70 52 91 75 19 93 73 44 53 71 51 99 65 38 17 39 22 67 85 43 56 10 22 63 95 79
32 23 85 71 71 56 20 63 28 34 56 97 73 6 68 21 5 33 55 18 68 69 80 50 9 34 55 26 92 47
r17 0.843348
66 83 84 37 36 5 95 60 31 48 54 5 50 22 18 47 48 65 60 13 34 38 58 35 67 11 54 56 53 52
70 16 32 51 49 61 48 41 21 75 82 70 72 32 84 85 74 32 48 32 40 74 65 91 10 29 97 59 77 47
r18 0.554532
59 35 91 8 91 39 41 9 14 23 71 81 47 53 64 19 80 12 43 18 81 5 6 86 29 95 42 98 42 45
43 96 76 34 96 64 65 38 66 75 53 34 53 93 82 14 9 60 21 47 73 95 47 71 81 68 66 21 63 8
r19 0.639433
5 34 32 93 94 93 28 57 65 74 86 18 67 69 28 71 26 41 18 94 36 57 62 15 22 28 31 80 31 87
79 28 19 11 19 13 96 42 62 61 16 48 72 78 14 92 46 35 33 56 26 62 10 83 69 27 8 95 5 32
r20 0.823527
52 93 85 66 98 79 9 57 40 17 6 9 88 12 96 34 40 27 83 58 84 88 39 50 13 42 45 13 69 21
87 22 12 69 83 10 48 84 63 81 94 61 85 82 65 79 13 97 6 88 56 82 77 90 29 85 29 69 90 94
r21 0.697628
13 89 43 88 92 84 70 52 62 64 10 47 43 67 23 48 65 21 37 18 95 14 8 24 91 32 85 78 23 68
55 28 54 90 17 46 74 79 90 36 40 92 76 78 60 91 26 25 13 58 38 5 64 38 25 52 62 7 30 78
r22 0.525651
6 22 68 15 60 39 89 51 68 29 43 41 99 95 32 26 20 37 76 50 38 41 80 55 88 43 57 19 21 25
88 19 39 56 30 94 88 16 42 56 38 78 92 37 73 21 55 86 54 32 33 84 68 14 39 53 49 88 64 62
r23 0.931197
76 47 6 98 39 89 15 73 42 45 51 31 77 22 48 30 5 94 57 33 78 22 39 14 70 83 97 32 45 8
80 19 47 78 17 81 68 24 52 7 64 98 34 39 17 77 64 17 68 18 43 46 35 77 52 97 58 49 29 95
r24 0.992771
14 92 80 24 70 45 43 22 47 5 18 76 36 30 50 92 40 18 10 78 56 40 52 8 37 7 50 59 98 94
60 9 86 37 28 57 74 64 71 22 64 84 90 92 12 38 84 47 48 89 22 5 26 66 5 55 69 50 14 64
r25 0.679566
68 31 99 89 80 74 53 52 88 14 33 75 6 40 13 85 79 54 71 93 54 92 60 51 47 26 97 54 82 42
21 47 65 20 36 43 86 81 90 71 90 20 47 88 53 52 70 32 6 41 26 52 30 78 99 73 96 96 27 75
r26 0.788811
22 92 55 51 35 39 32 22 10 23 38 49 8 86 97 74 15 95 15 33 48 41 8 44 11 99 40 33 74 67
68 89 59 20 40 90 54 67 9 57 82 42 98 86 25 95 57 36 88 67 64 33 5 68 72 11 64 9 36 36
r27 0.896349
25 27 17 57 14 63 24 19 20 99 56 19 82 77 11 39 10 91 98 69 24 99 37 91 10 97 95 42 33 63
38 50 83 50 7 92 14 23 11 26 19 60 37 96 34 41 32 39 32 31 5 52 30 38 40 32 32 36 66 57
r28 0.74464
99 74 47 6 67 53 24 70 75 36 27 12 32 53 45 57 87 73 83 85 25 10 20 57 37 47 85 99 96 77
96 95 48 43 93 15 89 14 78 64 45 97 68 70 51 14 27 35 82 10 20 99 12 35 53 41 74 39 37 70
r29 0.791163
62 59 69 55 67 58 65 42 19 10 39 82 75 82 88 94 18 67 99 33 63 8 61 17 45 35 51 77 98 59
8 57 18 69 13 77 24 70 19 38 72 51 17 48 33 98 42 46 65 39 72 29 39 33 38 79 60 84 54 55
r30 0.833356
13 53 26 18 31 45 83 42 75 55 88 87 95 22 85 35 60 48 66 29 69 5 54 7 77 15 83 31 62 26
80 67 71 6 80 97 43 60 40 18 13 25 97 5 39 80 35 95 25 93 24 89 91 74 91 68 81 74 91 43
r31 0.813763
11 63 69 83 58 12 44 90 22 52 15 16 52 50 88 80 42 13 70 58 97 58 29 85 23 10 56 14 46 45
77 49 9 46 32 59 50 68 49 64 17 56 76 62 98 61 39 40 70 9 91 64 60 20 47 78 26 98 85 64
r32 0.720326
10 45 9 34 99 54 98 48 16 12 99 87 69 95 45 8 35 15 10 26 72 65 39 19 40 57 17 25 21 53
83 26 93 84 55 92 35 50 37 46 58 34 30 27 29 71 28 56 78 30 75 50 90 14 61 30 66 71 48 82
r33 0.761487
5 15 15 52 7 42 98 37 84 56 66 14 75 87 80 98 43 56 28 18 6 15 27 60 38 85 31 81 67 50
9 64 60 16 17 60 53 15 89 37 63 55 44 38 39 21 34 77 72 54 88 71 62 15 31 95 96 57 73 60
r34 0.927432
22 57 85 34 14 38 41 98 68 99 50 9 34 81 25 60 58 93 15 46 61 72 54 87 64 47 41 37 99 37
11 21 86 88 47 95 26 83 90 86 79 37 90 11 18 16 66 69 6 76 15 62 45 61 46 6 8 82 38 5
r35 0.637042
21 98 29 64 90 48 44 78 31 21 15 22 27 29 30 88 90 28 62 5 85 7 59 31 6 59 10 36 59 18
73 73 16 94 34 7 42 73 80 69 89 87 83 16 13 10 97 98 33 59 96 15 58 55 38 59 14 43 91 66
r36 0.511541
39 65 55 68 64 90 38 41 56 28 25 39 36 34 41 33 29 69 87 25 79 43 72 14 97 82 52 88 45 97
49 79 62 5 44 23 87 77 59 43 97 80 74 31 11 15 59 35 79 44 56 55 82 28 64 76 7 13 65 44
r37 0.924031
23 65 8 59 83 90 37 40 33 31 17 7 57 23 14 14 50 85 53 6 40 32 27 96 5 26 6 65 66 9
69 81 69 69 41 49 60 70 81 85 96 93 85 54 13 94 63 59 77 13 60 14 37 79 11 37 98 9 95 64
r38 0.957419
42 74 30 78 21 85 45 97 68 42 91 50 88 99 41 48 58 18 56 16 28 85 87 31 22 85 35 17 46 41
73 84 12 99 59 28 81 5 23 46 39 11 91 27 7 33 67 58 43 23 66 66 8 53 92 22 39 25 32 77
r39 0.931898
61 65 96 18 86 75 15 9 21 49 15 10 68 14 35 35 67 73 50 33 37 50 79 29 67 15 46 91 87 7
89 49 65 82 59 51 57 69 55 71 18 62 73 78 68 8 10 36 73 55 61 10 97 40 32 61 50 73 53 35
r40 0.626546
76 38 24 35 84 74 99 36 42 14 90 15 87 55 15 92 86 80 44 45 86 41 77 18 97 25 83 50 55 56
84 31 89 6 61 70 72 57 98 11 66 85 18 50 41 28 42 24 5 78 64 86 19 39 96 13 59 77 56 11
r41 0.80701
37 20 38 90 82 10 47 78 16 10 63 26 55 99 49 89 21 47 67 80 33 81 16 27 86 70 99 42 76 29
75 10 44 13 92 24 16 36 97 24 41 60 46 91 57 87 80 73 34 44 50 60 25 62 82 12 29 78 46 98
r42 0.922939
8 44 30 93 60 38 29 57 57 63 14 95 51 66 83 32 36 14 71 82 69 89 41 48 93 65 26 39 63 26
56 64 62 78 57 22 16 78 74 65 41 80 61 88 47 41 17 75 50 80 57 20 66 93 60 56 59 79 91 19
r43 0.856221
78 59 19 32 76 27 8 47 87 44 27 45 29 66 81 38 42 29 16 91 41 74 82 96 31 38 75 19 52 72
55 28 31 69 55 99 91 58 46 75 95 66 18 21 29 94 52 63 20 63 55 56 37 34 50 60 67 22 74 16
r44 0.913475
39 18 90 87 18 78 42 56 54 37 19 64 51 44 55 98 7 71 58 54 24 87 80 66 48 44 84 19 56 71
41 87 84 28 71 94 7 14 51 53 43 65 17 89 6 67 84 6 35 39 52 55 27 33 21 67 72 5 78 28
r45 0.607497
13 53 40 79 44 39 88 90 87 29 53 96 18 51 60 95 52 91 34 5 46 53 33 59 17 5 57 88 26 25
99 31 70 39 10 15 73 91 97 57 20 47 53 30 94 14 22 46 97 49 46 40 97 71 94 12 69 51 95 87
r46 0.72926
18 39 31 20 46 96 11 44 51 23 83 99 49 77 10 63 24 99 12 62 39 10 31 34 14 95 77 9 82 46
95 92 78 23 12 21 20 16 57 66 34 41 62 75 18 65 39 34 64 46 89 99 48 20 30 57 15 7 58 89
r47 0.876807
81 21 72 85 37 84 96 87 50 31 28 10 6 38 70 37 65 31 79 54 27 27 69 52 77 76 52 35 65 90
81 43 11 54 28 40 35 25 27 78 48 47 83 46 81 50 79 46 76 55 92 99 74 61 48 51 34 95 82 94
r48 0.751332
34 88 14 54 29 42 74 48 20 19 88 98 58 66 45 37 9 21 84 96 17 58 54 61 10 83 53 84 74 39
44 8 27 51 57 48 85 29 89 5 40 77 95 93 43 40 27 47 53 8 43 66 62 89 24 64 72 72 45 43
r49 0.817838
46 31 29 95 74 14 21 63 14 57 40 9 47 75 41 67 22 90 70 57 53 32 43 72 88 15 44 33 53 48
15 91 74 39 84 45 49 5 9 55 54 41 57 94 14 93 61 28 80 28 78 33 56 21 97 41 29 42 70 77
r50 0.873324
66 56 13 50 96 57 47 97 10 97 36 62 88 45 52 49 68 30 72 46 55 25 63 53 59 87 90 29 61 72
98 24 28 11 69 21 61 14 19 66 8 50 25 91 90 69 37 55 94 6 97 50 24 57 95 78 41 82 7 94
r51 0.860645
19 74 8 80 90 61 89 9 27 89 51 44 80 41 11 17 92 5 16 86 47 35 40 39 13 73 21 15 64 70
9 78 41 12 56 29 69 42 33 88 32 77 30 9 18 36 19 7 33 30 85 73 60 22 12 68 90 29 75 55
r52 0.73483
30 33 83 78 57 52 21 82 38 45 59 63 46 70 91 60 69 24 85 52 92 45 69 97 13 57 26 83 12 14
59 34 42 43 13 91 87 26 71 25 63 27 80 9 89 71 65 59 91 47 11 80 88 72 77 93 29 95 74 33
r53 0.543259
63 44 71 68 36 59 86 99 76 49 23 57 50 13 28 15 64 16 55 70 92 43 39 66 36 64 62 7 92 67
36 52 11 99 20 39 55 6 35 32 47 54 81 93 62 9 5 26 18 55 88 7 90 27 68 24 86 27 26 76
r54 0.973071
28 93 51 41 29 6 42 60 30 82 14 11 72 68 13 69 89 26 25 74 25 12 96 85 31 80 13 50 53 94
96 76 84 47 17 14 49 52 69 71 31 78 78 98 46 86 67 32 9 84 6 29 89 94 11 17 71 19 62 24
r55 0.546714
96 90 98 10 99 44 54 68 16 80 43 86 75 81 69 43 13 73 24 11 94 13 6 97 26 72 17 80 89 23
36 85 13 32 87 10 68 42 73 79 22 17 62 93 90 31 33 99 96 49 7 87 55 5 85 73 70 94 50 59
r56 0.975066
44 22 11 31 27 74 65 93 51 80 7 13 70 92 37 98 88 33 44 91 21 94 91 98 64 61 92 15 20 6
89 56 20 92 80 40 66 45 33 14 25 32 23 90 24 55 85 10 80 27 96 93 18 84 91 78 43 80 88 58
r57 0.783823
12 97 66 84 34 32 29 62 39 47 86 57 34 7 9 17 12 81 39 8 75 52 85 63 27 28 44 15 81 25
81 85 19 47 69 48 72 91 7 11 38 85 63 64 88 64 76 95 45 12 96 17 57 81 76 79 9 20 87 82
r58 0.831766
65 49 16 34 89 83 25 92 89 55 77 49 17 62 10 88 58 47 93 54 60 50 32 33 26 36 45 13 15 77
77 75 23 85 10 13 65 27 97 54 75 71 95 87 34 5 72 84 44 65 38 99 12 62 29 34 93 69 42 5
r59 0.789383
76 62 96 78 67 61 97 64 12 72 33 7 56 62 99 29 46 44 86 76 40 94 38 62 28 28 31 62 25 67
74 96 27 67 71 89 26 69 51 30 38 79 33 90 41 29 19 79 65 5 52 98 91 82 60 19 7 86 77 27
r60 0.55009
21 73 15 87 62 33 53 13 59 87 84 84 77 25 13 91 96 71 88 48 69 80 27 29 91 29 12 68 52 58
13 65 31 24 52 86 49 98 91 8 85 76 87 62 93 93 50 90 64 35 35 30 15 58 54 99 79 58 67 28
r61 0.749234
88 40 89 38 26 38 36 18 42 18 89 26 75 79 16 22 69 72 52 97 97 60 52 48 59 31 7 23 52 19
91 40 51 80 70 73 19 98 83 53 16 69 71 86 48 83 5 15 52 53 12 50 10 56 90 64 79 92 79 31
r62 0.783865
67 55 48 34 25 62 33 8 12 44 72 79 28 17 59 28 27 11 76 31 53 78 82 44 42 62 33 22 88 37
85 52 84 33 82 9 88 15 9 95 54 73 71 77 85 27 6 13 31 74 36 79 53 19 20 87 76 49 6 61
r63 0.516786
14 62 17 88 63 5 98 67 92 49 40 64 27 25 83 25 30 14 91 62 86 41 73 6 29 46 47 27 7 25
14 13 82 26 96 45 26 91 9 15 41 44 74 60 62 55 80 84 61 71 43 47 13 16 46 34 57 88 56 57
r64 0.506413
62 88 80 59 31 6 47 35 14 83 72 83 40 31 35 20 15 92 84 54 36 89 62 77 20 17 63 71 69 69
31 31 54 11 82 80 10 27 13 19 10 80 94 46 11 30 58 18 19 39 67 50 25 27 25 40 39 83 9 5
r65 0.576714
28 98 38 8 79 43 30 84 54 35 64 49 73 67 74 29 80 85 60 45 35 81 67 55 18 98 35 22 98 79
49 26 78 80 29 54 23 51 38 73 82 94 19 52 61 85 73 41 70 34 81 5 12 45 53 25 43 83 40 38
r66 0.684023
60 35 61 81 84 77 33 19 47 12 10 61 56 66 43 27 99 13 56 78 10 60 23 55 80 59 39 17 92 91
94 49 26 52 28 7 29 56 18 68 60 23 26 13 84 64 35 80 72 83 58 78 43 74 30 21 33 64 33 22
r67 0.627305
67 73 72 90 72 93 43 85 62 98 8 83 11 87 48 39 68 17 22 23 87 58 92 18 74 22 74 7 40 27
27 7 92 94 89 65 84 32 50 46 27 54 27 30 38 67 64 98 79 79 22 64 37 11 77 11 29 48 10 61
r68 0.939067
63 60 23 52 25 8 76 67 46 98 21 68 28 52 32 85 50 12 64 64 68 96 68 45 7 92 88 9 53 56
37 13 13 52 57 33 52 33 92 94 28 11 59 51 58 87 36 5 91 95 62 59 88 30 96 87 19 81 92 64
r69 0.522124
72 42 73 26 67 26 54 60 17 77 66 68 25 24 55 54 21 43 46 78 97 35 8 93 22 22 72 11 81 6
32 50 44 98 71 11 24 22 66 33 94 32 96 17 48 49 66 65 87 12 43 82 39 44 72 54 58 44 60 40
r70 0.816271
82 85 83 54 88 99 71 52 32 63 79 25 75 25 69 38 82 54 45 22 36 77 61 5 31 20 45 83 52 83
68 34 65 51 83 53 50 52 5 74 15 77 95 82 97 61 20 76 15 57 93 43 34 52 44 57 67 81 41 16
r71 0.732984
45 29 53 26 74 95 73 75 70 80 49 62 62 43 23 77 19 31 34 12 69 61 56 10 18 23 86 54 34 47
56 72 71 6 90 43 96 63 18 66 40 59 25 97 97 44 71 13 70 5 17 36 61 69 42 75 87 25 26 19
r72 0.766025
83 36 75 73 74 72 33 84 35 68 43 56 65 37 95 33 45 62 33 58 93 87 27 32 59 11 53 77 22 18
52 5 49 27 70 21 94 98 5 27 66 41 78 28 73 70 56 19 29 82 69 19 66 88 47 25 94 92 94 14
r73 0.583257
14 51 69 77 64 60 75 65 79 42 6 54 62 71 24 19 85 45 96 51 60 59 39 99 76 34 91 70 43 90
17 49 38 78 26 98 35 94 63 15 33 61 64 90 32 81 9 15 26 97 61 78 56 96 77 32 27 65 98 62
r74 0.926068
8 89 82 27 84 14 21 44 24 49 5 81 39 29 59 41 36 80 38 93 56 87 86 30 16 13 91 11 67 43
15 70 29 92 92 13 7 10 49 23 54 49 99 86 71 55 24 7 33 54 92 84 41 75 14 50 80 97 56 47
r75 0.889115
15 62 59 7 68 58 10 17 74 56 59 70 39 30 26 58 29 54 13 19 38 46 89 44 91 70 42 48 14 78
15 24 37 66 24 5 22 29 18 91 77 72 61 17 94 82 70 20 36 78 31 66 25 21 11 16 83 48 56 92
r76 0.756426
14 55 30 33 53 47 54 63 38 31 32 91 43 26 74 14 38 7 84 65 69 9 78 72 18 61 20 69 50 35
33 59 85 58 84 35 5 38 93 35 65 25 26 8 43 95 17 77 95 97 39 64 98 17 36 16 70 48 78 17
r77 0.782066
72 60 64 56 91 61 87 81 91 52 7 14 55 45 7 65 19 97 59 50 58 57 62 86 66 29 31 41 42 9
47 11 61 8 59 52 61 46 34 49 93 33 58 46 70 57 11 82 54 62 32 9 16 87 90 74 16 21 15 53
r78 0.715279
59 79 54 19 28 15 57 54 56 51 82 12 89 53 64 95 32 16 54 59 20 65 46 8 40 55 24 47 8 39
97 60 18 48 71 38 56 28 88 12 71 70 19 60 20 76 52 47 87 6 99 7 64 42 10 99 92 27 43 96
r79 0.783502
53 71 81 21 9 37 41 92 44 13 60 56 65 72 32 18 17 16 16 16 18 75 53 21 71 46 43 15 39 99
47 84 67 28 5 71 60 41 61 97 46 21 50 12 88 74 22 97 85 33 13 98 9 59 19 72 5 54 82 36
r80 0.510788
20 17 50 20 84 8 53 42 97 95 58 47 99 43 21 21 41 6 49 46 96 50 5 13 20 5 62 94 33 13
21 48 25 64 60 6 67 14 43 61 6 93 8 97 37 24 18 70 22 59 16 18 7 17 26 22 14 84 16 43
r81 0.966775
86 14 89 44 16 53 53 51 14 51 45 17 48 77 33 58 44 50 17 55 60 19 64 79 33 71 63 45 14 52
70 92 58 59 36 69 12 81 21 18 29 58 30 69 32 55 27 71 5 40 23 57 51 83 36 80 54 91 22 60
r82 0.603615
52 94 43 81 60 47 59 73 60 84 31 82 53 58 37 73 29 34 10 48 83 56 28 20 33 77 8 47 34 44
31 81 38 69 59 93 13 16 67 65 95 90 47 45 49 76 15 73 7 20 18 86 72 41 98 97 15 6 45 44
r83 0.823175
23 75 38 74 66 46 85 30 9 77 20 48 20 64 25 30 35 24 46 48 10 18 82 5 15 92 7 52 34 44
24 49 20 57 23 81 95 6 11 99 78 26 48 93 86 65 24 21 84 65 61 90 75 43 87 82 33 89 35 59
r84 0.76563
8 49 8 23 27 98 24 33 98 95 51 43 88 34 8 9 47 87 66 9 74 41 44 62 21 72 51 48 31 77
94 31 23 97 50 45 92 66 70 87 61 19 30 47 48 33 51 91 18 15 92 87 51 36 46 64 9 93 12 32
r85 0.72212
59 86 95 6 28 88 67 91 75 29 10 98 68 53 31 16 41 41 26 33 29 70 65 70 34 66 60 42 93 25
40 52 11 36 53 31 24 18 22 91 39 24 89 7 73 18 18 11 54 40 40 75 7 97 46 36 63 98 70 53
r86 0.786329
98 26 39 51 53 55 61 67 46 95 87 33 97 57 46 13 63 92 45 95 68 47 89 11 78 49 9 46 98 25
49 96 43 83 44 91 38 6 56 79 93 40 9 91 92 50 96 52 40 41 45 5 80 31 11 58 76 12 96 71
r87 0.553247
67 68 28 8 56 61 6 12 38 95 47 42 83 36 85 76 81 22 17 26 22 92 52 28 47 25 32 44 91 57
81 55 25 10 59 76 63 57 81 93 49 28 33 32 57 15 8 38 32 17 56 49 6 5 69 46 26 96 82 14
r88 0.96635
65 70 65 21 44 29 70 25 19 20 45 47 44 97 57 45 32 84 57 80 30 56 81 94 97 99 91 79 13 41
42 70 9 5 86 48 29 54 68 40 69 13 83 13 8 37 53 32 19 8 13 44 59 89 39 53 85 27 32 93
r89 0.814347
61 64 66 47 9 87 93 69 28 62 75 8 71 78 40 21 7 51 21 15 91 75 96 27 25 81 49 52 72 6
16 33 63 74 72 64 62 66 34 82 28 9 82 91 79 19 10 81 66 26 92 57 94 85 76 19 67 25 64 39
r90 0.778676
64 78 46 36 43 5 97 72 79 23 76 61 11 52 73 16 33 39 35 22 88 29 8 64 43 67 81 99 98 96
71 62 75 15 90 18 15 85 85 90 5 58 48 11 10 21 20 35 52 50 53 40 74 53 96 14 20 77 14 15
r91 0.845509
69 49 87 59 59 95 41 44 82 41 94 27 48 99 44 60 34 91 10 79 29 79 32 25 85 44 95 91 51 66
69 20 15 53 72 66 45 13 10 27 50 96 50 90 95 86 50 26 74 55 6 95 31 30 21 16 70 13 8 21
r92 0.73956
34 81 19 6 47 60 14 49 79 56 45 26 46 37 12 88 58 79 40 59 74 66 85 87 75 52 95 78 65 66
44 94 47 58 95 86 18 7 35 90 58 72 16 97 9 24 85 63 95 26 19 69 84 96 54 59 48 49 37 11
r93 0.614588
5 55 32 93 39 42 92 69 32 50 39 44 44 43 60 30 6 52 48 21 21 32 14 70 87 58 17 21 61 22
90 58 72 19 51 8 56 43 70 84 86 9 25 30 47 77 52 46 29 95 59 42 25 68 10 12 23 22 25 79
r94 0.915449
38 8 26 84 12 78 25 74 59 8 78 76 30 25 53 78 66 77 70 25 16 90 89 21 94 12 38 20 84 69
27 22 70 46 98 74 24 20 48 78 23 26 54 49 43 99 27 7 73 89 27 84 80 13 6 74 18 36 86 97
r95 0.974766
16 68 52 14 39 71 30 82 46 45 5 92 89 43 91 13 42 64 98 65 45 75 70 46 49 80 78 33 74 76
39 85 41 86 95 75 54 25 57 92 62 54 84 52 89 72 57 32 33 52 89 73 27 56 17 72 37 90 97 11
r96 0.842521
92 99 19 87 71 68 9 28 60 66 74 41 15 63 10 68 87 38 17 76 8 40 33 20 9 62 7 6 68 65
37 60 61 48 44 32 13 45 52 68 9 23 6 19 82 11 79 69 44 92 43 47 29 71 60 33 33 62 31 93
r97 0.540461
51 81 8 90 11 16 33 55 76 37 74 77 48 53 80 25 22 21 14 57 60 38 25 20 63 53 78 89 44 95
46 90 76 49 77 79 60 10 35 33 39 6 7 80 54 82 5 68 95 11 26 55 41 46 68 96 92 43 82 36
r98 0.688718
23 11 72 95 86 29 98 18 54 37 19 56 14 68 35 11 33 30 17 54 77 50 93 45 46 85 83 28 18 18
48 36 25 20 31 8 41 29 21 90 59 35 43 65 95 73 72 25 98 81 75 76 32 65 18 70 50 94 91 60
r99 0.835064
91 29 52 19 32 88 41 48 76 92 75 19 57 67 85 29 88 83 11 60 56 35 25 70 5 67 61 91 27 68
28 18 90 75 29 22 60 65 66 36 57 38 48 15 98 33 36 86 13 39 46 65 66 63 32 67 30 88 55 49
r100 0.869493
62 43 53 83 58 14 49 21 42 98 54 82 10 52 15 42 35 21 73 73 81 40 36 10 99 58 90 54 7 40
30 61 79 75 45 37 81 86 53 24 84 99 6 90 49 14 29 79 30 97 53 8 37 84 13 33 40 95 83 42
r101 0.606739
99 11 80 44 43 62 30 88 78 11 85 76 96 34 85 22 13 12 20 58 12 49 40 17 75 75 12 58 17 43
63 13 49 40 49 85 97 74 70 75 78 55 49 74 81 31 89 87 39 6 45 46 47 80 59 22 52 63 75 62
r102 0.883259
70 48 71 20 33 65 86 95 38 64 51 82 36 29 13 25 16 44 26 54 83 68 31 39 86 79 97 58 41 96
86 8 44 54 23 69 16 10 64 49 69 12 28 97 37 37 22 45 73 40 91 56 6 23 87 84 94 85 42 32
r103 0.540243
35 22 71 54 83 83 56 47 32 22 52 53 20 81 82 34 26 55 70 18 9 71 33 91 55 27 73 89 54 51
12 81 68 78 35 48 61 83 91 86 6 43 39 18 21 21 47 42 68 14 52 72 80 80 64 32 99 37 19 50
r104 0.566501
32 46 99 59 90 58 43 81 41 41 21 75 54 37 88 93 71 56 8 21 29 80 96 85 13 93 19 27 43 95
45 70 42 41 27 32 94 65 10 35 98 23 7 52 52 90 42 20 47 45 36 68 26 30 53 31 23 64 53 61
r105 0.72597
29 97 31 51 26 23 13 28 50 11 46 53 55 90 40 89 10 79 35 42 44 53 67 92 79 82 57 29 40 14
19 61 8 45 12 29 63 17 49 11 20 90 59 67 80 91 57 82 68 84 24 12 37 83 97 16 65 54 40 6
r106 0.711772
62 63 91 67 84 52 76 33 55 92 20 11 56 92 97 13 74 65 92 91 73 26 71 70 37 37 21 69 35 73
17 89 36 6 53 17 53 30 42 5 19 57 11 70 46 8 76 17 66 65 8 36 87 75 6 21 9 19 83 39
r107 0.977017
25 20 96 74 29 46 96 66 46 12 20 52 74 58 53 50 70 19 13 74 50 95 46 48 16 50 59 91 81 43
87 6 55 80 72 79 27 65 42 65 72 54 18 47 12 66 89 77 77 97 48 27 92 86 67 6 36 26 92 14
r108 0.849922
13 19 57 80 90 76 46 29 41 15 78 54 57 82 17 47 56 89 44 97 13 34 83 72 32 20 93 21 29 54
93 37 65 47 15 55 23 53 79 59 63 54 11 18 33 23 60 85 10 96 82 15 27 65 83 54 77 73 71 99
r109 0.681297
33 88 8 43 41 26 88 17 80 52 67 86 62 95 7 22 77 9 15 59 19 35 22 97 81 91 71 49 90 91
10 24 79 10 59 20 31 45 33 9 92 92 87 54 84 86 68 62 90 75 21 10 7 35 99 84 27 67 33 17
r110 0.613499
33 38 41 85 50 68 30 75 69 19 67 53 65 52 40 33 11 30 5 24 32 8 55 32 84 77 91 17 86 50
48 17 80 85 97 30 50 27 98 16 38 62 64 98 11 96 28 17 24 25 37 51 28 87 75 12 61 67 22 44
r111 0.528223
56 89 47 53 16 89 72 14 5 10 72 62 5 78 58 28 91 77 49 28 29 69 12 96 74 68 60 91 12 69
53 61 58 96 11 70 85 79 79 83 81 48 45 82 27 98 7 15 76 51 38 97 18 42 90 87 7 51 75 11
r112 0.635393
67 71 21 74 38 99 50 14 82 31 58 27 10 77 22 10 87 90 53 25 84 66 59 75 53 61 23 28 67 32
49 35 95 65 6 33 64 51 43 43 74 93 65 80 70 80 85 57 70 38 74 52 97 33 24 47 89 39 68 53
r113 0.582123
80 62 77 81 90 39 32 30 77 7 23 40 79 85 20 61 42 82 94 16 34 88 41 50 36 27 84 99 76 51
16 56 13 85 38 95 24 62 26 94 61 41 34 40 27 46 93 61 25 85 73 52 73 11 97 9 34 82 8 10
r114 0.670718
58 41 97 88 36 18 51 54 9 9 91 38 42 15 76 35 71 97 20 41 49 89 48 46 90 77 25 94 79 53
7 37 86 99 26 23 15 69 69 19 73 60 50 12 67 26 43 39 20 58 72 61 44 20 5 35 89 25 26 65
r115 0.559606
95 57 25 18 72 35 82 42 46 52 94 91 60 62 15 95 93 27 50 65 84 90 78 81 22 67 98 43 30 69
63 25 27 83 38 94 15 17 33 57 61 28 48 18 85 55 13 75 78 59 40 62 46 18 40 63 78 38 98 8
r116 0.675001
28 30 45 61 21 55 73 50 9 31 73 53 45 55 8 53 30 81 12 62 40 50 76 75 13 54 11 11 54 14
68 77 36 10 35 52 57 5 94 62 31 67 12 71 19 12 25 41 86 29 99 26 75 72 94 80 23 5 87 72
r117 0.751079
49 42 57 76 86 11 76 81 68 7 45 75 74 60 83 91 93 69 17 89 87 87 61 78 68 79 75 52 48 81
99 89 20 53 65 99 59 41 80 25 41 22 95 15 74 75 98 68 41 15 57 26 98 16 99 63 90 75 12 36
r118 0.936629
25 66 56 86 65 12 24 42 32 60 59 25 67 34 95 65 97 34 76 51 55 71 62 51 31 50 26 38 81 72
41 98 35 89 81 92 96 6 34 26 61 85 46 26 19 38 86 13 67 62 60 22 30 19 66 56 64 87 86 42
r119 0.927898
41 83 13 22 75 7 20 6 28 74 87 66 95 6 99 81 12 64 41 64 78 66 78 44 20 40 29 6 74 80
26 12 61 31 30 36 30 42 38 50 16 22 16 11 20 13 88 27 72 29 83 50 87 59 90 7 94 19 6 65
r120 0.622045
73 52 47 95 81 73 37 19 20 49 36 32 55 51 40 43 71 9 64 54 54 52 13 44 51 99 55 52 65 47
68 35 94 16 30 75 84 62 86 99 11 19 28 62 63 60 97 31 64 59 80 16 11 86 55 54 82 8 99 44
r121 0.78816
74 41 78 99 14 59 62 92 56 65 12 76 24 67 37 19 93 93 73 70 9 76 53 57 30 36 60 29 75 7
89 50 43 67 46 49 24 5 42 72 66 46 48 82 13 77 96 98 71 69 65 72 45 19 26 68 47 78 92 19
r122 0.811196
64 21 46 8 65 62 8 99 34 66 45 77 49 53 55 45 48 23 15 14 90 52 25 14 20 67 87 13 81 68
86 43 81 29 46 43 86 46 43 20 13 83 93 57 34 45 97 77 63 9 83 50 57 8 59 72 67 44 77 49
r123 0.560347
84 85 85 27 28 72 68 66 84 76 47 74 33 76 19 28 50 74 32 31 22 84 31 73 54 94 17 31 40 21
87 21 98 70 43 27 39 11 85 23 83 29 93 13 97 12 36 48 79 61 71 96 45 97 66 94 88 79 23 25
r124 0.821967
41 91 72 79 15 11 86 92 27 66 22 20 74 19 24 8 59 98 64 27 91 6 25 55 93 10 31 16 31 23
15 67 11 80 44 18 86 30 8 13 88 25 25 59 36 45 62 88 40 23 15 29 25 32 79 18 35 10 26 61
r125 0.561945
25 32 13 61 42 95 86 45 5 71 65 23 31 94 63 88 79 95 12 86 24 29 16 98 39 46 5 60 99 26
88 21 50 97 78 87 89 64 33 86 33 90 9 59 81 64 47 60 60 51 47 76 72 58 72 11 96 72 63 95
r126 0.562938
16 40 43 89 28 29 51 53 15 79 43 17 38 25 76 77 77 33 26 21 10 93 74 77 97 67 46 60 62 37
6 71 72 44 60 92 68 8 45 76 79 84 88 17 6 64 87 78 90 10 95 95 95 66 72 92 34 18 50 88
r127 0.56569
59 20 88 17 12 56 20 50 29 95 31 17 9 32 74 88 7 64 93 94 56 89 58 28 81 84 38 28 72 78
72 32 93 60 44 97 13 56 47 38 51 70 47 53 97 21 41 97 77 35 88 33 24 46 53 97 30 84 23 98
r128 0.624114
27 55 47 66 49 52 22 89 85 66 59 30 19 54 43 55 51 21 85 39 46 6 78 95 99 8 79 19 98 41
9 25 88 51 83 34 98 98 23 81 64 75 8 75 29 46 30 72 59 13 8 6 11 78 96 7 82 72 21 80
r129 0.631088
98 90 68 81 24 64 79 40 45 43 15 48 15 36 86 41 5 46 46 5 47 52 79 40 55 61 12 71 38 14
89 36 99 57 15 23 21 89 55 58 30 65 98 40 93 82 73 93 28 16 91 67 64 70 99 16 28 8 79 61
r130 0.69174
90 16 23 5 31 36 86 82 87 16 44 85 49 35 67 19 25 87 31 16 51 87 81 50 98 9 53 77 63 65
43 53 73 58 50 97 89 36 79 73 45 20 59 86 50 23 5 68 8 31 79 54 18 58 5 13 62 53 83 25
r131 0.8904
70 81 76 17 78 62 46 54 36 83 70 87 69 17 7 66 77 10 90 57 60 5 15 60 14 69 10 92 87 18
15 54 95 83 67 70 45 10 25 73 88 87 57 54 96 60 20 74 65 10 28 25 11 38 77 17 7 83 6 86
r132 0.667819
41 85 91 8 56 33 13 73 7 93 60 56 47 53 16 59 27 77 62 50 97 65 80 75 77 80 55 78 66 45
86 7 31 74 7 82 7 12 55 6 97 12 58 44 60 69 96 80 46 58 27 41 20 8 13 89 80 63 64 43
r133 0.501889
43 31 21 45 13 23 50 60 22 47 67 72 84 28 41 80 5 80 35 27 21 50 27 26 36 7 81 95 46 81
42 84 13 55 26 18 73 68 74 87 16 38 59 95 58 93 72 58 73 99 81 86 46 8 12 77 11 85 72 49
r134 0.621009
30 74 61 48 88 31 17 59 19 25 92 70 20 51 63 84 9 33 83 82 19 29 86 23 6 89 8 70 38 70
76 60 41 34 8 26 60 17 80 71 37 73 42 49 21 97 33 22 31 13 5 42 37 86 61 35 72 61 97 7
r135 0.690086
62 65 99 62 83 57 75 64 28 12 34 62 57 50 57 85 67 83 94 64 22 28 50 75 56 22 37 53 24 57
24 78 19 23 41 98 75 16 62 96 20 88 55 72 35 12 55 94 87 46 59 7 69 9 77 25 24 11 71 40
r136 0.922988
19 75 13 52 73 81 60 32 74 75 20 29 48 50 34 98 45 21 41 99 23 7 5 93 28 21 99 94 57 60
81 68 36 86 20 6 67 75 34 41 47 49 63 90 92 92 85 37 10 23 33 26 26 33 19 46 50 15 37 99
r137 0.952312
67 99 99 79 5 67 51 34 5 93 76 63 81 68 52 63 5 58 82 30 79 5 55 93 46 5 8 78 96 71
91 60 67 90 36 65 54 82 94 52 73 67 12 51 35 60 11 32 18 85 57 89 85 13 79 31 10 79 9 99
r138 0.501
59 15 80 91 75 34 70 67 78 40 34 86 83 62 43 87 86 53 72 41 42 55 49 21 81 51 95 83 50 43
75 7 51 55 90 23 82 57 85 57 90 17 40 73 71 78 57 57 31 30 93 65 80 39 81 58 83 74 41 33
r139 0.730517
32 60 61 19 79 40 72 61 93 62 70 33 32 41 12 85 94 35 12 84 96 87 24 74 42 7 48 79 32 55
85 57 12 46 71 83 79 43 45 72 5 15 97 30 49 9 15 40 37 22 24 33 6 40 7 43 42 48 19 67
r140 0.575622
24 7 43 90 86 22 34 31 86 31 38 83 56 79 85 63 19 22 77 39 47 78 74 46 19 14 86 30 76 81
27 95 84 62 82 70 76 16 93 62 40 28 42 88 8 27 52 19 41 29 50 83 5 22 27 19 31 13 44 99
r141 0.714174
94 74 25 73 41 96 82 31 58 22 51 96 10 51 20 54 66 54 76 16 37 76 33 59 87 56 65 28 55 55
90 46 26 15 20 59 9 97 82 62 16 33 55 18 77 68 68 43 22 41 51 51 14 77 8 96 30 68 24 81
r142 0.812981
24 41 19 36 95 23 30 77 77 41 7 30 52 79 93 17 19 15 53 66 58 62 40 61 55 65 29 74 43 44
78 60 80 92 91 75 12 19 49 84 52 52 14 99 31 99 16 46 14 61 9 65 20 44 26 70 6 51 42 45
r143 0.931084
97 68 12 88 43 16 99 88 95 52 37 7 51 63 6 60 6 16 18 10 73 34 46 94 99 45 42 41 85 30
53 82 93 57 67 36 68 64 21 64 16 53 66 59 14 67 16 12 75 30 15 45 59 53 40 55 93 77 89 75
r144 0.540395
54 92 92 22 26 60 78 42 21 89 88 79 45 94 44 57 6 16 82 13 57 38 62 92 88 55 66 74 31 66
14 80 55 6 94 76 58 72 19 75 58 99 51 99 93 90 56 91 7 35 5 59 68 62 48 53 17 11 28 40
r145 0.683329
21 25 35 12 96 88 80 12 60 38 11 12 37 96 97 85 88 96 20 85 52 83 47 92 37 56 99 57 89 65
86 10 85 18 14 79 98 89 86 59 25 90 66 54 83 60 40 68 54 55 53 6 36 92 94 65 46 90 19 35
r146 0.993918
37 38 15 46 17 13 33 95 67 53 82 30 99 66 83 39 34 37 87 80 35 23 72 26 83 15 16 97 42 64
94 74 94 6 18 8 14 43 95 74 88 78 99 87 41 82 27 67 16 11 47 47 29 17 68 9 24 77 98 62
r147 0.778789
36 29 90 46 32 96 84 27 70 72 97 70 60 38 49 79 98 58 85 45 5 11 54 65 12 74 42 7 36 72
88 64 96 75 11 25 71 87 45 42 60 42 9 17 73 53 88 71 11 70 13 8 73 63 69 80 37 8 79 65
r148 0.604798
29 69 39 32 87 7 17 32 44 72 69 48 81 39 94 69 10 97 39 16 6 12 74 67 84 8 70 60 68 43
21 89 10 55 19 92 57 31 21 94 95 82 42 76 22 33 42 24 31 73 35 32 77 9 94 58 9 61 15 69
r149 0.619619
59 99 81 70 91 35 96 9 29 88 86 64 61 8 92 98 25 20 68 55 47 42 57 38 95 61 95 10 31 89
36 82 88 14 52 79 41 45 80 63 33 66 27 86 67 16 81 87 29 49 42 71 86 94 7 78 53 94 83 76
r150 0.553655
58 71 22 7 47 58 47 27 21 72 88 40 55 55 49 36 42 73 77 77 41 60 68 40 38 21 34 18 92 17
29 47 83 43 49 30 93 88 52 15 57 38 47 12 85 88 43 28 58 17 97 92 72 65 32 10 79 62 23 71
r151 0.664658
19 55 82 60 77 73 49 27 83 6 60 27 14 45 13 49 65 66 62 62 55 34 25 83 37 99 42 55 67 10
92 81 57 71 42 35 44 83 57 24 84 14 44 90 51 52 37 14 15 91 71 66 25 88 46 54 87 80 7 55
r152 0.911874
33 43 62 67 70 99 50 24 23 32 33 59 19 76 11 51 85 19 39 54 77 60 42 23 11 27 95 13 77 77
7 7 17 62 70 82 61 17 6 76 41 31 36 56 8 42 99 85 53 39 39 30 91 77 45 97 99 40 8 73
r153 0.53476
75 27 64 42 10 22 52 8 94 88 32 30 41 32 64 38 17 18 69 49 40 57 23 81 51 22 21 54 87 31
57 59 51 21 97 53 39 49 53 33 34 80 55 71 9 16 9 19 29 70 63 65 27 81 43 73 95 59 28 82
r154 0.985691
41 31 93 35 79 29 76 32 54 11 10 9 74 14 21 75 28 42 45 86 99 67 64 42 37 59 94 60 41 74
37 75 5 28 7 76 52 79 8 7 85 13 8 56 20 21 31 43 59 71 27 55 35 86 93 64 43 84 25 79
r155 0.770015
51 55 74 54 31 27 30 31 26 15 37 29 63 52 46 89 87 97 57 11 52 84 93 45 48 33 29 65 9 79
20 56 34 89 7 57 13 32 84 34 39 21 59 97 68 97 83 52 94 40 59 46 24 49 84 64 77 10 30 81
r156 0.75506
37 16 28 36 69 37 63 53 63 97 69 19 91 34 16 74 81 10 11 40 49 27 81 33 87 58 38 17 40 20
54 69 32 74 6 96 11 61 49 70 56 15 84 47 41 93 19 19 98 25 55 44 48 33 72 32 87 8 44 27
r157 0.544818
88 50 64 86 46 68 48 87 35 99 94 16 43 35 9 57 50 5 75 97 44 20 30 17 47 14 20 83 33 35
73 22 81 34 8 24 97 51 12 32 47 98 41 86 34 45 40 76 45 12 70 82 24 92 91 63 7 11 46 35
r158 0.985349
49 19 43 53 39 40 96 43 65 44 41 6 27 67 43 59 43 84 67 10 63 83 95 54 47 97 57 88 29 90
97 74 10 40 27 44 72 23 82 34 59 23 35 78 83 71 38 23 52 97 29 15 80 24 64 27 18 21 13 42
r159 0.790971
16 16 39 35 52 11 51 31 41 7 47 68 81 30 39 19 48 86 13 69 96 88 88 57 13 6 73 18 41 77
20 49 85 51 80 38 57 28 61 90 30 8 59 8 30 90 22 74 74 30 43 67 16 29 25 21 27 90 34 63
r160 0.784538
10 53 92 82 83 46 10 41 37 32 45 88 36 67 78 50 41 52 73 77 17 84 98 37 97 25 27 31 81 87
69 83 37 61 65 20 99 67 53 36 94 90 24 27 58 95 73 91 44 43 65 56 24 63 88 21 81 13 47 59
r161 0.775188
42 32 66 7 44 65 66 92 97 60 80 18 80 38 13 53 29 53 88 87 6 12 50 90 28 28 98 67 82 90
75 21 19 41 20 58 6 81 47 95 39 27 11 19 57 16 64 79 64 52 66 63 59 16 53 82 37 48 49 16
r162 0.564861
33 49 57 45 99 55 27 46 48 61 66 54 72 23 62 36 97 24 80 63 82 36 72 35 18 6 75 59 17 10
75 45 54 29 86 53 76 10 91 21 63 54 67 35 70 30 63 64 49 40 28 31 71 92 58 81 93 33 40 10
r163 0.968523
48 84 33 31 34 9 36 22 23 91 72 85 23 39 15 78 98 59 18 23 82 81 15 40 62 5 68 94 8 98
6 48 79 31 74 10 32 7 28 50 90 92 36 13 31 43 86 26 98 96 45 77 77 52 18 36 53 78 30 53
r164 0.86989
96 53 54 70 59 81 69 82 32 59 71 60 64 94 98 50 20 93 43 60 71 17 13 84 48 58 62 73 11 36
93 7 85 47 69 44 25 38 23 52 89 86 9 53 80 8 95 95 96 35 53 64 47 61 48 87 19 8 57 25
r165 0.941419
24 21 92 88 57 17 23 72 62 9 58 63 54 38 66 46 31 60 76 79 24 20 37 65 7 48 65 59 65 99
6 84 18 93 69 70 7 84 43 61 88 93 25 39 32 83 80 55 40 56 34 57 68 63 19 70 11 79 26 71
r166 0.559305
52 88 17 21 56 16 97 91 73 82 84 90 21 16 70 93 63 8 49 89 60 17 52 74 79 58 53 5 26 28
24 70 14 36 86 65 47 80 56 17 62 40 99 75 49 70 68 12 73 14 97 30 23 49 99 97 5 49 94 23
r167 0.94324
89 78 49 72 43 89 53 91 98 12 32 98 80 73 65 48 80 35 58 74 60 76 21 56 71 18 5 65 36 69
79 22 48 25 90 83 11 40 75 10 47 99 8 27 72 68 68 49 95 23 21 55 94 37 8 65 50 5 28 78
r168 0.822365
96 14 24 83 93 31 23 65 33 62 64 36 82 33 96 50 77 91 68 93 43 59 27 43 22 69 43 45 48 12
44 44 19 60 24 12 83 42 72 16 99 33 47 78 61 40 28 35 28 88 29 63 48 48 6 62 18 44 7 61
r169 0.902789
97 60 98 21 67 82 55 36 93 51 61 38 30 22 70 50 52 94 39 73 57 79 22 56 41 32 95 40 85 41
75 79 96 70 92 60 52 47 88 43 93 49 73 20 63 43 66 16 34 5 81 87 76 95 43 14 27 35 46 9
r170 0.614199
83 65 86 75 23 36 19 8 71 10 50 41 25 13 76 86 21 11 83 98 90 56 90 33 65 15 60 8 19 29
24 95 87 8 70 7 36 82 10 99 87 55 37 12 64 13 94 77 16 77 75 6 31 63 31 91 73 87 95 87
r171 0.690173
79 92 16 50 94 44 32 97 40 19 52 72 26 13 78 17 86 89 87 58 91 18 21 22 6 86 6 93 71 12
10 50 99 18 92 94 55 24 91 90 35 40 60 54 46 38 63 29 24 50 82 15 60 96 30 62 79 28 55 50
r172 0.799918
96 35 68 88 26 23 10 17 13 37 49 68 83 90 98 47 19 23 89 94 30 50 87 52 9 66 73 59 14 8
14 7 35 77 87 56 95 89 65 5 27 12 66 7 97 64 49 14 79 39 5 7 81 84 54 85 47 27 44 56
r173 0.731145
58 58 27 43 12 19 32 69 20 51 76 81 54 71 42 98 80 22 34 77 24 15 61 70 95 8 93 37 57 18
82 12 68 7 50 75 21 78 42 36 29 18 14 78 84 52 74 61 69 8 38 85 16 91 55 11 95 45 40 52
r174 0.870736
56 24 22 7 94 35 77 36 67 6 47 76 77 31 28 48 85 89 48 23 74 59 15 27 63 7 67 98 51 23
18 7 42 32 6 33 63 78 62 27 77 9 95 51 32 21 94 17 10 42 33 77 97 40 96 60 42 63 55 85
r175 0.727422
84 20 93 86 46 53 61 8 75 38 9 68 84 36 84 78 46 86 18 74 63 15 11 56 67 45 17 22 30 90
83 11 8 74 92 49 27 54 49 95 84 53 63 69 81 44 44 27 30 57 93 86 67 99 42 31 44 54 49 66
r176 0.986794
73 45 95 65 86 20 16 35 15 96 80 70 62 58 14 6 81 39 59 71 25 23 71 60 50 12 14 91 74 51
17 47 88 13 9 74 28 18 6 35 11 81 5 68 40 11 69 18 42 25 81 63 44 49 20 86 57 29 77 28
r177 0.765373
67 61 94 68 33 22 81 34 52 84 13 49 52 45 55 19 55 93 39 36 53 78 81 65 61 38 89 38 61 59
25 25 18 16 88 46 31 70 75 78 51 80 25 99 25 72 18 75 62 49 12 15 25 88 75 81 23 62 20 76
r178 0.621751
96 31 45 84 72 71 51 45 47 98 25 67 97 46 36 12 18 94 56 25 6 76 10 74 55 28 36 67 99 46
99 95 73 41 80 42 13 28 82 55 26 8 22 20 46 50 24 59 44 73 80 46 46 82 20 96 11 48 63 10
r179 0.688797
98 62 96 75 5 9 98 79 59 25 82 73 37 25 23 57 80 63 30 57 6 71 39 21 68 42 64 31 48 50
86 46 10 79 21 10 83 16 81 39 36 61 12 69 81 27 23 58 82 48 15 83 19 47 96 79 84 57 8 29
r180 0.753938
67 13 65 80 15 48 92 91 82 25 52 86 86 31 10 9 84 88 52 95 68 64 39 62 40 20 19 43 45 22
29 12 27 89 88 37 34 77 26 13 97 70 94 84 96 97 88 81 82 38 73 50 94 12 9 34 24 24 73 64
r181 0.544552
69 61 84 54 90 18 31 13 27 28 79 18 12 75 12 93 53 89 31 26 37 25 30 41 51 50 60 24 14 94
19 75 52 95 29 42 13 52 51 32 76 27 43 80 97 50 73 51 40 96 69 72 18 95 10 65 45 63 81 51
r182 0.910085
27 6 87 48 43 96 96 86 25 72 13 63 49 8 14 23 54 49 16 23 18 30 18 20 87 55 78 68 7 32
58 26 33 45 69 72 41 65 55 62 37 64 25 82 67 31 97 18 72 10 33 85 32 44 98 19 94 76 80 93
r183 0.689768
19 37 75 84 6 17 49 57 71 79 18 88 58 77 20 52 90 87 57 20 70 85 59 65 96 51 41 73 44 45
8 59 75 79 43 76 88 84 30 56 63 43 44 21 20 56 68 7 41 26 23 8 8 74 68 96 25 6 67 65
r184 0.916271
21 19 46 56 90 31 40 21 82 99 56 24 17 69 72 81 68 10 99 83 13 99 58 73 95 75 75 59 40 19
27 53 33 65 9 20 92 45 33 71 41 85 87 53 51 60 31 19 65 30 98 71 29 53 44 22 28 16 73 61
r185 0.856427
14 55 61 19 71 50 56 99 18 89 81 98 42 32 58 69 47 20 91 42 83 18 90 25 32 15 36 5 71 59
96 81 14 54 92 80 96 45 77 11 34 58 9 68 86 59 37 30 72 26 67 55 39 54 72 63 61 9 63 33
r186 0.685084
11 69 7 95 47 95 40 24 7 69 77 8 37 60 63 67 85 32 85 49 82 21 95 55 79 57 56 42 85 13
91 88 74 93 83 21 86 23 37 88 84 12 88 18 67 48 77 50 75 62 94 58 78 87 10 54 44 58 89 26
r187 0.743123
14 40 70 89 54 56 9 86 41 88 90 30 98 55 73 76 5 49 38 91 99 14 75 6 63 19 59 52 37 22
29 43 57 95 32 8 51 36 90 88 21 77 15 20 32 83 91 29 32 26 18 28 32 88 29 88 5 80 37 34
r188 0.829901
73 52 57 97 55 5 31 42 85 47 20 95 59 44 79 47 66 8 66 79 32 93 64 53 81 61 31 19 91 28
73 64 72 30 58 28 27 84 65 13 29 77 8 83 19 79 28 80 83 89 56 12 82 17 57 61 74 83 72 65
r189 0.716384
26 76 67 79 96 89 64 59 97 88 36 98 68 47 77 88 24 57 77 72 61 57 85 19 15 59 94 82 21 98
24 42 72 86 21 68 75 80 27 70 65 56 65 31 95 42 19 20 92 89 87 53 46 69 64 53 28 56 35 44
r190 0.530352
78 23 37 95 84 12 72 8 74 35 56 39 58 52 74 72 64 63 58 51 16 96 21 73 49 41 29 79 78 75
30 56 91 62 51 75 67 21 78 38 51 32 70 9 79 41 73 43 99 32 86 12 25 99 80 70 38 6 46 16
r191 0.56003
64 65 28 13 37 90 29 12 26 72 39 91 76 18 32 46 53 28 73 40 35 91 36 13 61 69 14 99 77 83
68 42 45 92 47 77 79 71 85 5 43 24 88 16 38 17 57 83 40 28 23 68 19 55 76 72 24 85 71 94
r192 0.694234
36 11 29 78 84 5 46 69 6 81 85 86 92 20 99 46 99 36 69 22 99 80 69 72 52 86 58 24 80 21
53 13 27 77 83 8 77 29 69 75 10 55 62 94 70 58 40 69 86 10 84 83 85 50 55 35 33 10 51 13
r193 0.664107
18 49 76 96 49 50 25 19 26 27 66 80 21 36 35 57 98 18 59 79 96 44 26 49 74 55 54 25 60 76
24 74 22 92 70 66 40 88 77 61 15 43 38 32 72 65 81 67 78 40 46 72 79 67 21 51 19 70 68 75
r194 0.605972
49 60 74 16 24 14 99 96 67 15 37 5 39 9 62 20 71 41 55 14 10 31 73 26 74 88 88 43 63 32
25 9 84 94 20 8 9 20 97 71 27 31 69 61 35 31 73 98 64 25 9 66 51 77 87 23 62 73 58 25
r195 0.543787
26 81 72 42 82 73 57 76 42 79 7 11 37 34 34 10 29 91 30 33 57 73 7 42 91 65 15 49 82 12
24 9 85 92 46 67 62 95 43 99 71 42 7 8 71 37 10 92 28 32 25 80 97 28 22 89 85 29 35 67
r196 0.91106
68 22 44 11 81 6 6 22 98 69 59 5 69 28 37 74 20 57 98 41 38 96 61 52 82 46 77 17 10 10
64 74 24 8 80 6 7 79 20 97 48 74 97 18 94 32 87 15 84 83 48 22 79 6 67 61 44 41 70 49
r197 0.785156
20 66 35 96 64 37 75 76 34 20 50 29 33 42 56 18 49 40 96 89 55 75 90 19 33 31 55 98 75 96
33 88 59 64 84 20 93 56 91 25 71 39 49 97 73 97 15 22 34 11 11 81 78 93 95 11 24 50 6 91
r198 0.97643
79 95 91 60 13 84 13 96 6 77 32 47 74 5 44 84 22 71 87 25 52 62 18 45 68 34 87 66 23 28
96 97 24 84 55 29 69 60 22 67 37 50 15 8 50 51 84 65 22 68 85 67 30 96 12 90 27 94 57 45
r199 0.751038
40 39 35 90 60 99 47 77 63 77 27 73 80 70 22 62 32 39 30 17 6 56 10 10 46 33 5 98 70 20
49 10 54 79 92 14 75 40 86 38 17 11 9 89 73 26 51 5 57 77 14 56 33 20 61 71 45 58 67 15
r200 0.568959
21 27 87 10 33 59 45 17 92 54 23 93 44 88 16 87 88 69 64 97 25 89 17 78 58 54 37 25 65 10
33 78 30 20 83 58 74 26 70 63 75 85 54 16 73 65 99 58 34 60 56 51 47 65 30 5 20 59 25 77
