100 15 6 1 15
0 0.25
30158 39989 33415 31438 43579 32737 38008 34404 42649 32359 30193 36743 44139 30919 38375
w1 0.5
4409 2806 3256 3524 2739 2730 3280 1661 2644 2971 2826 2865 2847 3416 1840
w2 0.5
4405 2256 4443 2984 2345 3804 1741 3346 3163 2286 4090 2654 3205 3465 3240
w3 0.5
2124 1996 2490 3363 3578 4270 3876 1722 3093 2202 3439 4441 4470 3779 2946
w4 0.5
1887 3242 3211 3084 2898 3804 1931 1913 1591 1521 3067 3648 3838 2159 2263
w5 0.5
3007 3253 4029 2085 3376 3405 2659 1969 4459 1598 2262 1781 4229 4061 2008
w6 0.5
3155 4072 3553 1553 3376 3984 2318 3819 4357 4237 2968 4048 1896 4083 4362
w7 0.5
2836 3892 4340 2064 3149 2851 2886 3461 3301 4000 3742 3030 3561 4251 3851
w8 0.5
4175 3257 2621 3051 2741 3439 2723 2951 3176 4191 2499 3924 3774 2713 3179
w9 0.5
2105 3371 3379 4107 1722 2117 3420 3523 1617 3014 2406 3679 3117 2109 1747
w10 0.5
3866 2869 1696 2460 1808 2919 3911 3485 2610 2262 2909 2236 3475 1941 3550
w11 0.5
3812 2429 4392 4035 3046 3312 3410 3516 1826 4316 2695 3796 1926 2942 2088
w12 0.5
1663 2284 2604 1972 4055 2015 4309 2517 2777 3070 3253 2105 3511 2304 2038
w13 0.5
3585 1930 2711 2484 4094 1621 1500 1772 1790 3047 4068 2216 1841 2009 2360
w14 0.5
3145 3465 2829 2701 4332 2638 3718 2962 4208 2824 3567 3220 3980 4457 1896
w15 0.5
2239 3107 4401 1833 3580 1753 2457 3870 3300 2378 1938 3642 2887 2799 4499
r1 0.94787
73 90 5 91 56 52 81 40 66 38 30 63 34 52 82
53 21 12 9 49 25 14 75 78 18 54 62 19 60 66
r2 0.798161
57 17 21 13 62 97 45 28 36 67 87 62 19 66 16
32 74 17 77 94 26 49 69 36 98 31 47 55 89 59
r3 0.916583
69 96 51 31 90 91 51 26 58 38 81 70 5 92 97
71 9 71 62 27 20 31 56 15 54 98 65 43 55 45
r4 0.753469
41 30 44 32 22 90 50 72 26 31 39 23 20 34 89
21 5 51 41 18 74 92 28 28 87 86 63 42 31 45
r5 0.538194
71 94 89 85 85 39 54 8 63 86 26 78 20 15 92
17 61 33 27 35 22 48 55 9 34 15 44 57 53 94
r6 0.785637
89 11 6 71 43 52 74 6 38 92 76 50 7 68 60
60 93 79 87 15 27 39 17 56 49 56 11 97 50 28
r7 0.893343
32 16 7 70 61 73 71 91 65 47 42 64 13 94 21
6 73 5 14 96 39 26 49 81 74 55 78 24 76 89
r8 0.830845
97 55 73 58 29 41 50 86 80 84 51 88 75 64 87
48 65 93 41 96 16 83 77 85 35 53 9 11 42 57
r9 0.558844
13 79 90 34 17 37 17 93 21 60 78 91 25 65 36
85 55 70 81 66 53 56 51 83 9 53 87 43 7 93
r10 0.594289
70 64 41 82 93 54 72 11 11 51 97 31 16 31 13
67 96 87 30 46 43 77 29 44 27 13 82 29 7 56
r11 0.940401
18 70 51 11 21 24 18 28 70 12 51 78 38 60 42
31 44 68 72 79 42 94 23 61 7 5 85 6 56 19
r12 0.544751
82 22 73 95 38 86 20 5 90 67 75 29 24 18 52
60 78 25 39 17 16 57 73 18 54 55 20 7 67 85
r13 0.687565
99 42 41 37 25 57 34 12 21 10 33 37 20 81 92
90 98 31 7 14 80 72 27 34 24 39 33 83 22 97
r14 0.842224
36 63 51 53 17 77 61 33 82 89 65 97 67 54 87
65 80 86 74 57 55 94 83 75 30 16 58 47 14 80
r15 0.801984
43 9 91 52 81 52 80 61 38 42 58 6 91 43 63
68 29 38 25 80 29 8 52 54 19 7 94 25 82 55
r16 0.670883
56 54 69 37 98 46 93 36 80 49 34 68 87 93 36
13 28 53 85 49 53 37 98 65 40 92 85 19 44 48
r17 0.997551
94 98 30 92 42 20 26 22 61 52 83 45 42 19 54
62 65 39 11 18 69 10 78 6 94 64 20 36 9 49
r18 0.966778
45 53 88 82 66 11 96 27 56 79 68 93 91 22 56
56 53 62 66 19 64 45 20 56 6 36 87 7 77 15
r19 0.901284
61 84 96 27 87 90 49 43 69 17 34 57 31 85 10
77 44 72 91 6 14 12 54 12 40 41 11 17 48 7
r20 0.591418
83 28 28 70 18 73 14 80 82 40 34 14 25 40 86
61 9 74 59 15 81 13 19 21 46 25 31 90 24 58
r21 0.951252
78 17 73 92 85 79 69 64 19 98 73 36 35 56 92
39 31 52 46 9 57 60 23 99 78 49 86 97 99 74
r22 0.503035
86 70 66 68 46 35 33 60 31 98 88 61 52 80 93
78 29 39 79 82 92 97 78 70 46 64 64 45 38 61
r23 0.670929
28 81 85 69 14 18 26 40 14 14 96 61 87 89 36
13 26 15 87 18 13 65 80 51 26 41 89 60 98 9
r24 0.978299
82 59 88 91 70 11 31 79 21 28 40 8 14 68 13
35 78 96 48 86 61 28 35 83 65 24 40 60 25 14
r25 0.96103
68 63 94 35 70 25 14 83 45 46 86 52 14 91 82
88 87 28 71 49 48 6 29 10 22 61 65 42 70 41
r26 0.637206
96 39 66 63 56 75 46 94 19 29 46 28 21 28 13
8 48 80 49 92 78 73 97 96 34 60 38 96 93 78
r27 0.891405
14 90 53 63 65 94 57 76 21 98 5 37 23 13 37
67 85 82 59 64 52 53 57 79 13 87 75 6 63 99
r28 0.833082
89 41 35 52 32 84 28 48 82 25 80 98 34 18 65
16 92 21 72 44 69 29 23 78 17 91 79 75 87 67
r29 0.741471
8 72 26 36 56 46 76 36 67 54 34 93 67 91 9
56 9 77 95 73 98 16 48 12 99 25 82 83 87 24
r30 0.646808
91 75 21 44 22 92 75 81 46 6 74 10 92 75 61
96 49 54 67 48 62 15 55 61 35 35 44 20 54 97
r31 0.529519
69 21 81 86 10 54 64 49 55 35 54 45 11 13 38
52 62 5 95 24 13 48 77 40 75 21 52 29 15 52
r32 0.630031
68 44 63 74 90 28 23 46 58 69 83 61 77 21 14
36 19 6 52 24 49 29 59 24 43 12 45 50 59 5
r33 0.511542
45 86 91 35 11 11 73 61 75 56 20 50 70 29 78
84 30 31 8 72 55 59 88 93 63 31 41 20 31 63
r34 0.891632
49 28 96 52 34 66 11 6 23 26 48 88 50 27 69
72 53 69 41 5 25 27 91 84 53 32 99 76 90 36
r35 0.520629
59 38 81 85 99 87 86 19 13 32 99 55 54 68 25
99 37 61 96 55 83 84 39 33 16 35 10 99 66 44
r36 0.773711
77 14 99 73 94 85 88 7 14 87 58 63 56 78 59
85 36 53 40 17 37 71 45 46 6 47 42 64 86 70
r37 0.643654
76 77 34 70 60 22 70 69 6 25 30 54 95 81 37
31 34 72 43 67 41 81 13 39 25 50 99 9 17 74
r38 0.888035
52 90 56 12 9 26 76 11 43 98 60 38 80 92 61
14 62 97 76 95 78 81 34 95 28 30 99 37 5 61
r39 0.689404
51 71 56 53 92 29 59 32 28 16 65 8 6 26 14
60 23 83 52 93 64 81 89 85 12 85 19 9 46 37
r40 0.577167
8 9 40 92 33 94 24 53 7 84 53 5 8 63 57
26 46 9 17 7 86 6 84 90 83 99 91 27 36 44
r41 0.505499
48 49 29 73 43 49 27 42 30 72 43 33 35 92 52
76 97 64 76 80 62 60 70 45 59 58 67 88 97 76
r42 0.606018
25 49 15 60 90 34 95 18 7 35 43 34 27 90 11
24 51 79 99 13 39 66 54 94 24 18 82 21 87 7
r43 0.553054
48 63 65 36 92 60 49 91 90 87 23 14 75 26 34
26 5 30 35 39 92 81 33 16 91 12 30 78 11 80
r44 0.707529
43 45 86 33 5 32 21 87 19 36 93 89 57 27 13
57 53 43 92 42 21 22 53 12 27 75 86 33 53 66
r45 0.639631
11 63 18 8 90 35 87 7 66 80 88 21 8 96 73
53 36 62 90 52 77 40 60 99 13 43 32 61 9 10
r46 0.916553
68 63 15 59 90 97 58 53 77 46 69 77 40 40 27
71 97 17 21 74 50 73 70 58 13 95 19 14 5 60
r47 0.602456
20 31 24 7 28 74 56 97 18 22 72 53 57 94 21
52 12 34 23 57 7 89 12 15 84 23 24 84 78 40
r48 0.790533
63 66 93 83 40 46 78 53 61 50 6 15 44 20 59
48 49 78 97 52 64 9 59 45 27 76 26 98 13 70
r49 0.585871
36 76 52 69 23 30 22 76 75 21 83 20 36 43 60
77 21 58 29 77 62 81 22 82 57 43 77 62 13 63
r50 0.878631
39 82 11 54 9 28 27 80 41 11 92 72 49 52 50
62 7 71 39 62 49 56 41 6 94 18 64 99 76 90
r51 0.872057
69 44 62 74 65 84 51 6 87 40 74 36 84 21 93
87 84 32 46 34 80 82 32 74 95 88 74 68 76 12
r52 0.779757
52 34 16 14 16 59 15 98 94 81 35 76 94 25 60
79 50 6 10 30 83 37 5 78 23 71 46 94 75 18
r53 0.674105
48 45 33 56 99 44 54 91 22 81 67 17 7 24 91
52 25 96 74 8 30 74 81 48 42 24 42 15 37 71
r54 0.91991
16 60 33 12 96 80 98 18 61 62 30 60 81 18 9
6 14 79 6 37 50 82 80 85 98 20 95 33 86 26
r55 0.902383
81 36 9 77 16 5 88 69 59 18 30 41 29 31 39
38 10 41 70 56 20 48 41 16 63 33 44 49 54 46
r56 0.596736
77 47 7 85 44 90 55 99 6 77 37 30 5 71 60
11 9 28 59 22 68 92 33 31 25 72 72 71 18 15
r57 0.615504
54 99 73 94 86 25 93 84 94 30 11 95 93 64 98
95 84 57 17 52 49 45 75 66 17 47 34 27 57 31
r58 0.684289
27 84 97 10 6 87 90 96 14 93 91 8 57 89 98
41 43 15 85 84 52 60 47 61 99 76 83 56 99 91
r59 0.642339
75 54 29 73 39 19 69 48 9 57 51 62 43 46 95
81 53 78 65 97 38 12 58 38 81 39 86 77 30 40
r60 0.98691
87 25 70 26 39 40 69 40 89 18 97 33 56 90 14
7 68 72 99 98 76 58 33 57 89 17 35 19 52 31
r61 0.936584
51 78 60 82 15 27 19 5 37 14 33 88 99 42 90
64 11 90 59 83 45 88 37 34 5 64 48 52 87 56
r62 0.60655
31 44 14 42 63 29 42 95 38 70 84 37 9 71 93
16 61 52 91 98 37 28 32 34 88 72 79 75 25 63
r63 0.978896
99 20 86 63 41 28 58 74 90 39 11 94 11 96 7
64 49 90 63 78 19 87 13 99 57 87 71 74 50 74
r64 0.585741
87 9 12 28 32 63 98 19 97 6 11 8 98 10 68
44 96 28 22 15 12 27 11 64 14 77 39 59 49 57
r65 0.679469
59 10 59 83 68 54 98 66 56 9 69 51 11 34 87
7 54 6 14 62 29 20 26 38 90 57 90 39 12 91
r66 0.71205
96 23 49 62 73 44 28 26 45 89 69 52 24 53 51
70 54 61 32 78 73 54 14 63 8 99 94 15 87 61
r67 0.580446
77 20 42 47 59 65 65 97 52 34 49 68 82 95 38
33 53 66 12 27 17 21 82 20 17 77 28 96 35 96
r68 0.782819
16 16 51 71 76 16 65 25 42 14 88 21 6 27 50
52 85 57 74 97 70 56 14 79 30 37 75 61 34 48
r69 0.900443
59 14 13 33 25 73 53 63 79 39 79 78 61 26 30
43 75 96 40 42 49 46 21 75 79 88 33 10 37 93
r70 0.998251
7 56 21 25 26 67 80 98 6 56 73 59 78 95 97
53 91 34 91 40 75 9 12 54 93 40 59 27 31 7
r71 0.792266
55 29 50 73 91 30 68 92 79 41 51 57 33 48 7
24 77 93 57 49 95 64 96 88 97 52 12 28 54 22
r72 0.753328
46 96 72 34 23 40 26 97 74 72 54 7 17 54 24
86 47 73 36 42 34 32 27 31 79 31 54 31 46 5
r73 0.628236
96 96 22 19 34 40 14 8 13 63 7 22 14 23 9
57 91 40 91 26 64 16 49 43 42 96 66 83 96 91
r74 0.895863
87 82 5 18 19 14 18 27 70 21 42 79 39 46 33
31 81 25 49 42 33 90 80 67 86 47 48 79 35 13
r75 0.841127
90 69 33 9 75 46 29 45 62 63 25 94 9 53 25
82 70 66 24 95 56 96 63 40 43 11 19 73 16 80
r76 0.855209
49 21 7 21 59 28 62 22 86 82 13 87 32 33 69
98 91 88 93 44 85 53 79 25 56 91 91 67 71 76
r77 0.982598
89 68 33 48 88 90 62 72 72 70 59 5 95 26 95
86 11 88 28 88 39 7 14 90 93 97 58 64 73 23
r78 0.981079
83 7 10 72 92 68 41 62 38 95 59 34 21 54 17
28 39 40 13 73 40 22 64 33 19 19 90 87 37 63
r79 0.936401
65 52 85 55 20 26 17 50 21 71 79 35 22 89 55
56 29 63 27 64 78 83 90 89 97 77 77 34 40 23
r80 0.585813
70 32 53 82 53 62 33 67 33 9 97 47 93 49 98
20 9 22 76 82 5 63 69 97 40 46 29 73 61 71
r81 0.583993
96 21 8 49 75 33 16 5 38 10 47 28 51 45 40
56 60 17 35 60 75 99 55 13 42 76 81 96 44 46
r82 0.653957
59 25 85 34 54 93 34 84 96 76 9 47 18 45 95
73 54 28 34 26 24 81 34 59 57 12 55 93 50 69
r83 0.688554
89 16 38 40 9 67 21 5 40 26 45 54 63 37 27
17 60 53 35 80 31 62 36 80 66 86 74 17 55 8
r84 0.582056
19 55 77 20 19 93 18 55 16 55 6 74 87 28 83
45 74 19 22 97 76 53 78 42 39 52 54 86 52 71
r85 0.527507
23 96 78 37 87 88 84 95 43 85 70 28 11 50 68
80 64 85 74 37 38 52 75 69 96 26 52 48 89 71
r86 0.950142
65 82 42 49 67 26 44 8 12 11 31 18 57 91 90
18 76 64 51 11 14 26 72 10 44 24 54 34 90 57
r87 0.878526
36 78 99 96 97 41 99 6 47 27 19 96 18 6 15
86 62 61 92 71 79 64 77 23 83 28 52 70 80 86
r88 0.983479
61 22 10 58 58 9 59 98 31 70 94 41 68 9 27
31 62 19 97 41 75 74 60 55 94 9 25 72 87 43
r89 0.815735
58 83 99 13 84 56 11 12 26 98 48 87 7 70 18
65 81 15 98 53 82 55 8 76 60 25 48 44 61 26
r90 0.848075
9 85 24 88 41 28 95 59 26 43 46 25 10 59 82
83 67 78 36 46 33 36 22 85 57 63 30 15 84 15
r91 0.591112
95 39 71 36 62 67 88 80 7 34 98 10 86 77 88
53 55 25 94 81 56 13 66 10 68 91 17 53 7 35
r92 0.61961
70 7 31 29 66 19 7 69 45 5 71 31 74 59 76
30 79 67 11 33 73 72 35 41 61 48 89 60 75 22
r93 0.551291
25 80 67 86 91 69 52 37 66 23 60 40 78 37 62
54 96 68 79 69 38 15 11 91 55 92 51 27 15 5
r94 0.704236
78 29 18 69 93 66 98 56 84 59 91 59 88 54 11
84 19 85 54 52 92 60 40 47 49 86 67 59 84 32
r95 0.532122
56 5 31 46 66 27 97 47 81 85 99 69 39 10 50
51 87 99 95 80 56 36 24 6 22 86 57 98 18 44
r96 0.846348
44 84 12 7 11 6 49 84 87 45 53 23 50 98 66
38 95 62 15 48 93 34 46 12 21 99 11 31 43 63
r97 0.525116
44 97 81 50 96 27 34 80 68 79 95 18 75 62 48
67 24 58 15 17 88 57 21 6 56 27 29 91 83 19
r98 0.645416
14 51 70 10 73 99 82 38 76 77 49 48 39 92 15
58 48 25 67 33 77 84 31 30 8 55 21 86 70 86
r99 0.97302
34 79 81 5 75 63 35 48 40 79 88 75 69 98 30
17 21 90 42 93 74 68 21 74 23 34 61 85 18 67
r100 0.914752
43 42 44 15 5 75 56 38 54 44 10 20 43 35 29
59 22 66 49 91 34 62 63 50 92 21 35 10 83 92
