100 15 9 1 10
0 0.25
44025 44025 44025 44025 44025 44025 44025 44025 44025 44025 44025 44025 44025 44025 44025
w1 0.5
4402 4402 4402 4402 4402 4402 4402 4402 4402 4402 4402 4402 4402 4402 4402
w2 0.5
1633 1633 1633 1633 1633 1633 1633 1633 1633 1633 1633 1633 1633 1633 1633
w3 0.5
2962 2962 2962 2962 2962 2962 2962 2962 2962 2962 2962 2962 2962 2962 2962
w4 0.5
3819 3819 3819 3819 3819 3819 3819 3819 3819 3819 3819 3819 3819 3819 3819
w5 0.5
1751 1751 1751 1751 1751 1751 1751 1751 1751 1751 1751 1751 1751 1751 1751
w6 0.5
2561 2561 2561 2561 2561 2561 2561 2561 2561 2561 2561 2561 2561 2561 2561
w7 0.5
2502 2502 2502 2502 2502 2502 2502 2502 2502 2502 2502 2502 2502 2502 2502
w8 0.5
2726 2726 2726 2726 2726 2726 2726 2726 2726 2726 2726 2726 2726 2726 2726
w9 0.5
4250 4250 4250 4250 4250 4250 4250 4250 4250 4250 4250 4250 4250 4250 4250
w10 0.5
2954 2954 2954 2954 2954 2954 2954 2954 2954 2954 2954 2954 2954 2954 2954
r1 0.83094
26 26 26 26 26 26 26 26 26 26 26 26 26 26 26
64 76 28 96 76 52 24 58 13 87 48 83 75 66 99
r2 0.919815
33 33 33 33 33 33 33 33 33 33 33 33 33 33 33
57 79 65 22 73 46 64 25 41 22 62 50 13 83 14
r3 0.913512
9 9 9 9 9 9 9 9 9 9 9 9 9 9 9
11 54 56 27 9 65 11 53 45 81 16 41 18 44 91
r4 0.779532
6 6 6 6 6 6 6 6 6 6 6 6 6 6 6
13 63 47 69 80 83 86 43 34 92 23 40 73 27 43
r5 0.809402
79 79 79 79 79 79 79 79 79 79 79 79 79 79 79
62 29 41 68 74 78 50 85 17 60 26 8 50 27 16
r6 0.777102
70 70 70 70 70 70 70 70 70 70 70 70 70 70 70
81 83 50 64 23 79 56 42 20 27 61 55 47 37 18
r7 0.849539
73 73 73 73 73 73 73 73 73 73 73 73 73 73 73
81 40 49 31 22 61 87 44 61 34 63 69 40 33 50
r8 0.651007
79 79 79 79 79 79 79 79 79 79 79 79 79 79 79
15 39 55 63 73 67 85 35 23 29 67 36 93 38 14
r9 0.573538
82 82 82 82 82 82 82 82 82 82 82 82 82 82 82
41 47 40 25 86 93 54 50 62 87 75 10 8 51 17
r10 0.74636
7 7 7 7 7 7 7 7 7 7 7 7 7 7 7
75 13 69 61 43 84 85 7 17 75 40 27 5 19 60
r11 0.91302
51 51 51 51 51 51 51 51 51 51 51 51 51 51 51
80 31 44 31 73 99 18 49 9 18 92 21 50 94 91
r12 0.977391
61 61 61 61 61 61 61 61 61 61 61 61 61 61 61
49 93 42 32 92 55 7 30 77 8 44 37 48 88 14
r13 0.721346
29 29 29 29 29 29 29 29 29 29 29 29 29 29 29
40 45 28 51 86 29 61 75 45 11 67 34 61 28 75
r14 0.640121
62 62 62 62 62 62 62 62 62 62 62 62 62 62 62
7 44 17 10 69 86 10 10 20 50 93 29 18 20 65
r15 0.503671
40 40 40 40 40 40 40 40 40 40 40 40 40 40 40
16 41 65 72 17 7 76 79 33 37 99 9 84 58 8
r16 0.754274
71 71 71 71 71 71 71 71 71 71 71 71 71 71 71
13 86 57 15 91 73 57 82 94 71 97 59 26 37 67
r17 0.732392
94 94 94 94 94 94 94 94 94 94 94 94 94 94 94
37 69 97 13 45 30 42 41 31 23 94 35 43 65 40
r18 0.923215
20 20 20 20 20 20 20 20 20 20 20 20 20 20 20
51 18 85 5 92 79 68 89 36 90 23 98 47 15 32
r19 0.797593
12 12 12 12 12 12 12 12 12 12 12 12 12 12 12
40 56 34 75 89 61 93 83 91 37 46 28 58 58 71
r20 0.66296
43 43 43 43 43 43 43 43 43 43 43 43 43 43 43
72 60 19 40 46 50 27 62 46 69 72 73 77 79 11
r21 0.56157
10 10 10 10 10 10 10 10 10 10 10 10 10 10 10
81 19 66 71 98 54 5 41 78 56 94 49 24 34 18
r22 0.868743
48 48 48 48 48 48 48 48 48 48 48 48 48 48 48
54 23 91 73 80 37 43 52 7 20 28 10 43 34 86
r23 0.708443
92 92 92 92 92 92 92 92 92 92 92 92 92 92 92
55 52 47 55 88 22 11 79 63 31 13 77 8 57 28
r24 0.780416
48 48 48 48 48 48 48 48 48 48 48 48 48 48 48
96 7 77 36 51 79 49 75 85 87 6 68 44 93 20
r25 0.569224
37 37 37 37 37 37 37 37 37 37 37 37 37 37 37
71 77 51 77 54 15 5 62 87 5 16 12 27 56 5
r26 0.766807
33 33 33 33 33 33 33 33 33 33 33 33 33 33 33
37 72 10 81 44 87 65 42 52 9 33 68 90 65 36
r27 0.976287
17 17 17 17 17 17 17 17 17 17 17 17 17 17 17
10 19 24 11 76 8 11 85 15 30 41 15 48 67 44
r28 0.566833
69 69 69 69 69 69 69 69 69 69 69 69 69 69 69
22 54 53 82 92 5 84 25 65 74 82 96 39 94 7
r29 0.632294
15 15 15 15 15 15 15 15 15 15 15 15 15 15 15
10 27 18 13 12 25 36 48 33 79 12 72 92 76 90
r30 0.837112
29 29 29 29 29 29 29 29 29 29 29 29 29 29 29
72 36 27 56 56 84 31 38 81 62 30 80 16 40 82
r31 0.692372
51 51 51 51 51 51 51 51 51 51 51 51 51 51 51
87 45 71 23 85 99 95 90 69 84 66 59 31 88 28
r32 0.86994
12 12 12 12 12 12 12 12 12 12 12 12 12 12 12
77 15 91 5 49 69 62 71 46 73 8 25 11 54 13
r33 0.749561
23 23 23 23 23 23 23 23 23 23 23 23 23 23 23
28 31 19 23 21 83 8 79 42 31 64 66 86 71 43
r34 0.747548
60 60 60 60 60 60 60 60 60 60 60 60 60 60 60
43 42 29 97 13 68 71 17 88 74 63 93 23 81 22
r35 0.987119
96 96 96 96 96 96 96 96 96 96 96 96 96 96 96
37 62 76 37 41 19 64 6 77 50 69 17 43 29 52
r36 0.852725
51 51 51 51 51 51 51 51 51 51 51 51 51 51 51
49 86 16 17 95 99 87 59 93 7 37 15 48 30 44
r37 0.885397
7 7 7 7 7 7 7 7 7 7 7 7 7 7 7
77 43 18 41 44 87 83 11 96 23 32 48 99 78 89
r38 0.611533
89 89 89 89 89 89 89 89 89 89 89 89 89 89 89
99 78 86 86 34 79 85 64 86 33 86 30 35 85 7
r39 0.969572
98 98 98 98 98 98 98 98 98 98 98 98 98 98 98
40 15 82 20 18 78 39 45 23 35 21 13 18 7 9
r40 0.585131
88 88 88 88 88 88 88 88 88 88 88 88 88 88 88
90 23 64 72 79 50 97 66 73 32 51 72 97 50 10
r41 0.814756
29 29 29 29 29 29 29 29 29 29 29 29 29 29 29
25 22 8 56 60 26 87 76 31 97 78 35 86 64 22
r42 0.977323
28 28 28 28 28 28 28 28 28 28 28 28 28 28 28
89 81 71 86 47 44 15 94 16 10 41 21 11 65 39
r43 0.967979
68 68 68 68 68 68 68 68 68 68 68 68 68 68 68
90 81 87 74 57 15 72 32 46 58 91 60 60 17 47
r44 0.766583
83 83 83 83 83 83 83 83 83 83 83 83 83 83 83
30 84 27 41 75 35 43 16 49 49 74 83 70 39 70
r45 0.678282
23 23 23 23 23 23 23 23 23 23 23 23 23 23 23
45 5 34 14 33 72 67 21 32 25 33 74 62 16 5
r46 0.791106
35 35 35 35 35 35 35 35 35 35 35 35 35 35 35
38 19 66 76 27 15 25 93 90 91 33 57 39 51 94
r47 0.686635
80 80 80 80 80 80 80 80 80 80 80 80 80 80 80
8 65 49 68 81 77 88 12 48 47 20 48 82 51 78
r48 0.521083
14 14 14 14 14 14 14 14 14 14 14 14 14 14 14
54 21 24 72 14 11 60 39 60 94 83 52 34 60 55
r49 0.537442
10 10 10 10 10 10 10 10 10 10 10 10 10 10 10
20 73 82 5 77 30 47 92 71 30 40 46 23 49 96
r50 0.863431
65 65 65 65 65 65 65 65 65 65 65 65 65 65 65
65 43 71 25 74 29 16 57 76 43 18 28 34 23 41
r51 0.573539
97 97 97 97 97 97 97 97 97 97 97 97 97 97 97
41 76 24 81 66 87 8 6 34 26 51 27 55 16 87
r52 0.711364
80 80 80 80 80 80 80 80 80 80 80 80 80 80 80
9 64 9 20 19 77 58 32 97 85 47 38 84 41 75
r53 0.902609
60 60 60 60 60 60 60 60 60 60 60 60 60 60 60
53 24 48 56 25 77 74 71 99 29 83 83 16 60 87
r54 0.530113
61 61 61 61 61 61 61 61 61 61 61 61 61 61 61
99 87 38 55 16 32 40 58 66 24 91 38 77 51 86
r55 0.754155
91 91 91 91 91 91 91 91 91 91 91 91 91 91 91
39 22 65 13 85 64 35 65 44 46 25 28 19 81 28
r56 0.962083
16 16 16 16 16 16 16 16 16 16 16 16 16 16 16
78 14 44 15 64 10 31 55 40 9 7 23 97 90 57
r57 0.930706
56 56 56 56 56 56 56 56 56 56 56 56 56 56 56
65 97 20 92 62 57 39 83 80 50 64 8 49 76 78
r58 0.69157
17 17 17 17 17 17 17 17 17 17 17 17 17 17 17
85 23 19 17 73 54 21 72 69 18 63 26 30 19 83
r59 0.967269
31 31 31 31 31 31 31 31 31 31 31 31 31 31 31
73 81 80 12 64 61 54 26 61 98 94 40 57 11 25
r60 0.586436
25 25 25 25 25 25 25 25 25 25 25 25 25 25 25
34 45 71 47 15 40 61 70 58 83 81 38 7 12 11
r61 0.935147
85 85 85 85 85 85 85 85 85 85 85 85 85 85 85
15 45 46 65 63 7 60 57 39 17 60 57 84 77 86
r62 0.929857
48 48 48 48 48 48 48 48 48 48 48 48 48 48 48
34 34 80 87 99 35 67 80 65 69 84 69 49 69 76
r63 0.67167
12 12 12 12 12 12 12 12 12 12 12 12 12 12 12
41 49 15 97 98 49 11 58 98 88 35 85 12 78 16
r64 0.987393
55 55 55 55 55 55 55 55 55 55 55 55 55 55 55
98 37 82 65 14 48 31 93 17 72 60 88 59 67 27
r65 0.701259
77 77 77 77 77 77 77 77 77 77 77 77 77 77 77
21 99 24 24 57 19 9 85 99 13 63 12 46 16 10
r66 0.77416
93 93 93 93 93 93 93 93 93 93 93 93 93 93 93
67 87 38 90 78 50 60 38 36 16 5 55 16 75 68
r67 0.937712
91 91 91 91 91 91 91 91 91 91 91 91 91 91 91
84 65 10 89 50 7 97 10 14 44 18 17 19 12 79
r68 0.99152
45 45 45 45 45 45 45 45 45 45 45 45 45 45 45
67 77 88 27 15 21 38 12 68 49 79 33 57 70 17
r69 0.648668
73 73 73 73 73 73 73 73 73 73 73 73 73 73 73
98 64 72 96 66 81 37 80 93 51 84 70 50 26 37
r70 0.602394
11 11 11 11 11 11 11 11 11 11 11 11 11 11 11
56 34 24 89 39 87 35 18 20 87 81 30 98 51 28
r71 0.609302
23 23 23 23 23 23 23 23 23 23 23 23 23 23 23
21 26 96 53 98 90 97 79 57 44 5 89 61 12 45
r72 0.988329
28 28 28 28 28 28 28 28 28 28 28 28 28 28 28
31 26 16 61 37 28 46 15 50 44 58 74 96 76 90
r73 0.956936
72 72 72 72 72 72 72 72 72 72 72 72 72 72 72
41 17 59 35 91 16 71 88 97 32 95 39 20 24 65
r74 0.92007
32 32 32 32 32 32 32 32 32 32 32 32 32 32 32
24 70 52 65 80 98 6 38 69 97 11 56 16 79 92
r75 0.533904
35 35 35 35 35 35 35 35 35 35 35 35 35 35 35
24 16 47 91 5 44 23 92 79 35 13 41 72 37 60
r76 0.682311
82 82 82 82 82 82 82 82 82 82 82 82 82 82 82
25 17 80 24 47 46 18 54 97 30 30 87 50 60 11
r77 0.755946
99 99 99 99 99 99 99 99 99 99 99 99 99 99 99
97 56 44 18 48 20 45 54 56 14 86 14 49 65 31
r78 0.790116
45 45 45 45 45 45 45 45 45 45 45 45 45 45 45
50 8 83 64 54 81 86 79 68 33 37 74 84 36 69
r79 0.705266
72 72 72 72 72 72 72 72 72 72 72 72 72 72 72
79 81 84 24 35 38 34 18 47 75 79 73 36 21 21
r80 0.697907
5 5 5 5 5 5 5 5 5 5 5 5 5 5 5
77 86 78 60 65 46 88 94 17 73 31 78 10 98 54
r81 0.79643
83 83 83 83 83 83 83 83 83 83 83 83 83 83 83
71 18 21 5 29 60 72 5 33 8 21 49 36 18 23
r82 0.840087
91 91 91 91 91 91 91 91 91 91 91 91 91 91 91
78 80 34 67 74 47 37 5 22 42 96 72 26 76 43
r83 0.977015
92 92 92 92 92 92 92 92 92 92 92 92 92 92 92
40 60 52 12 60 77 12 77 24 43 87 42 58 79 21
r84 0.884456
10 10 10 10 10 10 10 10 10 10 10 10 10 10 10
80 9 52 17 7 67 51 98 39 69 74 74 6 63 14
r85 0.680822
12 12 12 12 12 12 12 12 12 12 12 12 12 12 12
21 22 81 25 91 5 63 78 43 21 54 56 51 60 36
r86 0.514575
9 9 9 9 9 9 9 9 9 9 9 9 9 9 9
45 55 68 91 50 7 58 21 76 59 76 82 20 83 95
r87 0.574824
61 61 61 61 61 61 61 61 61 61 61 61 61 61 61
20 25 62 76 96 97 89 47 53 41 99 81 89 6 26
r88 0.617115
69 69 69 69 69 69 69 69 69 69 69 69 69 69 69
14 86 69 67 7 45 26 78 25 42 58 20 68 19 33
r89 0.850416
73 73 73 73 73 73 73 73 73 73 73 73 73 73 73
9 82 70 90 29 20 31 29 93 17 30 19 50 94 29
r90 0.705596
63 63 63 63 63 63 63 63 63 63 63 63 63 63 63
91 38 6 18 13 23 52 66 35 20 81 63 6 51 64
r91 0.841794
19 19 19 19 19 19 19 19 19 19 19 19 19 19 19
55 13 34 78 34 28 88 59 39 38 50 63 70 11 55
r92 0.676814
9 9 9 9 9 9 9 9 9 9 9 9 9 9 9
65 14 27 14 75 57 26 53 18 25 97 77 8 16 32
r93 0.833415
45 45 45 45 45 45 45 45 45 45 45 45 45 45 45
11 39 65 94 93 5 32 41 60 94 47 12 95 48 69
r94 0.668365
70 70 70 70 70 70 70 70 70 70 70 70 70 70 70
78 73 24 97 24 37 22 21 15 22 32 42 31 69 45
r95 0.857833
32 32 32 32 32 32 32 32 32 32 32 32 32 32 32
36 56 29 61 89 84 55 33 89 47 76 58 48 46 34
r96 0.592764
62 62 62 62 62 62 62 62 62 62 62 62 62 62 62
31 38 95 48 54 10 65 78 44 88 47 82 51 74 18
r97 0.900668
98 98 98 98 98 98 98 98 98 98 98 98 98 98 98
71 91 80 27 21 69 66 92 27 12 35 56 26 92 79
r98 0.899692
87 87 87 87 87 87 87 87 87 87 87 87 87 87 87
24 10 89 85 83 31 70 30 13 21 97 23 20 95 90
r99 0.626331
72 72 72 72 72 72 72 72 72 72 72 72 72 72 72
14 24 41 75 16 64 79 43 17 5 36 89 56 20 13
r100 0.898231
7 7 7 7 7 7 7 7 7 7 7 7 7 7 7
90 41 33 61 64 38 77 61 53 90 53 43 93 26 49
