100 15 5 1 20
0 0.25
43172 43172 43172 43172 43172 43172 43172 43172 43172 43172 43172 43172 43172 43172 43172
w1 0.5
3250 3250 3250 3250 3250 3250 3250 3250 3250 3250 3250 3250 3250 3250 3250
w2 0.5
4392 4392 4392 4392 4392 4392 4392 4392 4392 4392 4392 4392 4392 4392 4392
w3 0.5
1955 1955 1955 1955 1955 1955 1955 1955 1955 1955 1955 1955 1955 1955 1955
w4 0.5
2856 2856 2856 2856 2856 2856 2856 2856 2856 2856 2856 2856 2856 2856 2856
w5 0.5
2231 2231 2231 2231 2231 2231 2231 2231 2231 2231 2231 2231 2231 2231 2231
w6 0.5
3990 3990 3990 3990 3990 3990 3990 3990 3990 3990 3990 3990 3990 3990 3990
w7 0.5
2549 2549 2549 2549 2549 2549 2549 2549 2549 2549 2549 2549 2549 2549 2549
w8 0.5
3187 3187 3187 3187 3187 3187 3187 3187 3187 3187 3187 3187 3187 3187 3187
w9 0.5
1750 1750 1750 1750 1750 1750 1750 1750 1750 1750 1750 1750 1750 1750 1750
w10 0.5
2198 2198 2198 2198 2198 2198 2198 2198 2198 2198 2198 2198 2198 2198 2198
w11 0.5
3904 3904 3904 3904 3904 3904 3904 3904 3904 3904 3904 3904 3904 3904 3904
w12 0.5
3715 3715 3715 3715 3715 3715 3715 3715 3715 3715 3715 3715 3715 3715 3715
w13 0.5
2742 2742 2742 2742 2742 2742 2742 2742 2742 2742 2742 2742 2742 2742 2742
w14 0.5
1568 1568 1568 1568 1568 1568 1568 1568 1568 1568 1568 1568 1568 1568 1568
w15 0.5
3364 3364 3364 3364 3364 3364 3364 3364 3364 3364 3364 3364 3364 3364 3364
w16 0.5
3072 3072 3072 3072 3072 3072 3072 3072 3072 3072 3072 3072 3072 3072 3072
w17 0.5
3685 3685 3685 3685 3685 3685 3685 3685 3685 3685 3685 3685 3685 3685 3685
w18 0.5
2546 2546 2546 2546 2546 2546 2546 2546 2546 2546 2546 2546 2546 2546 2546
w19 0.5
3276 3276 3276 3276 3276 3276 3276 3276 3276 3276 3276 3276 3276 3276 3276
w20 0.5
2587 2587 2587 2587 2587 2587 2587 2587 2587 2587 2587 2587 2587 2587 2587
r1 0.602134
16 16 16 16 16 16 16 16 16 16 16 16 16 16 16
47 46 40 23 67 69 37 55 14 13 97 84 26 66 45
r2 0.610333
38 38 38 38 38 38 38 38 38 38 38 38 38 38 38
92 30 98 37 59 73 13 63 20 61 90 37 12 6 76
r3 0.503196
38 38 38 38 38 38 38 38 38 38 38 38 38 38 38
92 17 99 26 68 13 34 62 93 52 28 35 24 62 27
r4 0.888941
57 57 57 57 57 57 57 57 57 57 57 57 57 57 57
59 98 27 64 61 42 26 48 71 33 46 47 79 79 39
r5 0.632774
76 76 76 76 76 76 76 76 76 76 76 76 76 76 76
61 56 84 87 16 74 37 39 9 53 93 28 92 47 82
r6 0.733587
69 69 69 69 69 69 69 69 69 69 69 69 69 69 69
44 48 8 65 92 74 90 38 19 66 15 50 55 86 8
r7 0.779874
67 67 67 67 67 67 67 67 67 67 67 67 67 67 67
88 19 42 25 51 46 70 41 70 62 84 49 52 50 85
r8 0.891285
54 54 54 54 54 54 54 54 54 54 54 54 54 54 54
50 85 25 38 20 36 99 30 82 51 13 82 52 76 70
r9 0.541337
18 18 18 18 18 18 18 18 18 18 18 18 18 18 18
87 14 56 58 48 23 20 29 65 65 74 50 58 25 93
r10 0.706993
46 46 46 46 46 46 46 46 46 46 46 46 46 46 46
31 58 77 27 81 56 71 86 39 23 62 9 81 72 89
r11 0.716003
26 26 26 26 26 26 26 26 26 26 26 26 26 26 26
47 36 44 59 57 9 24 31 52 77 52 45 20 90 68
r12 0.798159
67 67 67 67 67 67 67 67 67 67 67 67 67 67 67
90 49 21 58 35 55 76 93 56 55 62 45 43 83 84
r13 0.649738
28 28 28 28 28 28 28 28 28 28 28 28 28 28 28
44 28 29 60 54 76 38 98 21 50 88 84 18 53 72
r14 0.637824
69 69 69 69 69 69 69 69 69 69 69 69 69 69 69
30 93 21 99 83 72 54 45 15 92 29 91 63 49 32
r15 0.613276
70 70 70 70 70 70 70 70 70 70 70 70 70 70 70
88 34 47 26 33 60 68 18 42 82 66 11 44 35 36
r16 0.63005
48 48 48 48 48 48 48 48 48 48 48 48 48 48 48
35 17 18 84 58 25 73 79 16 33 28 44 16 93 32
r17 0.83159
37 37 37 37 37 37 37 37 37 37 37 37 37 37 37
50 71 90 18 84 32 92 51 38 34 78 66 63 27 94
r18 0.564764
40 40 40 40 40 40 40 40 40 40 40 40 40 40 40
75 31 60 49 7 68 77 27 12 86 17 36 32 50 78
r19 0.616206
40 40 40 40 40 40 40 40 40 40 40 40 40 40 40
89 79 64 81 27 94 12 6 60 68 25 54 41 57 30
r20 0.542677
14 14 14 14 14 14 14 14 14 14 14 14 14 14 14
71 66 77 48 88 82 31 5 15 55 47 89 50 82 75
r21 0.559987
43 43 43 43 43 43 43 43 43 43 43 43 43 43 43
56 49 37 61 47 90 29 64 41 65 21 66 29 27 37
r22 0.510854
97 97 97 97 97 97 97 97 97 97 97 97 97 97 97
78 75 76 6 75 86 57 23 72 99 97 47 26 38 96
r23 0.844355
67 67 67 67 67 67 67 67 67 67 67 67 67 67 67
57 15 57 78 75 94 43 91 57 64 16 87 51 13 62
r24 0.942553
84 84 84 84 84 84 84 84 84 84 84 84 84 84 84
63 93 67 20 13 40 17 11 79 38 41 75 6 8 29
r25 0.552188
61 61 61 61 61 61 61 61 61 61 61 61 61 61 61
7 87 55 42 75 9 6 86 91 49 94 53 67 75 17
r26 0.775494
43 43 43 43 43 43 43 43 43 43 43 43 43 43 43
29 69 78 41 72 57 72 13 30 73 17 54 85 70 57
r27 0.776759
22 22 22 22 22 22 22 22 22 22 22 22 22 22 22
94 48 26 93 31 18 42 26 63 10 93 75 63 36 97
r28 0.979408
11 11 11 11 11 11 11 11 11 11 11 11 11 11 11
35 97 61 7 7 86 76 16 37 61 81 86 31 98 78
r29 0.623816
22 22 22 22 22 22 22 22 22 22 22 22 22 22 22
71 97 32 10 20 90 15 14 63 70 45 60 95 52 87
r30 0.84567
10 10 10 10 10 10 10 10 10 10 10 10 10 10 10
90 94 91 63 8 25 21 84 12 47 80 85 15 97 53
r31 0.692039
29 29 29 29 29 29 29 29 29 29 29 29 29 29 29
58 28 16 66 37 74 36 75 31 31 24 19 20 29 9
r32 0.742164
20 20 20 20 20 20 20 20 20 20 20 20 20 20 20
64 15 37 80 91 44 25 71 26 35 65 74 43 86 30
r33 0.622855
98 98 98 98 98 98 98 98 98 98 98 98 98 98 98
91 93 69 24 68 96 48 87 15 63 16 16 67 28 75
r34 0.888199
61 61 61 61 61 61 61 61 61 61 61 61 61 61 61
52 66 97 72 37 24 8 95 90 43 78 20 7 73 8
r35 0.771214
43 43 43 43 43 43 43 43 43 43 43 43 43 43 43
28 64 39 71 49 46 31 57 57 94 81 29 68 39 76
r36 0.687511
33 33 33 33 33 33 33 33 33 33 33 33 33 33 33
49 64 49 49 56 40 87 34 52 90 8 56 83 43 79
r37 0.716259
74 74 74 74 74 74 74 74 74 74 74 74 74 74 74
47 88 20 73 43 69 64 21 93 33 52 69 62 80 15
r38 0.667309
30 30 30 30 30 30 30 30 30 30 30 30 30 30 30
59 74 62 47 9 14 34 9 65 14 47 41 53 21 83
r39 0.833831
33 33 33 33 33 33 33 33 33 33 33 33 33 33 33
54 77 97 15 93 90 43 42 56 98 22 67 21 44 26
r40 0.670506
6 6 6 6 6 6 6 6 6 6 6 6 6 6 6
65 89 16 91 93 73 5 37 15 51 50 90 82 78 41
r41 0.956417
75 75 75 75 75 75 75 75 75 75 75 75 75 75 75
52 49 65 90 86 21 85 5 80 99 45 7 87 46 64
r42 0.968176
54 54 54 54 54 54 54 54 54 54 54 54 54 54 54
56 66 25 53 98 35 99 45 22 81 23 59 37 93 11
r43 0.785049
55 55 55 55 55 55 55 55 55 55 55 55 55 55 55
93 61 68 76 62 49 75 99 51 59 42 12 32 89 63
r44 0.923313
14 14 14 14 14 14 14 14 14 14 14 14 14 14 14
14 88 41 13 33 58 87 48 17 21 41 20 95 88 11
r45 0.642771
56 56 56 56 56 56 56 56 56 56 56 56 56 56 56
82 12 5 57 11 48 13 49 53 40 38 16 30 44 22
r46 0.549922
80 80 80 80 80 80 80 80 80 80 80 80 80 80 80
31 40 38 15 83 48 31 21 60 23 9 66 72 57 48
r47 0.959054
55 55 55 55 55 55 55 55 55 55 55 55 55 55 55
97 83 95 10 29 48 42 59 57 67 98 74 77 78 97
r48 0.87326
13 13 13 13 13 13 13 13 13 13 13 13 13 13 13
12 92 56 36 13 14 51 14 75 23 67 21 95 19 15
r49 0.557657
14 14 14 14 14 14 14 14 14 14 14 14 14 14 14
18 99 58 55 58 12 20 56 81 92 31 79 7 39 83
r50 0.841195
88 88 88 88 88 88 88 88 88 88 88 88 88 88 88
16 5 97 63 14 69 78 73 82 73 87 93 48 97 11
r51 0.604896
52 52 52 52 52 52 52 52 52 52 52 52 52 52 52
58 97 59 73 50 37 63 76 13 65 13 89 56 93 5
r52 0.764159
90 90 90 90 90 90 90 90 90 90 90 90 90 90 90
63 63 56 42 36 39 12 24 32 53 18 35 92 65 88
r53 0.551987
21 21 21 21 21 21 21 21 21 21 21 21 21 21 21
62 37 53 25 11 62 82 19 51 38 12 48 87 94 12
r54 0.759556
47 47 47 47 47 47 47 47 47 47 47 47 47 47 47
46 81 81 53 97 10 6 15 40 91 72 26 78 88 80
r55 0.976048
39 39 39 39 39 39 39 39 39 39 39 39 39 39 39
97 18 93 79 29 41 14 33 84 93 24 88 43 67 34
r56 0.768163
48 48 48 48 48 48 48 48 48 48 48 48 48 48 48
83 19 51 81 27 86 69 94 9 47 80 84 55 19 81
r57 0.906135
12 12 12 12 12 12 12 12 12 12 12 12 12 12 12
57 90 48 64 23 29 57 43 18 93 10 47 15 50 27
r58 0.715925
96 96 96 96 96 96 96 96 96 96 96 96 96 96 96
6 48 80 70 40 84 18 20 69 65 31 47 30 38 5
r59 0.609666
78 78 78 78 78 78 78 78 78 78 78 78 78 78 78
64 39 7 21 77 20 14 79 60 21 29 82 43 26 83
r60 0.825043
98 98 98 98 98 98 98 98 98 98 98 98 98 98 98
51 20 82 61 35 48 26 58 91 51 91 88 67 66 52
r61 0.646263
69 69 69 69 69 69 69 69 69 69 69 69 69 69 69
65 75 81 72 51 41 88 75 21 28 93 96 12 91 47
r62 0.545077
71 71 71 71 71 71 71 71 71 71 71 71 71 71 71
8 55 19 29 10 7 73 97 90 37 60 42 35 26 8
r63 0.803061
8 8 8 8 8 8 8 8 8 8 8 8 8 8 8
72 53 41 60 25 54 84 19 51 88 7 93 12 73 94
r64 0.932643
85 85 85 85 85 85 85 85 85 85 85 85 85 85 85
23 65 87 88 59 78 25 16 17 52 38 20 54 38 84
r65 0.841022
71 71 71 71 71 71 71 71 71 71 71 71 71 71 71
45 22 26 26 36 72 11 35 62 15 9 56 67 86 72
r66 0.987781
73 73 73 73 73 73 73 73 73 73 73 73 73 73 73
60 83 51 78 94 64 30 29 76 77 62 61 73 34 98
r67 0.57182
55 55 55 55 55 55 55 55 55 55 55 55 55 55 55
24 23 24 27 54 81 37 55 38 99 41 10 28 14 62
r68 0.632389
58 58 58 58 58 58 58 58 58 58 58 58 58 58 58
40 95 19 66 24 90 40 82 48 13 13 43 99 63 62
r69 0.785949
79 79 79 79 79 79 79 79 79 79 79 79 79 79 79
81 71 60 19 23 90 15 59 95 39 66 55 42 24 90
r70 0.512183
35 35 35 35 35 35 35 35 35 35 35 35 35 35 35
53 54 25 88 33 66 94 41 9 93 96 64 12 75 45
r71 0.551405
35 35 35 35 35 35 35 35 35 35 35 35 35 35 35
56 94 26 67 51 18 98 17 68 37 33 56 67 63 9
r72 0.758471
80 80 80 80 80 80 80 80 80 80 80 80 80 80 80
90 49 43 84 85 48 77 78 9 81 53 46 57 80 98
r73 0.785579
98 98 98 98 98 98 98 98 98 98 98 98 98 98 98
62 98 17 60 12 77 92 40 30 56 95 35 72 75 25
r74 0.600466
16 16 16 16 16 16 16 16 16 16 16 16 16 16 16
6 95 56 75 73 60 56 26 98 14 7 96 58 97 55
r75 0.871693
14 14 14 14 14 14 14 14 14 14 14 14 14 14 14
12 63 84 97 95 14 53 87 41 26 59 58 39 70 59
r76 0.531643
26 26 26 26 26 26 26 26 26 26 26 26 26 26 26
34 5 78 83 27 77 92 26 70 50 23 26 98 30 33
r77 0.774141
11 11 11 11 11 11 11 11 11 11 11 11 11 11 11
30 50 17 79 37 54 97 91 9 33 62 64 60 80 90
r78 0.525149
59 59 59 59 59 59 59 59 59 59 59 59 59 59 59
73 80 36 62 98 6 9 18 24 99 40 53 57 46 75
r79 0.967714
59 59 59 59 59 59 59 59 59 59 59 59 59 59 59
51 36 10 45 28 14 71 82 70 28 62 58 81 21 28
r80 0.524182
52 52 52 52 52 52 52 52 52 52 52 52 52 52 52
83 56 51 87 67 70 87 7 20 41 46 88 41 5 36
r81 0.829757
7 7 7 7 7 7 7 7 7 7 7 7 7 7 7
77 92 13 45 74 76 68 34 34 50 50 54 8 95 37
r82 0.563319
43 43 43 43 43 43 43 43 43 43 43 43 43 43 43
25 24 13 9 26 26 42 67 11 78 64 42 48 63 16
r83 0.702103
72 72 72 72 72 72 72 72 72 72 72 72 72 72 72
56 12 45 25 41 74 67 86 28 70 78 61 27 21 78
r84 0.518977
27 27 27 27 27 27 27 27 27 27 27 27 27 27 27
79 65 48 21 29 51 95 89 88 43 52 97 75 21 53
r85 0.687836
61 61 61 61 61 61 61 61 61 61 61 61 61 61 61
70 23 32 37 7 53 5 80 11 24 97 81 63 24 60
r86 0.931526
64 64 64 64 64 64 64 64 64 64 64 64 64 64 64
76 52 15 68 38 95 8 83 92 76 96 43 58 58 13
r87 0.950701
82 82 82 82 82 82 82 82 82 82 82 82 82 82 82
43 76 35 40 56 38 59 50 19 22 66 74 42 30 48
r88 0.773851
37 37 37 37 37 37 37 37 37 37 37 37 37 37 37
13 22 30 14 5 19 85 97 57 43 52 63 17 31 98
r89 0.973344
62 62 62 62 62 62 62 62 62 62 62 62 62 62 62
38 42 92 92 87 12 12 54 78 46 76 23 33 11 29
r90 0.972088
33 33 33 33 33 33 33 33 33 33 33 33 33 33 33
38 48 47 20 42 97 55 89 60 65 21 55 50 75 88
r91 0.714872
67 67 67 67 67 67 67 67 67 67 67 67 67 67 67
77 75 71 81 26 50 28 94 65 53 5 89 96 30 24
r92 0.917464
73 73 73 73 73 73 73 73 73 73 73 73 73 73 73
39 79 70 90 69 27 55 82 77 5 54 62 85 18 39
r93 0.991301
85 85 85 85 85 85 85 85 85 85 85 85 85 85 85
18 78 32 41 72 92 89 70 79 83 95 98 25 65 38
r94 0.59065
35 35 35 35 35 35 35 35 35 35 35 35 35 35 35
28 65 54 75 47 31 75 93 88 60 12 25 17 89 38
r95 0.715119
21 21 21 21 21 21 21 21 21 21 21 21 21 21 21
71 57 10 57 24 84 40 19 83 60 77 21 60 12 41
r96 0.93534
59 59 59 59 59 59 59 59 59 59 59 59 59 59 59
16 65 85 83 58 71 41 62 88 53 51 26 38 67 89
r97 0.861924
73 73 73 73 73 73 73 73 73 73 73 73 73 73 73
46 14 54 82 25 37 39 97 53 91 7 86 14 58 97
r98 0.963435
43 43 43 43 43 43 43 43 43 43 43 43 43 43 43
78 29 11 19 87 91 64 38 14 97 98 98 84 68 45
r99 0.54573
22 22 22 22 22 22 22 22 22 22 22 22 22 22 22
24 16 55 55 10 5 47 9 87 53 62 81 24 98 59
r100 0.821355
6 6 6 6 6 6 6 6 6 6 6 6 6 6 6
73 32 93 38 66 7 32 61 6 17 29 43 7 46 62
