100 15 0 1 20
0 0.25
33365 38517 33681 36698 30844 40827 32105 36879 30671 37362 30645 30487 32879 44831 36127
w1 0.5
4020 2555 2646 3673 2112 3427 2646 4189 1976 3612 3833 4186 1641 2850 3599
w2 0.5
2367 1633 3056 3564 3460 2162 1795 4131 3876 2440 1971 4107 2624 2098 4069
w3 0.5
3153 2567 1669 4117 1846 2815 3806 2323 2279 3139 2361 2421 1842 4461 3279
w4 0.5
1594 2188 2125 3906 3202 2421 3890 2578 3713 4361 2537 1837 1959 2458 2834
w5 0.5
3877 3003 3582 4223 1671 3240 2398 2450 2232 3260 3723 2574 3573 2503 4135
w6 0.5
3543 2113 3073 2245 3386 2463 3323 2951 2676 1712 3289 3135 2670 1623 2600
w7 0.5
3478 2034 2122 3649 3774 3021 1952 1506 2133 4175 2580 4206 2530 2568 3373
w8 0.5
3533 2298 2318 2771 3614 4493 4222 1790 1705 3363 3778 3227 3838 2230 3774
w9 0.5
2764 1749 2318 2038 3270 2770 2397 3903 2798 3829 3961 3828 2249 2834 3902
w10 0.5
3984 2072 2905 3450 2066 2628 3741 2623 1843 3019 4351 4182 3749 3977 2499
w11 0.5
4226 3669 2903 3348 1940 4152 3103 3590 3482 2564 2918 4231 4250 2672 4366
w12 0.5
3245 2771 3037 4163 4251 2278 2286 1595 4149 2489 1629 3750 1967 2628 1615
w13 0.5
2149 3371 4246 2941 3375 2849 2031 2357 4266 3450 2441 4016 1974 2307 3603
w14 0.5
3930 2493 3382 3682 3271 1521 4129 3273 2510 4258 2875 3329 2738 3343 4227
w15 0.5
2566 3973 1829 4441 2674 2712 2651 2440 1662 3592 2309 2489 4399 1764 1708
w16 0.5
2757 3943 3715 1881 4316 3344 4006 2678 3102 2381 1508 1692 4224 4235 3580
w17 0.5
3708 4261 2584 1882 2825 3735 3175 2988 3179 3984 4329 3430 4248 1537 3111
w18 0.5
4332 2327 3239 4148 4171 2745 2327 3126 3978 2687 3670 4055 2774 2750 2197
w19 0.5
2863 3633 3068 4189 3220 1743 3029 1899 1579 2858 3829 1680 3247 2793 3038
w20 0.5
3620 2129 3432 3643 3374 1611 2621 2852 2798 1792 2407 4072 3394 3457 1906
r1 0.650219
35 81 26 10 95 80 50 70 87 75 59 50 25 36 17
34 34 34 34 34 34 34 34 34 34 34 34 34 34 34
r2 0.916968
8 62 96 57 86 63 92 20 14 49 29 14 94 56 90
17 17 17 17 17 17 17 17 17 17 17 17 17 17 17
r3 0.959021
90 8 49 74 78 9 24 98 37 33 32 86 37 32 46
33 33 33 33 33 33 33 33 33 33 33 33 33 33 33
r4 0.578074
88 74 44 98 23 65 12 14 21 95 24 75 77 14 78
27 27 27 27 27 27 27 27 27 27 27 27 27 27 27
r5 0.725034
28 99 49 60 29 74 44 61 98 85 90 80 14 78 51
53 53 53 53 53 53 53 53 53 53 53 53 53 53 53
r6 0.575528
19 81 76 32 76 95 7 50 6 78 69 84 29 92 80
70 70 70 70 70 70 70 70 70 70 70 70 70 70 70
r7 0.683775
41 89 65 40 71 52 17 80 28 64 30 96 30 41 74
98 98 98 98 98 98 98 98 98 98 98 98 98 98 98
r8 0.787032
90 68 90 91 43 59 72 64 49 52 35 91 53 68 80
16 16 16 16 16 16 16 16 16 16 16 16 16 16 16
r9 0.577116
63 18 28 83 74 50 77 96 87 48 95 53 91 82 21
78 78 78 78 78 78 78 78 78 78 78 78 78 78 78
r10 0.564235
34 43 21 78 88 51 69 41 17 46 52 17 86 13 27
11 11 11 11 11 11 11 11 11 11 11 11 11 11 11
r11 0.971793
57 65 93 44 14 85 92 97 64 10 75 35 62 9 74
79 79 79 79 79 79 79 79 79 79 79 79 79 79 79
r12 0.923115
27 46 95 39 85 45 52 68 53 74 75 41 68 32 99
58 58 58 58 58 58 58 58 58 58 58 58 58 58 58
r13 0.827136
40 57 7 99 59 74 35 22 75 6 93 55 57 20 94
49 49 49 49 49 49 49 49 49 49 49 49 49 49 49
r14 0.80253
89 96 44 39 67 19 73 32 43 72 85 8 77 25 60
79 79 79 79 79 79 79 79 79 79 79 79 79 79 79
r15 0.77635
53 49 34 28 47 24 76 99 36 67 48 83 40 35 76
79 79 79 79 79 79 79 79 79 79 79 79 79 79 79
r16 0.953429
91 39 71 31 11 54 35 83 71 87 59 88 99 12 34
30 30 30 30 30 30 30 30 30 30 30 30 30 30 30
r17 0.875978
49 6 72 81 65 18 64 5 48 38 76 14 77 64 49
45 45 45 45 45 45 45 45 45 45 45 45 45 45 45
r18 0.72258
91 26 36 63 10 90 48 10 95 78 35 25 51 77 23
21 21 21 21 21 21 21 21 21 21 21 21 21 21 21
r19 0.787289
34 19 83 74 52 56 83 26 21 29 64 12 77 55 30
10 10 10 10 10 10 10 10 10 10 10 10 10 10 10
r20 0.974972
92 59 34 84 34 65 9 80 39 24 93 92 7 27 8
82 82 82 82 82 82 82 82 82 82 82 82 82 82 82
r21 0.731869
39 77 74 52 6 35 56 75 86 78 80 96 10 73 55
40 40 40 40 40 40 40 40 40 40 40 40 40 40 40
r22 0.53875
97 59 59 36 75 52 25 78 75 28 57 68 76 91 45
48 48 48 48 48 48 48 48 48 48 48 48 48 48 48
r23 0.58141
78 91 22 64 69 95 58 75 65 10 12 19 87 9 70
46 46 46 46 46 46 46 46 46 46 46 46 46 46 46
r24 0.5038
93 57 24 65 77 76 34 54 65 74 94 5 18 72 89
33 33 33 33 33 33 33 33 33 33 33 33 33 33 33
r25 0.864904
28 84 30 85 89 37 99 76 38 70 19 70 13 10 27
32 32 32 32 32 32 32 32 32 32 32 32 32 32 32
r26 0.724849
5 99 51 62 71 45 60 81 14 49 14 40 99 34 24
27 27 27 27 27 27 27 27 27 27 27 27 27 27 27
r27 0.977047
56 16 82 90 78 97 60 86 7 83 15 72 80 12 69
31 31 31 31 31 31 31 31 31 31 31 31 31 31 31
r28 0.527642
68 27 18 77 68 25 18 64 51 37 86 63 43 43 71
26 26 26 26 26 26 26 26 26 26 26 26 26 26 26
r29 0.574812
23 85 35 22 65 42 86 42 49 52 68 16 84 33 35
95 95 95 95 95 95 95 95 95 95 95 95 95 95 95
r30 0.939557
17 21 60 60 50 43 23 89 78 89 12 8 35 27 89
65 65 65 65 65 65 65 65 65 65 65 65 65 65 65
r31 0.882105
99 27 89 49 75 54 57 56 83 88 48 86 83 57 99
40 40 40 40 40 40 40 40 40 40 40 40 40 40 40
r32 0.692115
79 33 35 57 20 42 61 50 64 47 13 5 90 12 28
76 76 76 76 76 76 76 76 76 76 76 76 76 76 76
r33 0.962977
31 11 51 11 94 92 92 74 49 91 15 62 37 89 91
68 68 68 68 68 68 68 68 68 68 68 68 68 68 68
r34 0.5475
7 96 53 64 40 61 61 31 69 81 7 22 76 30 28
25 25 25 25 25 25 25 25 25 25 25 25 25 25 25
r35 0.780053
17 25 89 61 13 99 21 46 85 9 11 28 15 10 25
60 60 60 60 60 60 60 60 60 60 60 60 60 60 60
r36 0.501892
22 28 86 83 9 86 5 78 16 26 98 45 40 12 65
26 26 26 26 26 26 26 26 26 26 26 26 26 26 26
r37 0.508445
25 81 14 10 85 20 31 92 22 51 53 84 11 67 12
90 90 90 90 90 90 90 90 90 90 90 90 90 90 90
r38 0.594672
73 50 86 81 68 81 26 6 88 84 27 54 55 45 35
64 64 64 64 64 64 64 64 64 64 64 64 64 64 64
r39 0.940833
76 76 10 93 24 55 74 31 22 81 18 67 90 86 15
73 73 73 73 73 73 73 73 73 73 73 73 73 73 73
r40 0.789738
55 86 79 40 70 99 86 22 44 22 81 86 32 54 63
34 34 34 34 34 34 34 34 34 34 34 34 34 34 34
r41 0.678641
85 19 10 7 92 20 67 79 6 77 53 66 52 5 52
29 29 29 29 29 29 29 29 29 29 29 29 29 29 29
r42 0.986714
28 27 36 67 41 14 53 65 63 13 94 99 88 79 18
90 90 90 90 90 90 90 90 90 90 90 90 90 90 90
r43 0.595075
11 46 85 9 20 35 67 67 32 19 91 65 33 16 84
61 61 61 61 61 61 61 61 61 61 61 61 61 61 61
r44 0.528932
70 29 82 30 34 76 30 19 56 43 10 32 46 13 73
29 29 29 29 29 29 29 29 29 29 29 29 29 29 29
r45 0.802873
56 77 52 84 88 41 49 22 52 30 78 28 47 46 49
29 29 29 29 29 29 29 29 29 29 29 29 29 29 29
r46 0.689393
5 96 93 53 37 95 77 75 5 50 96 11 35 53 80
83 83 83 83 83 83 83 83 83 83 83 83 83 83 83
r47 0.753772
24 75 83 68 5 58 91 47 99 37 68 71 13 65 64
98 98 98 98 98 98 98 98 98 98 98 98 98 98 98
r48 0.523013
93 88 69 90 39 65 93 69 15 74 49 41 43 68 16
26 26 26 26 26 26 26 26 26 26 26 26 26 26 26
r49 0.623347
79 22 52 79 55 20 47 63 81 11 61 92 5 51 80
66 66 66 66 66 66 66 66 66 66 66 66 66 66 66
r50 0.637421
28 31 78 36 5 27 72 43 88 81 64 22 89 41 39
42 42 42 42 42 42 42 42 42 42 42 42 42 42 42
r51 0.563479
57 59 49 35 62 7 27 62 50 5 25 83 16 49 15
89 89 89 89 89 89 89 89 89 89 89 89 89 89 89
r52 0.966221
17 49 51 97 30 12 19 20 48 50 54 57 37 11 16
78 78 78 78 78 78 78 78 78 78 78 78 78 78 78
r53 0.983562
81 61 33 31 61 51 12 70 95 22 59 72 29 68 18
72 72 72 72 72 72 72 72 72 72 72 72 72 72 72
r54 0.635875
80 79 56 25 27 10 78 59 13 86 34 47 60 12 9
86 86 86 86 86 86 86 86 86 86 86 86 86 86 86
r55 0.555069
37 43 32 29 57 84 93 81 52 11 51 18 50 28 89
98 98 98 98 98 98 98 98 98 98 98 98 98 98 98
r56 0.85926
8 23 67 14 10 94 56 62 6 57 45 37 17 74 75
41 41 41 41 41 41 41 41 41 41 41 41 41 41 41
r57 0.779175
25 91 8 73 95 54 83 42 77 69 41 22 78 41 41
42 42 42 42 42 42 42 42 42 42 42 42 42 42 42
r58 0.661964
36 7 97 35 56 43 67 68 17 40 10 13 64 30 99
64 64 64 64 64 64 64 64 64 64 64 64 64 64 64
r59 0.893601
18 75 34 90 45 70 13 23 11 46 57 57 84 89 56
81 81 81 81 81 81 81 81 81 81 81 81 81 81 81
r60 0.535456
21 83 73 34 20 75 42 77 97 38 41 90 30 55 65
59 59 59 59 59 59 59 59 59 59 59 59 59 59 59
r61 0.815381
26 47 22 32 88 75 81 69 61 34 51 77 39 67 57
9 9 9 9 9 9 9 9 9 9 9 9 9 9 9
r62 0.716463
76 32 47 73 66 80 63 88 32 26 44 70 28 65 14
46 46 46 46 46 46 46 46 46 46 46 46 46 46 46
r63 0.893573
18 68 67 74 94 15 48 30 75 5 34 68 70 10 96
14 14 14 14 14 14 14 14 14 14 14 14 14 14 14
r64 0.687015
90 36 44 22 57 83 84 81 45 94 24 31 89 37 91
53 53 53 53 53 53 53 53 53 53 53 53 53 53 53
r65 0.781796
64 51 16 36 48 43 99 16 45 92 25 21 48 15 53
87 87 87 87 87 87 87 87 87 87 87 87 87 87 87
r66 0.85293
67 11 83 9 97 99 36 86 33 24 37 36 10 93 79
19 19 19 19 19 19 19 19 19 19 19 19 19 19 19
r67 0.759803
57 25 36 97 15 56 16 58 64 64 43 89 66 7 92
47 47 47 47 47 47 47 47 47 47 47 47 47 47 47
r68 0.996118
43 40 73 72 56 10 5 62 95 80 76 24 5 33 42
36 36 36 36 36 36 36 36 36 36 36 36 36 36 36
r69 0.774499
84 38 7 48 94 42 34 58 45 27 97 49 14 40 81
82 82 82 82 82 82 82 82 82 82 82 82 82 82 82
r70 0.85698
85 13 91 77 85 67 97 82 92 36 15 17 83 94 50
85 85 85 85 85 85 85 85 85 85 85 85 85 85 85
r71 0.951299
28 69 95 65 91 89 11 97 29 87 77 34 21 62 39
13 13 13 13 13 13 13 13 13 13 13 13 13 13 13
r72 0.549307
75 33 98 65 61 13 77 44 99 24 27 39 61 47 9
53 53 53 53 53 53 53 53 53 53 53 53 53 53 53
r73 0.552459
42 15 90 64 97 67 93 15 26 32 23 57 48 94 83
46 46 46 46 46 46 46 46 46 46 46 46 46 46 46
r74 0.579917
51 33 81 50 52 5 82 14 47 86 59 51 78 94 58
65 65 65 65 65 65 65 65 65 65 65 65 65 65 65
r75 0.624558
29 51 65 50 75 81 5 23 72 80 61 28 21 9 56
97 97 97 97 97 97 97 97 97 97 97 97 97 97 97
r76 0.815144
94 33 11 41 16 66 84 87 60 42 52 18 89 77 61
52 52 52 52 52 52 52 52 52 52 52 52 52 52 52
r77 0.810071
33 21 51 5 96 9 25 18 10 73 12 56 73 7 82
80 80 80 80 80 80 80 80 80 80 80 80 80 80 80
r78 0.782477
46 22 77 98 59 30 16 46 99 69 90 20 97 23 37
48 48 48 48 48 48 48 48 48 48 48 48 48 48 48
r79 0.933835
49 37 40 54 10 48 7 78 47 81 58 79 72 96 96
49 49 49 49 49 49 49 49 49 49 49 49 49 49 49
r80 0.682586
71 7 94 67 71 84 83 68 99 17 13 16 42 57 48
78 78 78 78 78 78 78 78 78 78 78 78 78 78 78
r81 0.704588
23 8 28 62 84 82 41 53 75 38 98 70 83 66 72
77 77 77 77 77 77 77 77 77 77 77 77 77 77 77
r82 0.979576
58 14 9 54 26 18 65 60 67 10 35 71 55 53 74
78 78 78 78 78 78 78 78 78 78 78 78 78 78 78
r83 0.90393
57 49 9 33 79 99 95 62 65 64 39 91 5 89 97
10 10 10 10 10 10 10 10 10 10 10 10 10 10 10
r84 0.884726
20 5 73 82 10 8 50 57 57 21 35 64 72 85 13
73 73 73 73 73 73 73 73 73 73 73 73 73 73 73
r85 0.59003
72 10 46 34 69 77 23 70 66 20 72 6 33 87 6
6 6 6 6 6 6 6 6 6 6 6 6 6 6 6
r86 0.63493
9 17 57 58 33 88 23 97 70 28 70 80 13 42 82
54 54 54 54 54 54 54 54 54 54 54 54 54 54 54
r87 0.978845
32 87 18 90 7 85 89 32 69 87 33 36 91 38 45
48 48 48 48 48 48 48 48 48 48 48 48 48 48 48
r88 0.560207
33 8 68 95 32 38 75 37 73 57 83 42 6 12 29
19 19 19 19 19 19 19 19 19 19 19 19 19 19 19
r89 0.879798
97 87 56 66 74 84 94 62 19 39 8 8 10 33 11
73 73 73 73 73 73 73 73 73 73 73 73 73 73 73
r90 0.814005
8 96 67 76 51 51 18 52 58 42 63 53 66 60 37
19 19 19 19 19 19 19 19 19 19 19 19 19 19 19
r91 0.656189
98 18 63 18 50 66 18 52 92 24 22 21 55 25 14
19 19 19 19 19 19 19 19 19 19 19 19 19 19 19
r92 0.558094
62 12 12 18 47 71 66 10 28 96 24 47 5 19 58
63 63 63 63 63 63 63 63 63 63 63 63 63 63 63
r93 0.503967
27 42 55 19 62 69 32 14 89 41 28 83 97 86 88
9 9 9 9 9 9 9 9 9 9 9 9 9 9 9
r94 0.946913
72 62 34 96 58 53 43 55 64 96 16 89 96 38 31
48 48 48 48 48 48 48 48 48 48 48 48 48 48 48
r95 0.847605
17 79 94 99 20 20 82 14 98 67 19 97 94 83 56
28 28 28 28 28 28 28 28 28 28 28 28 28 28 28
r96 0.647632
73 23 62 38 16 73 27 13 8 53 53 55 39 66 31
33 33 33 33 33 33 33 33 33 33 33 33 33 33 33
r97 0.846017
45 44 53 43 12 64 37 98 48 89 24 24 93 92 42
52 52 52 52 52 52 52 52 52 52 52 52 52 52 52
r98 0.917315
23 49 56 26 98 9 74 34 67 97 59 29 41 5 69
87 87 87 87 87 87 87 87 87 87 87 87 87 87 87
r99 0.926671
48 73 71 91 59 90 13 52 80 50 99 10 93 22 52
49 49 49 49 49 49 49 49 49 49 49 49 49 49 49
r100 0.551741
51 15 76 18 12 35 43 46 32 9 33 68 77 73 41
45 45 45 45 45 45 45 45 45 45 45 45 45 45 45
