50 15 7 1 5
0 0.25
43220 43220 43220 43220 43220 43220 43220 43220 43220 43220 43220 43220 43220 43220 43220
w1 0.5
3914 3914 3914 3914 3914 3914 3914 3914 3914 3914 3914 3914 3914 3914 3914
w2 0.5
3374 3374 3374 3374 3374 3374 3374 3374 3374 3374 3374 3374 3374 3374 3374
w3 0.5
2268 2268 2268 2268 2268 2268 2268 2268 2268 2268 2268 2268 2268 2268 2268
w4 0.5
4488 4488 4488 4488 4488 4488 4488 4488 4488 4488 4488 4488 4488 4488 4488
w5 0.5
3870 3870 3870 3870 3870 3870 3870 3870 3870 3870 3870 3870 3870 3870 3870
r1 0.501188
5 5 5 5 5 5 5 5 5 5 5 5 5 5 5
60 67 97 91 13 80 80 8 12 90 84 64 21 5 38
r2 0.717602
26 26 26 26 26 26 26 26 26 26 26 26 26 26 26
38 59 27 65 14 26 91 55 15 56 80 13 21 81 65
r3 0.64021
75 75 75 75 75 75 75 75 75 75 75 75 75 75 75
56 92 55 33 92 62 23 76 24 36 74 54 91 95 87
r4 0.742887
22 22 22 22 22 22 22 22 22 22 22 22 22 22 22
53 53 43 41 8 51 89 83 59 10 61 24 89 36 72
r5 0.602755
83 83 83 83 83 83 83 83 83 83 83 83 83 83 83
6 71 43 21 45 62 50 16 13 38 11 95 80 26 45
r6 0.973643
61 61 61 61 61 61 61 61 61 61 61 61 61 61 61
78 33 9 67 13 63 73 67 79 59 95 49 38 79 47
r7 0.686321
19 19 19 19 19 19 19 19 19 19 19 19 19 19 19
60 44 73 10 55 81 43 58 76 23 79 19 48 41 89
r8 0.809054
45 45 45 45 45 45 45 45 45 45 45 45 45 45 45
57 79 6 27 46 77 81 41 26 17 17 68 19 31 26
r9 0.972091
99 99 99 99 99 99 99 99 99 99 99 99 99 99 99
31 10 80 70 63 54 85 43 65 31 76 54 96 18 8
r10 0.77741
16 16 16 16 16 16 16 16 16 16 16 16 16 16 16
30 21 86 9 55 12 21 67 73 32 94 94 82 90 22
r11 0.885622
71 71 71 71 71 71 71 71 71 71 71 71 71 71 71
87 47 22 70 82 82 93 55 36 89 66 40 62 77 62
r12 0.689081
63 63 63 63 63 63 63 63 63 63 63 63 63 63 63
66 30 68 79 90 38 8 81 29 85 71 46 69 39 31
r13 0.786807
56 56 56 56 56 56 56 56 56 56 56 56 56 56 56
96 94 38 86 50 67 72 16 7 34 85 64 7 46 28
r14 0.974049
11 11 11 11 11 11 11 11 11 11 11 11 11 11 11
99 19 44 8 92 68 85 64 14 55 95 37 64 52 33
r15 0.531697
82 82 82 82 82 82 82 82 82 82 82 82 82 82 82
16 5 49 84 13 51 15 91 13 17 37 33 42 43 29
r16 0.925954
79 79 79 79 79 79 79 79 79 79 79 79 79 79 79
32 49 47 15 10 53 62 5 86 26 49 16 76 32 25
r17 0.679198
76 76 76 76 76 76 76 76 76 76 76 76 76 76 76
9 79 25 19 70 30 29 99 58 66 42 79 19 18 9
r18 0.722469
57 57 57 57 57 57 57 57 57 57 57 57 57 57 57
19 62 8 76 63 89 97 9 97 70 36 22 44 10 23
r19 0.888554
27 27 27 27 27 27 27 27 27 27 27 27 27 27 27
35 86 52 59 86 7 22 25 81 36 39 85 89 91 99
r20 0.705589
94 94 94 94 94 94 94 94 94 94 94 94 94 94 94
72 11 80 66 16 75 37 44 92 73 49 16 92 71 43
r21 0.54197
23 23 23 23 23 23 23 23 23 23 23 23 23 23 23
97 62 22 16 82 99 47 18 81 33 7 81 80 96 50
r22 0.985936
74 74 74 74 74 74 74 74 74 74 74 74 74 74 74
17 94 49 49 39 38 22 80 46 12 52 84 83 67 78
r23 0.614334
82 82 82 82 82 82 82 82 82 82 82 82 82 82 82
89 24 81 34 35 62 62 37 40 39 30 86 23 99 95
r24 0.77468
45 45 45 45 45 45 45 45 45 45 45 45 45 45 45
44 48 79 58 29 25 62 73 7 42 37 80 79 19 70
r25 0.687834
95 95 95 95 95 95 95 95 95 95 95 95 95 95 95
99 31 55 61 63 87 93 85 70 16 85 65 28 27 6
r26 0.956058
6 6 6 6 6 6 6 6 6 6 6 6 6 6 6
60 93 24 19 66 26 57 98 98 36 18 68 29 10 67
r27 0.944196
57 57 57 57 57 57 57 57 57 57 57 57 57 57 57
26 15 45 19 96 12 27 78 73 50 97 74 19 96 31
r28 0.565146
20 20 20 20 20 20 20 20 20 20 20 20 20 20 20
46 70 38 95 66 36 28 79 97 53 81 61 5 36 82
r29 0.638429
73 73 73 73 73 73 73 73 73 73 73 73 73 73 73
93 6 80 17 76 53 63 73 25 74 69 48 79 81 86
r30 0.804138
19 19 19 19 19 19 19 19 19 19 19 19 19 19 19
81 12 48 10 83 45 55 62 6 55 93 81 60 66 71
r31 0.729403
43 43 43 43 43 43 43 43 43 43 43 43 43 43 43
84 37 92 44 11 14 15 72 54 86 54 41 33 65 22
r32 0.882311
13 13 13 13 13 13 13 13 13 13 13 13 13 13 13
24 18 50 71 75 52 24 65 30 79 28 96 41 66 77
r33 0.693024
55 55 55 55 55 55 55 55 55 55 55 55 55 55 55
21 73 61 29 46 16 15 95 52 40 60 66 70 66 86
r34 0.947124
16 16 16 16 16 16 16 16 16 16 16 16 16 16 16
54 55 63 73 17 85 53 40 79 86 98 56 56 54 70
r35 0.541777
12 12 12 12 12 12 12 12 12 12 12 12 12 12 12
94 68 23 6 63 70 39 20 34 9 81 20 84 93 66
r36 0.63109
53 53 53 53 53 53 53 53 53 53 53 53 53 53 53
40 48 36 85 80 15 71 75 63 24 26 33 46 34 24
r37 0.51131
52 52 52 52 52 52 52 52 52 52 52 52 52 52 52
23 69 20 57 82 49 61 60 61 42 53 27 73 99 59
r38 0.603405
35 35 35 35 35 35 35 35 35 35 35 35 35 35 35
44 93 42 15 65 5 32 87 31 70 21 50 77 65 65
r39 0.521629
80 80 80 80 80 80 80 80 80 80 80 80 80 80 80
22 25 26 75 81 82 17 31 7 85 27 61 98 57 6
r40 0.904558
91 91 91 91 91 91 91 91 91 91 91 91 91 91 91
13 54 92 37 38 23 8 51 65 80 16 31 23 89 48
r41 0.864848
15 15 15 15 15 15 15 15 15 15 15 15 15 15 15
24 22 90 33 48 92 19 71 50 14 25 48 95 17 57
r42 0.695334
6 6 6 6 6 6 6 6 6 6 6 6 6 6 6
89 79 24 92 30 81 72 38 12 88 27 53 32 35 69
r43 0.628076
25 25 25 25 25 25 25 25 25 25 25 25 25 25 25
97 86 14 13 57 59 23 75 5 15 84 57 56 85 43
r44 0.605982
9 9 9 9 9 9 9 9 9 9 9 9 9 9 9
33 54 85 97 87 90 85 15 43 14 42 9 55 62 6
r45 0.913205
68 68 68 68 68 68 68 68 68 68 68 68 68 68 68
15 91 24 30 63 24 40 47 73 91 32 14 23 33 42
r46 0.505035
16 16 16 16 16 16 16 16 16 16 16 16 16 16 16
39 56 6 22 63 41 28 5 45 79 59 43 18 24 53
r47 0.69436
44 44 44 44 44 44 44 44 44 44 44 44 44 44 44
75 65 60 15 12 34 98 37 43 18 65 77 82 76 13
r48 0.777706
74 74 74 74 74 74 74 74 74 74 74 74 74 74 74
30 97 12 51 95 49 30 54 88 40 74 38 38 15 14
r49 0.769715
70 70 70 70 70 70 70 70 70 70 70 70 70 70 70
21 8 96 20 40 36 33 97 13 16 74 19 47 45 41
r50 0.636661
53 53 53 53 53 53 53 53 53 53 53 53 53 53 53
87 36 94 14 83 82 49 54 18 83 64 24 78 31 40
