50 15 4 1 15
0 0.25
31017 37380 39809 37427 33455 33490 33333 32496 42957 34298 37610 39925 44418 34334 39173
w1 0.5
4383 4145 3678 3903 3474 3869 2595 4301 3612 4380 1507 2015 4451 1670 4497
w2 0.5
3402 2658 4248 3857 3149 1933 3354 4458 3583 2316 2384 3002 3650 2909 1522
w3 0.5
2554 3700 3641 1880 3069 2088 1681 2182 2320 1688 3049 2272 2210 3398 3944
w4 0.5
1557 3692 3822 3558 4478 2676 3868 3561 3844 1752 2415 2994 3513 2438 2732
w5 0.5
1638 1873 2300 3560 2813 2833 1594 3634 3374 3495 4406 4084 2393 3850 4049
w6 0.5
3395 3371 2212 3373 1899 1581 2434 4243 2185 3350 3089 4199 1640 1674 1618
w7 0.5
2047 2418 4190 3713 4104 1636 2847 2978 3631 3105 2914 1877 2807 2815 3179
w8 0.5
2038 3892 3927 2437 3973 2214 2532 1658 4416 4474 1709 1556 1648 1828 2186
w9 0.5
3098 1877 1760 2702 2013 3107 1532 4497 1712 2947 1874 3020 1614 3905 3574
w10 0.5
3297 3354 3442 3122 4068 4475 3633 3984 1801 3842 4392 1949 1522 2078 3348
w11 0.5
2807 3609 1675 3673 2568 1708 3670 3133 3507 4044 2005 3621 3449 4431 4274
w12 0.5
3285 3217 1573 2853 3544 4058 2689 3845 3401 2581 1646 3775 3512 3494 2396
w13 0.5
2955 2924 3992 4024 3484 3514 3009 2843 3058 3514 2316 2360 3445 2443 3811
w14 0.5
4160 4236 3936 3556 3795 2478 3253 3048 3911 3399 2323 2923 2745 3572 3595
w15 0.5
1996 3087 4077 4332 2102 2586 2675 4012 1952 3491 2224 3897 4434 1535 1980
r1 0.912154
64 94 49 69 92 17 20 28 47 46 49 89 81 57 82
60 99 14 97 30 61 67 9 55 71 96 61 34 19 85
r2 0.699924
79 52 44 69 61 56 92 8 94 38 93 75 90 72 36
89 79 30 16 40 92 20 87 61 14 49 90 25 34 90
r3 0.593215
42 33 74 95 84 64 98 76 94 88 51 85 61 79 71
40 10 80 72 94 92 57 55 98 6 42 20 32 32 12
r4 0.621086
40 6 61 22 62 57 93 56 45 41 38 98 21 7 35
23 82 5 14 71 57 62 70 58 99 85 82 29 90 16
r5 0.628496
14 46 47 71 98 37 28 40 74 61 36 87 63 66 10
42 66 16 14 20 73 76 70 70 58 52 94 48 61 78
r6 0.924062
24 18 42 22 51 62 55 22 20 86 9 79 49 11 18
16 22 24 28 91 95 94 58 51 46 49 94 99 27 65
r7 0.50803
76 9 61 27 63 16 41 78 94 45 57 44 48 68 55
65 87 75 53 80 69 11 31 16 55 22 12 75 83 74
r8 0.50485
75 75 78 38 84 19 17 78 56 66 22 96 34 69 58
22 45 12 94 14 15 25 22 63 42 30 38 22 96 52
r9 0.979396
24 51 10 8 62 22 82 15 84 99 11 15 66 65 29
11 69 23 20 76 40 35 39 75 60 69 92 53 18 66
r10 0.606289
17 31 38 72 45 20 82 26 17 86 37 78 48 58 81
14 77 93 85 14 28 25 84 80 86 77 34 5 43 54
r11 0.932063
77 71 21 23 84 96 41 93 82 73 68 27 29 49 36
6 39 21 15 60 38 95 40 25 69 66 25 9 18 55
r12 0.804743
23 73 10 99 69 47 92 48 17 60 67 41 6 98 39
38 16 47 93 50 39 33 70 8 92 87 12 10 39 60
r13 0.763487
30 95 57 94 39 46 39 48 99 6 82 97 99 21 35
13 60 28 58 94 54 25 94 46 9 98 48 43 59 37
r14 0.585409
32 46 76 66 88 15 15 87 14 92 81 10 10 17 18
66 37 68 57 86 88 52 29 92 47 69 32 6 7 25
r15 0.656461
66 59 93 51 66 5 38 75 92 17 78 94 29 91 60
58 60 15 42 45 59 63 38 6 33 62 5 32 82 83
r16 0.561163
39 51 92 5 51 28 73 40 40 51 35 61 39 87 19
91 94 53 37 53 17 67 55 42 29 55 69 9 38 27
r17 0.582178
71 42 69 22 65 39 55 5 82 82 61 22 69 73 13
64 26 45 14 35 9 64 72 34 16 41 38 46 61 83
r18 0.670325
22 77 49 83 16 96 80 94 78 42 13 45 12 21 6
30 59 15 61 63 72 33 89 83 67 24 30 28 7 37
r19 0.786197
14 96 5 26 93 80 17 68 19 25 13 26 38 14 49
89 22 10 50 89 35 39 72 97 59 94 25 58 32 72
r20 0.733672
66 75 62 59 56 71 24 67 91 33 89 27 39 35 16
56 40 61 45 70 93 15 65 49 9 82 99 36 52 75
r21 0.86063
47 32 69 95 99 88 63 87 18 49 14 53 79 23 6
19 76 47 81 66 57 43 15 58 26 12 90 73 82 60
r22 0.886298
87 55 22 83 40 80 68 54 29 74 99 5 89 5 19
66 44 92 29 93 36 37 52 54 44 39 27 23 94 10
r23 0.616144
57 61 59 92 38 27 43 59 93 42 59 83 40 73 49
79 63 70 70 94 7 22 45 46 56 67 64 47 69 6
r24 0.966044
62 76 15 96 98 54 55 92 88 15 72 28 80 21 5
40 83 70 31 86 87 71 29 40 35 89 79 99 90 96
r25 0.786632
73 30 42 68 76 90 57 64 97 29 88 77 42 85 15
26 55 41 12 39 13 36 71 43 22 50 40 9 46 57
r26 0.635892
79 88 80 55 78 37 20 75 59 5 50 96 85 60 22
40 96 26 71 6 55 42 45 69 87 77 71 30 34 22
r27 0.514765
10 19 64 81 48 76 53 7 73 95 96 58 55 15 90
49 37 61 47 84 95 87 53 82 64 24 10 91 41 44
r28 0.721957
55 58 22 98 35 70 98 5 63 91 56 18 6 46 59
38 5 7 19 95 86 68 75 48 84 77 36 23 21 33
r29 0.988897
86 76 66 18 43 61 19 6 52 67 17 54 10 68 84
10 70 99 98 54 64 70 97 48 47 33 66 63 61 25
r30 0.773633
93 89 55 37 51 66 35 98 33 47 49 38 16 31 41
78 27 36 32 83 6 29 31 45 54 90 5 12 12 31
r31 0.544759
20 99 35 63 62 62 59 90 10 5 25 18 31 58 88
50 89 21 33 87 42 57 32 92 44 29 96 48 55 45
r32 0.683195
44 73 28 98 36 82 88 38 83 11 48 11 64 36 57
54 52 82 38 87 36 66 76 75 90 72 24 43 18 62
r33 0.857029
36 31 53 64 11 38 97 86 44 45 92 6 73 46 55
23 26 88 10 57 51 81 30 39 53 46 74 63 8 74
r34 0.831017
97 63 95 8 96 92 86 38 34 76 39 8 22 86 26
40 71 28 90 23 9 20 54 54 61 25 18 64 94 28
r35 0.956206
86 91 92 82 81 78 17 12 54 51 12 69 37 30 9
9 53 94 24 54 11 73 9 67 93 19 29 87 42 22
r36 0.731602
10 67 7 83 43 20 91 92 63 95 61 96 26 63 5
71 54 21 26 61 89 30 25 79 41 46 63 78 63 38
r37 0.752632
98 97 49 41 14 37 30 73 33 84 69 54 47 66 22
96 82 43 54 68 65 75 47 6 21 7 76 77 37 74
r38 0.825169
72 84 68 78 22 94 51 47 78 17 93 22 75 15 15
57 54 65 22 19 37 64 18 50 63 89 27 96 61 62
r39 0.983452
47 92 8 61 86 55 8 61 67 96 78 43 11 88 92
57 50 15 72 82 71 82 33 32 71 52 28 29 12 51
r40 0.556533
43 58 15 26 13 15 82 72 11 57 12 14 46 97 67
88 9 36 71 72 18 96 99 81 45 27 11 52 74 60
r41 0.542573
18 13 36 23 20 15 88 26 65 92 36 11 89 98 91
90 34 62 63 44 55 62 25 96 82 31 45 56 84 44
r42 0.610067
49 90 15 65 6 98 86 66 87 19 69 74 14 60 64
43 20 27 79 67 82 5 60 64 28 6 17 9 42 74
r43 0.667454
65 14 51 63 12 35 29 91 46 90 65 56 47 30 91
62 49 71 27 31 71 82 90 91 80 7 96 22 74 95
r44 0.899352
6 52 97 10 79 23 96 26 10 62 74 52 87 65 12
36 36 34 60 99 13 50 91 89 50 84 11 24 76 12
r45 0.796006
57 49 82 36 64 78 54 69 40 25 18 24 86 25 53
19 51 13 19 60 55 7 46 97 83 52 18 59 57 68
r46 0.898828
14 15 42 73 88 89 42 26 14 56 42 92 73 87 12
22 95 23 77 48 22 20 45 5 64 56 56 21 21 84
r47 0.969684
94 65 99 79 54 39 97 60 87 40 53 60 24 60 77
17 75 51 60 89 63 97 89 28 53 42 44 70 26 67
r48 0.506735
32 92 94 78 28 89 38 15 26 86 68 45 43 42 57
15 86 17 99 49 12 85 72 60 27 14 27 48 73 20
r49 0.559933
10 52 75 33 41 10 41 62 89 9 7 32 46 60 43
32 69 39 74 76 25 46 34 47 52 53 91 25 66 51
r50 0.807197
98 89 96 36 95 37 93 84 41 93 13 80 53 48 9
19 83 78 88 8 22 19 50 69 67 38 87 33 82 9
