50 15 3 1 5
0 0.25
35631 34224 44827 41349 38760 43905 34393 32751 31781 40076 39917 43898 40068 31188 41289
w1 0.5
2563 3075 3081 1536 1504 3867 3750 3203 2454 1953 2226 3978 2852 3596 1710
w2 0.5
2172 1538 2184 2284 3795 3578 2035 2928 2006 3304 1826 3074 4492 4116 2242
w3 0.5
3043 4175 2944 3399 3542 2546 2102 4497 3000 3180 4327 4352 2628 1538 2687
w4 0.5
1928 3723 4085 4223 2801 1973 3003 3659 4129 3330 2586 4122 3298 3328 2529
w5 0.5
3004 4325 4092 2398 2372 2046 2395 4224 3726 2223 4428 1854 2613 2967 4007
r1 0.651058
90 16 87 45 59 8 24 71 24 31 9 35 83 54 71
38 11 79 22 17 32 6 35 72 54 30 90 26 39 6
r2 0.689442
14 66 69 68 69 86 40 86 17 41 18 92 91 84 28
97 60 45 12 87 47 42 56 96 64 46 23 96 44 97
r3 0.899952
63 87 19 29 73 54 12 82 90 25 72 78 6 95 73
62 40 80 46 82 19 98 76 76 41 91 72 81 88 89
r4 0.824164
76 45 72 46 91 80 26 79 97 93 57 99 88 30 58
28 7 96 8 22 94 79 93 33 70 65 11 55 54 37
r5 0.611411
75 70 66 63 50 87 42 45 80 95 44 68 22 97 89
25 93 92 42 85 68 32 15 35 89 21 85 40 50 83
r6 0.555151
50 27 81 93 14 23 38 90 15 74 55 33 68 44 53
58 33 87 43 96 16 53 28 5 66 10 37 17 85 93
r7 0.922978
20 12 29 29 31 59 16 38 33 67 66 96 8 16 54
37 95 90 30 11 40 51 8 7 56 41 16 42 34 42
r8 0.854237
50 94 70 73 50 79 11 78 43 70 71 46 78 25 75
71 12 98 74 48 49 78 47 5 19 55 42 45 92 12
r9 0.784689
98 53 12 48 32 16 26 70 81 89 14 56 12 84 27
19 82 97 59 28 75 98 29 86 53 63 28 43 71 11
r10 0.617762
59 79 15 84 90 33 54 68 23 60 24 30 45 44 41
24 41 96 48 13 91 69 91 42 32 16 77 95 22 51
r11 0.86477
30 72 60 20 97 12 83 20 67 5 42 9 44 79 26
77 72 66 85 63 35 73 5 59 84 77 52 6 26 14
r12 0.626923
78 32 64 75 39 47 88 98 44 30 5 83 9 26 60
73 87 42 37 19 15 34 73 94 9 25 92 30 31 67
r13 0.612052
94 37 74 30 77 62 25 21 84 25 97 86 43 54 59
27 89 91 41 99 23 15 91 27 32 80 49 56 47 22
r14 0.823976
52 31 60 29 85 81 42 70 98 36 53 42 86 12 61
72 96 98 71 19 10 59 38 37 37 79 85 76 93 43
r15 0.895123
66 67 66 49 45 9 16 44 40 64 78 23 71 39 90
67 34 59 78 39 15 13 69 47 87 54 24 81 89 31
r16 0.522681
93 85 97 39 89 13 75 26 69 53 42 37 84 32 5
19 83 75 50 94 84 19 38 71 69 57 49 58 83 68
r17 0.730935
53 8 13 39 13 83 60 77 33 97 15 14 27 12 25
10 79 71 96 63 85 35 32 51 87 76 10 68 44 13
r18 0.971443
17 47 28 22 27 84 92 52 78 99 61 97 11 79 5
85 50 96 46 35 28 73 82 13 49 84 73 86 92 12
r19 0.61499
54 99 24 73 80 16 25 55 12 78 53 18 57 50 95
99 43 38 35 67 11 14 75 53 93 48 36 82 55 11
r20 0.893252
10 5 74 82 13 91 38 20 66 83 30 21 33 22 17
71 56 44 38 59 53 10 9 43 50 40 23 97 47 7
r21 0.850627
99 69 32 12 57 65 24 21 48 49 34 76 66 46 44
19 86 78 74 39 80 75 75 31 16 93 28 58 92 24
r22 0.977397
85 31 95 43 91 19 56 36 60 85 12 23 31 49 35
17 27 9 49 99 76 21 30 87 14 51 42 98 70 42
r23 0.515964
68 81 90 60 92 46 88 49 31 93 67 55 42 97 64
64 98 13 63 75 26 86 59 32 37 97 30 99 39 16
r24 0.998766
89 42 59 81 83 48 30 12 41 90 62 78 84 26 39
80 32 94 55 53 77 11 81 14 8 8 10 39 20 57
r25 0.880572
94 93 83 74 41 13 81 74 95 43 49 80 62 83 60
89 75 12 42 52 18 20 59 19 24 64 53 36 21 87
r26 0.770042
81 23 82 19 29 63 86 24 99 35 96 61 16 56 50
86 60 84 35 71 5 89 85 21 51 38 52 64 23 84
r27 0.62009
8 54 15 29 17 96 48 16 32 45 69 40 93 19 23
54 99 53 25 96 40 7 14 86 37 61 50 55 45 22
r28 0.862667
68 65 69 78 61 15 86 85 55 56 25 45 70 43 91
66 89 13 59 29 15 68 12 48 26 57 98 67 72 50
r29 0.661824
12 74 15 65 84 97 51 36 50 68 76 20 9 65 79
93 73 38 19 84 99 26 32 25 75 27 84 44 72 89
r30 0.980286
60 84 42 41 78 88 72 28 53 45 41 57 10 20 47
79 50 58 60 46 79 84 67 52 11 48 88 76 34 62
r31 0.711256
47 89 30 22 74 94 46 25 37 79 74 39 91 22 15
41 75 70 83 52 54 47 96 58 90 84 34 25 47 78
r32 0.746371
68 34 8 39 25 46 59 54 25 34 89 16 48 96 50
23 67 30 67 18 72 60 71 59 45 97 76 84 76 80
r33 0.651631
14 73 75 34 20 35 84 37 61 70 49 9 66 91 24
30 21 87 44 85 47 12 41 84 7 18 68 78 93 38
r34 0.619442
9 86 30 21 18 11 53 74 76 94 75 40 85 95 65
6 79 6 83 23 14 25 8 16 38 71 86 28 7 97
r35 0.545325
80 49 24 91 56 72 62 29 64 38 64 49 33 30 48
9 31 31 27 37 51 30 45 81 94 31 6 96 25 25
r36 0.653806
67 23 89 23 87 48 47 51 81 12 96 11 34 41 15
60 67 38 93 16 60 35 89 54 62 88 47 79 13 46
r37 0.891335
64 63 90 52 9 38 95 82 42 91 89 71 32 96 28
92 31 18 5 84 49 89 38 11 77 81 82 83 24 57
r38 0.870804
20 43 33 24 76 28 7 15 17 88 81 41 81 9 30
10 23 30 89 67 17 24 70 86 97 49 69 22 6 22
r39 0.869314
60 28 38 33 48 37 40 57 22 21 94 96 22 24 6
37 47 87 96 59 8 63 45 6 13 12 20 14 26 15
r40 0.786538
35 59 8 78 91 43 36 11 56 27 7 73 43 8 8
85 87 96 41 87 60 79 85 65 83 5 74 9 12 95
r41 0.977535
54 82 21 42 25 49 48 76 68 50 49 11 50 49 89
34 46 27 22 98 6 7 63 84 5 37 85 12 29 64
r42 0.92971
46 63 18 66 9 58 42 72 9 84 75 51 30 61 81
71 81 95 69 82 97 32 64 97 62 46 7 83 11 49
r43 0.650835
12 72 13 13 30 47 77 31 31 49 75 54 11 53 25
87 48 87 66 45 16 27 40 70 69 42 54 72 83 13
r44 0.547282
77 26 95 99 69 69 28 92 18 98 46 21 51 64 5
94 51 64 36 59 86 68 30 52 7 76 24 85 84 35
r45 0.768037
56 64 57 25 33 80 15 47 75 56 63 26 20 61 17
63 25 46 20 11 14 45 56 14 21 72 94 97 7 64
r46 0.561953
28 9 76 57 82 86 96 57 43 59 76 55 17 88 16
37 34 31 41 41 68 92 50 81 64 41 75 67 97 27
r47 0.506316
28 94 75 7 81 71 60 21 27 33 71 40 18 79 72
48 10 13 81 70 97 28 48 62 64 23 26 59 42 44
r48 0.764144
38 55 68 19 26 25 35 48 50 99 80 64 78 53 12
81 58 85 48 53 13 92 15 69 12 33 28 50 72 5
r49 0.772785
55 73 22 73 91 49 19 41 45 94 5 24 44 9 97
95 89 45 48 94 34 55 61 42 83 81 84 52 82 89
r50 0.594121
62 71 8 53 18 19 87 58 13 87 74 50 89 71 45
75 14 85 70 40 40 28 77 20 9 58 67 86 47 21
