50 15 9 1 15
0 0.25
39999 41681 43457 30267 39918 32400 39962 33005 32587 33950 31388 41287 34742 32352 37888
w1 0.5
1658 2259 4276 4201 1902 1927 2369 3629 3438 1757 4445 2123 2121 3541 2165
w2 0.5
3574 3622 3740 4493 3375 2054 4498 3314 3356 3238 2602 2099 2591 1842 3701
w3 0.5
2953 3477 2803 3707 4256 4024 2836 3195 4281 2781 4170 2255 1822 2187 3876
w4 0.5
4310 3468 4242 3537 4022 1592 2351 3231 3330 3805 4182 4421 4147 3383 3375
w5 0.5
2712 2030 2159 2468 1554 3495 1515 1687 2128 4186 2442 2803 2225 2170 2552
w6 0.5
4138 2294 4424 4013 2386 2628 2744 1568 1933 2778 1842 1933 1661 3717 3737
w7 0.5
4247 4397 4193 4301 3744 4209 4488 4373 4247 2783 2676 1972 3453 4080 2860
w8 0.5
1874 3136 2957 3112 4264 4201 3180 2050 2479 3522 2835 2992 2739 2072 1717
w9 0.5
2321 4410 2639 1566 4471 2980 1791 1570 4263 3319 2395 3216 2899 4107 2160
w10 0.5
2743 3617 2237 2860 3670 4269 3762 2001 3292 2097 3493 1883 2669 3710 3222
w11 0.5
3973 1713 3909 4296 3193 4200 1719 3308 3019 2614 2377 4418 2221 3037 3543
w12 0.5
2507 1632 2528 1677 4401 1790 2179 3193 2387 4172 3929 3909 3735 2651 3252
w13 0.5
2864 2661 3356 1910 2713 3575 3718 4232 2041 1595 1502 3114 3485 3897 2431
w14 0.5
4029 3811 1669 3930 4102 2700 2976 1989 2725 2405 1750 2312 3908 3502 4372
w15 0.5
2015 3228 3034 3228 2656 2605 3312 3197 3052 3314 2164 2037 3063 3447 2029
r1 0.829433
86 95 25 43 21 57 48 93 29 55 86 97 82 87 99
68 68 68 68 68 68 68 68 68 68 68 68 68 68 68
r2 0.617065
81 79 30 65 61 27 84 11 77 11 37 15 50 23 10
67 67 67 67 67 67 67 67 67 67 67 67 67 67 67
r3 0.998111
24 7 16 49 55 94 43 34 81 42 97 10 22 75 81
45 45 45 45 45 45 45 45 45 45 45 45 45 45 45
r4 0.848254
64 22 46 41 29 78 51 71 94 53 38 53 71 55 52
79 79 79 79 79 79 79 79 79 79 79 79 79 79 79
r5 0.55396
73 39 37 55 73 31 57 91 7 39 36 40 71 95 57
17 17 17 17 17 17 17 17 17 17 17 17 17 17 17
r6 0.542202
87 80 49 78 30 83 31 94 38 79 73 34 78 44 65
15 15 15 15 15 15 15 15 15 15 15 15 15 15 15
r7 0.52452
39 48 26 41 79 54 73 50 46 30 62 75 9 47 52
53 53 53 53 53 53 53 53 53 53 53 53 53 53 53
r8 0.812642
33 49 65 63 25 36 89 98 75 54 11 66 82 45 14
5 5 5 5 5 5 5 5 5 5 5 5 5 5 5
r9 0.558557
55 51 36 93 76 91 65 77 38 14 28 55 81 53 99
46 46 46 46 46 46 46 46 46 46 46 46 46 46 46
r10 0.676617
77 6 20 52 53 26 15 35 63 22 35 41 8 82 87
39 39 39 39 39 39 39 39 39 39 39 39 39 39 39
r11 0.774197
30 35 35 60 42 58 16 23 11 12 64 20 29 39 22
44 44 44 44 44 44 44 44 44 44 44 44 44 44 44
r12 0.683136
62 94 94 25 16 29 58 19 9 42 50 74 97 76 9
29 29 29 29 29 29 29 29 29 29 29 29 29 29 29
r13 0.798998
79 47 61 83 55 23 98 76 57 17 20 40 79 74 31
70 70 70 70 70 70 70 70 70 70 70 70 70 70 70
r14 0.647292
92 49 50 96 86 96 67 80 72 71 10 5 15 81 45
71 71 71 71 71 71 71 71 71 71 71 71 71 71 71
r15 0.624438
89 63 68 43 72 83 76 52 54 7 19 45 39 11 86
84 84 84 84 84 84 84 84 84 84 84 84 84 84 84
r16 0.543413
80 66 49 49 38 51 50 45 33 87 16 89 79 98 52
47 47 47 47 47 47 47 47 47 47 47 47 47 47 47
r17 0.852553
27 17 69 76 17 80 18 48 87 99 32 86 68 10 53
14 14 14 14 14 14 14 14 14 14 14 14 14 14 14
r18 0.781331
58 96 28 83 83 36 72 62 34 22 6 68 39 28 77
5 5 5 5 5 5 5 5 5 5 5 5 5 5 5
r19 0.748775
80 14 34 67 10 62 51 70 67 99 77 18 79 35 15
7 7 7 7 7 7 7 7 7 7 7 7 7 7 7
r20 0.997494
38 82 53 65 96 54 33 35 75 10 35 68 89 13 78
23 23 23 23 23 23 23 23 23 23 23 23 23 23 23
r21 0.559776
77 23 51 41 19 25 55 93 55 62 95 65 52 31 44
97 97 97 97 97 97 97 97 97 97 97 97 97 97 97
r22 0.507396
49 21 71 24 23 99 87 12 12 62 31 76 40 8 95
83 83 83 83 83 83 83 83 83 83 83 83 83 83 83
r23 0.527835
8 92 8 55 51 95 20 98 23 59 93 11 92 42 24
64 64 64 64 64 64 64 64 64 64 64 64 64 64 64
r24 0.708867
60 42 47 64 97 70 40 37 71 32 17 13 42 20 5
42 42 42 42 42 42 42 42 42 42 42 42 42 42 42
r25 0.916554
34 82 46 53 38 36 56 31 73 76 87 28 16 47 66
58 58 58 58 58 58 58 58 58 58 58 58 58 58 58
r26 0.571428
29 43 92 95 71 9 8 10 21 5 44 83 48 73 62
86 86 86 86 86 86 86 86 86 86 86 86 86 86 86
r27 0.779645
23 72 26 88 48 13 17 59 52 78 14 55 38 35 91
30 30 30 30 30 30 30 30 30 30 30 30 30 30 30
r28 0.926856
31 30 64 44 27 8 24 70 73 81 54 92 76 72 64
95 95 95 95 95 95 95 95 95 95 95 95 95 95 95
r29 0.866133
5 72 60 53 47 66 8 80 97 91 7 24 50 30 50
14 14 14 14 14 14 14 14 14 14 14 14 14 14 14
r30 0.666203
14 85 40 83 63 89 72 40 58 33 32 15 34 32 80
89 89 89 89 89 89 89 89 89 89 89 89 89 89 89
r31 0.854549
52 81 5 49 72 7 69 20 30 16 26 91 80 36 74
20 20 20 20 20 20 20 20 20 20 20 20 20 20 20
r32 0.919559
6 80 69 56 10 96 67 39 29 47 25 6 66 72 79
66 66 66 66 66 66 66 66 66 66 66 66 66 66 66
r33 0.969431
66 83 64 91 94 85 79 71 18 53 84 26 86 85 98
52 52 52 52 52 52 52 52 52 52 52 52 52 52 52
r34 0.66429
49 98 39 70 45 59 68 8 29 48 70 43 92 36 26
56 56 56 56 56 56 56 56 56 56 56 56 56 56 56
r35 0.545738
38 98 83 49 52 67 70 35 50 69 79 84 69 28 82
9 9 9 9 9 9 9 9 9 9 9 9 9 9 9
r36 0.768799
60 59 27 84 7 89 27 91 25 45 44 44 57 77 40
38 38 38 38 38 38 38 38 38 38 38 38 38 38 38
r37 0.50007
5 89 19 47 55 93 28 24 19 10 25 6 26 81 60
46 46 46 46 46 46 46 46 46 46 46 46 46 46 46
r38 0.849064
35 85 50 56 30 86 92 80 64 32 15 82 16 12 68
27 27 27 27 27 27 27 27 27 27 27 27 27 27 27
r39 0.768997
18 78 40 32 81 60 33 7 41 86 48 99 42 76 81
85 85 85 85 85 85 85 85 85 85 85 85 85 85 85
r40 0.513582
71 21 83 32 46 90 12 54 98 75 74 53 91 87 28
28 28 28 28 28 28 28 28 28 28 28 28 28 28 28
r41 0.893828
80 44 9 19 27 49 18 65 25 94 50 49 97 21 63
78 78 78 78 78 78 78 78 78 78 78 78 78 78 78
r42 0.897466
65 56 55 63 28 26 13 16 13 37 39 27 38 20 64
39 39 39 39 39 39 39 39 39 39 39 39 39 39 39
r43 0.80212
81 44 51 6 35 93 48 29 15 11 7 56 9 68 9
56 56 56 56 56 56 56 56 56 56 56 56 56 56 56
r44 0.650313
78 37 41 86 66 75 11 96 87 70 33 21 53 14 57
97 97 97 97 97 97 97 97 97 97 97 97 97 97 97
r45 0.519043
90 55 17 97 58 16 50 62 76 54 19 5 76 92 34
17 17 17 17 17 17 17 17 17 17 17 17 17 17 17
r46 0.66334
84 84 88 72 51 21 85 5 27 43 97 35 30 84 85
39 39 39 39 39 39 39 39 39 39 39 39 39 39 39
r47 0.962663
51 29 6 27 76 20 24 52 12 53 64 86 45 48 67
34 34 34 34 34 34 34 34 34 34 34 34 34 34 34
r48 0.902252
47 98 16 70 41 10 5 63 89 85 95 68 26 46 93
28 28 28 28 28 28 28 28 28 28 28 28 28 28 28
r49 0.738891
40 85 21 48 35 77 31 76 25 90 10 38 9 49 36
17 17 17 17 17 17 17 17 17 17 17 17 17 17 17
r50 0.792975
22 16 32 12 97 27 75 20 65 65 43 31 31 76 13
47 47 47 47 47 47 47 47 47 47 47 47 47 47 47
