50 15 8 1 20
0 0.25
44700 35386 42258 33479 34589 34930 35835 33803 44674 30612 31072 43064 34495 38159 38424
w1 0.5
3454 2336 2837 1529 4229 2860 3494 3738 3075 2630 4104 3106 1777 1941 2278
w2 0.5
1679 2888 2308 3269 1818 2495 4072 1845 3107 2145 2909 1954 1656 2333 3103
w3 0.5
3169 4440 3991 3250 3153 3337 2841 1728 4467 2445 3334 2096 2887 4112 2425
w4 0.5
2500 3233 2187 3171 1581 1760 3868 3540 2757 2277 3995 3265 3462 2598 2727
w5 0.5
2890 2571 4233 1543 4408 2574 1771 1728 3872 3958 2324 2611 3922 3250 1529
w6 0.5
2335 2217 3946 2768 2829 3666 1809 4086 4443 4304 3203 3757 2754 4430 1740
w7 0.5
2853 4473 1540 2762 2900 1811 3342 2624 4269 1518 3735 3692 3268 4116 4467
w8 0.5
2185 4265 2724 3514 3783 3385 3452 4078 3189 2155 3335 1795 2438 3575 1792
w9 0.5
3900 1832 2757 2300 2143 1599 3776 2265 1618 3363 1809 3738 2980 1776 3694
w10 0.5
1893 2271 3032 1528 4156 2336 4106 3198 3344 2941 3493 4282 2368 3785 4277
w11 0.5
4469 2535 2921 2113 2634 2197 2878 3104 4061 3187 2343 2541 3815 1889 2058
w12 0.5
2660 3942 1588 2669 1779 4194 1719 3623 2987 3712 3757 3855 3350 3534 4475
w13 0.5
1569 2896 4284 3056 3594 3014 1660 3155 2053 2503 1548 4368 2893 2458 1780
w14 0.5
1901 2220 2574 2532 2266 2793 1655 3753 2358 4264 3460 1560 3298 3436 3731
w15 0.5
1832 3516 2276 3926 2382 2436 2933 2936 3440 3333 3156 2185 4292 3437 2090
w16 0.5
1509 3165 3077 2276 1810 3584 1881 3020 3348 3842 3080 2498 2778 2664 1718
w17 0.5
1680 2494 3241 2914 3431 2026 4350 2723 3860 3007 3408 4004 2296 3998 1549
w18 0.5
3015 3478 3081 3678 2562 3463 2198 1762 2805 4131 2760 4435 2295 2979 3749
w19 0.5
4325 2842 4241 3608 3369 4092 1831 2729 2599 3739 2233 3395 3590 2634 1552
w20 0.5
1612 3134 1635 3026 2097 2686 3288 3754 2317 1900 4041 3112 3731 3642 4439
r1 0.705775
35 40 34 97 79 53 68 50 48 60 10 32 38 75 31
44 70 7 58 96 97 52 95 32 85 62 54 27 96 91
r2 0.642694
28 28 23 7 73 87 53 18 44 55 45 74 30 68 18
93 70 71 86 67 20 82 92 5 44 46 25 38 37 16
r3 0.75698
40 80 60 10 64 13 24 9 60 61 78 86 30 92 79
92 60 65 57 76 47 49 73 84 90 90 22 24 7 76
r4 0.969245
56 33 44 18 38 60 22 94 19 92 80 41 81 56 33
42 18 82 15 58 31 83 42 18 71 56 34 73 32 8
r5 0.97871
36 48 93 67 6 12 61 20 5 38 53 78 86 78 17
99 61 27 57 84 8 94 98 74 50 29 44 74 32 48
r6 0.562975
88 48 28 89 56 81 6 53 19 54 31 97 33 44 96
86 63 54 70 63 45 65 34 88 90 70 62 19 18 17
r7 0.6336
58 92 88 14 73 87 62 84 38 88 81 63 29 78 49
85 29 17 45 66 77 75 51 64 42 14 76 56 23 48
r8 0.917712
41 40 82 11 24 44 91 55 30 69 18 51 44 60 33
68 72 74 32 46 46 78 8 80 84 79 36 5 24 83
r9 0.994479
21 56 64 40 92 52 90 19 21 6 63 61 61 91 26
30 62 53 68 5 32 71 81 13 47 14 13 67 90 82
r10 0.794704
38 83 43 30 32 31 42 49 32 5 10 85 88 31 12
48 77 75 48 6 47 26 14 89 36 23 53 23 5 73
r11 0.844795
53 64 60 81 90 94 30 19 94 32 96 83 55 8 31
29 79 71 30 26 90 40 12 23 55 61 41 55 31 62
r12 0.809676
26 42 57 17 37 79 28 28 8 25 8 59 28 31 83
7 98 11 25 85 43 30 8 93 86 44 48 14 6 30
r13 0.589473
64 43 36 96 19 60 25 23 80 28 74 8 52 54 8
50 60 28 32 98 50 35 91 36 71 36 42 72 58 28
r14 0.829023
63 25 16 77 80 36 92 57 57 66 57 9 18 60 51
73 81 78 69 31 10 57 60 76 86 97 45 44 22 36
r15 0.612398
56 71 58 33 99 50 82 53 14 40 57 27 92 5 92
73 75 61 97 77 16 54 53 97 48 93 38 66 27 93
r16 0.770435
64 96 9 60 44 83 14 53 23 63 72 16 64 64 81
36 23 75 14 34 26 59 28 70 53 61 36 75 54 74
r17 0.838809
71 51 71 15 35 80 60 50 43 32 58 99 88 37 33
11 12 39 40 34 93 63 96 46 22 32 18 68 98 64
r18 0.905467
12 47 76 39 24 36 85 59 60 43 59 49 75 84 55
80 23 88 11 16 48 7 58 65 31 71 34 29 32 10
r19 0.543348
49 67 71 68 99 56 27 59 92 78 8 64 62 56 44
80 44 47 92 84 46 47 47 72 15 73 94 40 78 85
r20 0.662374
52 43 87 48 92 14 8 84 85 8 48 47 59 85 28
95 29 17 77 71 59 24 43 66 92 37 6 67 19 73
r21 0.664033
14 73 15 6 79 15 85 64 16 30 9 67 12 29 60
37 41 37 8 92 56 43 58 45 73 60 12 87 30 93
r22 0.603599
63 59 37 39 69 19 96 80 42 5 45 49 29 5 81
65 37 81 54 85 25 12 30 93 64 34 77 87 24 29
r23 0.50732
83 56 18 49 70 14 27 12 11 67 54 35 67 35 92
96 14 46 81 34 51 8 24 12 37 93 94 56 22 18
r24 0.728147
69 48 47 36 55 66 41 61 33 90 89 92 25 78 88
31 22 69 57 65 72 76 72 6 67 67 57 84 77 84
r25 0.632416
29 23 74 79 84 15 38 17 5 24 9 23 97 89 49
19 55 99 79 24 75 49 25 39 13 74 24 85 58 95
r26 0.761362
18 94 62 97 10 92 11 7 16 12 25 13 96 67 25
51 66 96 70 38 45 90 73 53 64 89 35 19 81 58
r27 0.626135
53 55 91 55 47 97 57 58 9 75 64 97 39 81 48
5 77 15 35 20 97 5 65 61 86 96 72 67 54 68
r28 0.818857
24 49 54 66 43 9 22 44 76 78 41 15 59 81 12
36 91 42 48 88 40 14 46 26 10 18 89 56 82 47
r29 0.592432
92 99 61 32 8 78 72 79 56 13 89 12 90 93 41
78 36 84 67 68 93 10 89 95 21 75 52 95 20 5
r30 0.640467
96 54 36 5 33 8 76 81 17 63 89 99 56 30 77
84 11 41 52 5 44 39 92 60 14 44 55 26 41 48
r31 0.512867
94 62 35 24 65 8 6 74 63 87 70 20 14 48 96
20 81 46 17 22 80 10 77 86 46 29 13 80 72 38
r32 0.743296
95 42 86 58 42 84 32 6 68 98 18 77 43 14 90
21 55 7 39 32 9 13 16 51 38 24 28 10 54 38
r33 0.814222
72 53 5 14 34 29 15 98 27 28 75 62 35 62 79
82 65 18 15 69 26 26 17 59 42 40 62 88 70 28
r34 0.715658
76 35 52 11 57 62 6 79 83 73 42 18 36 18 95
96 31 7 62 49 25 72 6 62 12 60 51 75 80 78
r35 0.864233
11 61 60 63 21 58 42 99 31 76 14 62 89 6 55
17 6 18 59 26 85 57 81 89 14 29 61 89 7 71
r36 0.645325
32 95 68 48 53 8 44 80 76 53 42 63 52 93 75
53 8 31 71 85 80 52 71 89 73 33 79 76 99 22
r37 0.623999
15 47 72 63 47 16 40 23 62 78 78 11 68 54 59
68 77 27 53 58 75 21 47 48 46 23 21 42 38 92
r38 0.559574
36 38 8 78 46 44 93 5 19 72 11 82 23 62 47
95 85 92 50 57 13 90 97 55 13 16 92 43 8 58
r39 0.991708
88 87 17 32 31 7 32 45 71 36 24 89 93 63 82
75 55 32 29 63 19 27 15 25 38 5 63 38 55 47
r40 0.725495
34 81 68 60 83 92 97 52 28 18 41 19 76 20 89
31 48 16 86 59 38 94 79 68 94 43 6 46 85 73
r41 0.567934
51 50 68 31 43 65 78 66 75 20 77 51 35 64 74
75 75 60 35 13 54 11 73 45 49 74 87 31 44 69
r42 0.722012
20 10 18 55 67 92 18 42 9 91 85 36 52 59 9
27 20 36 32 66 42 5 12 87 71 91 18 12 60 53
r43 0.55251
55 12 27 23 99 38 57 5 26 43 37 73 97 41 92
14 69 24 73 11 21 80 90 84 71 6 91 28 54 85
r44 0.933002
92 20 24 89 50 77 89 71 17 23 41 14 56 33 21
25 52 89 29 65 66 19 49 34 20 40 54 66 22 50
r45 0.556382
63 87 96 10 61 82 77 73 6 15 83 57 44 96 75
88 82 99 54 48 15 95 74 31 33 28 89 50 71 57
r46 0.538066
45 53 36 6 36 13 75 37 24 55 86 60 48 58 48
30 57 94 70 68 90 44 91 23 64 80 68 35 38 23
r47 0.969006
71 90 73 7 95 48 36 19 95 20 71 40 73 20 65
31 11 32 91 96 68 82 16 33 59 77 60 89 95 19
r48 0.781562
9 38 66 99 78 94 16 71 14 82 11 83 94 72 11
6 96 94 94 65 73 8 93 32 80 50 22 72 64 78
r49 0.800951
16 93 65 87 88 76 58 94 55 64 74 50 33 77 48
30 71 39 87 44 42 80 69 19 30 86 83 87 64 19
r50 0.889903
9 20 60 89 88 15 84 44 71 55 86 97 33 34 24
96 65 11 38 8 86 7 19 13 88 98 95 49 17 48
