50 15 7 1 15
0 0.25
39985 39985 39985 39985 39985 39985 39985 39985 39985 39985 39985 39985 39985 39985 39985
w1 0.5
1765 1765 1765 1765 1765 1765 1765 1765 1765 1765 1765 1765 1765 1765 1765
w2 0.5
3350 3350 3350 3350 3350 3350 3350 3350 3350 3350 3350 3350 3350 3350 3350
w3 0.5
3115 3115 3115 3115 3115 3115 3115 3115 3115 3115 3115 3115 3115 3115 3115
w4 0.5
4114 4114 4114 4114 4114 4114 4114 4114 4114 4114 4114 4114 4114 4114 4114
w5 0.5
2377 2377 2377 2377 2377 2377 2377 2377 2377 2377 2377 2377 2377 2377 2377
w6 0.5
3479 3479 3479 3479 3479 3479 3479 3479 3479 3479 3479 3479 3479 3479 3479
w7 0.5
3549 3549 3549 3549 3549 3549 3549 3549 3549 3549 3549 3549 3549 3549 3549
w8 0.5
3054 3054 3054 3054 3054 3054 3054 3054 3054 3054 3054 3054 3054 3054 3054
w9 0.5
3103 3103 3103 3103 3103 3103 3103 3103 3103 3103 3103 3103 3103 3103 3103
w10 0.5
2691 2691 2691 2691 2691 2691 2691 2691 2691 2691 2691 2691 2691 2691 2691
w11 0.5
2440 2440 2440 2440 2440 2440 2440 2440 2440 2440 2440 2440 2440 2440 2440
w12 0.5
4227 4227 4227 4227 4227 4227 4227 4227 4227 4227 4227 4227 4227 4227 4227
w13 0.5
2066 2066 2066 2066 2066 2066 2066 2066 2066 2066 2066 2066 2066 2066 2066
w14 0.5
4165 4165 4165 4165 4165 4165 4165 4165 4165 4165 4165 4165 4165 4165 4165
w15 0.5
4051 4051 4051 4051 4051 4051 4051 4051 4051 4051 4051 4051 4051 4051 4051
r1 0.58595
72 72 72 72 72 72 72 72 72 72 72 72 72 72 72
28 28 28 28 28 28 28 28 28 28 28 28 28 28 28
r2 0.72849
98 98 98 98 98 98 98 98 98 98 98 98 98 98 98
78 78 78 78 78 78 78 78 78 78 78 78 78 78 78
r3 0.949096
6 6 6 6 6 6 6 6 6 6 6 6 6 6 6
23 23 23 23 23 23 23 23 23 23 23 23 23 23 23
r4 0.788313
98 98 98 98 98 98 98 98 98 98 98 98 98 98 98
94 94 94 94 94 94 94 94 94 94 94 94 94 94 94
r5 0.955547
85 85 85 85 85 85 85 85 85 85 85 85 85 85 85
76 76 76 76 76 76 76 76 76 76 76 76 76 76 76
r6 0.655639
70 70 70 70 70 70 70 70 70 70 70 70 70 70 70
83 83 83 83 83 83 83 83 83 83 83 83 83 83 83
r7 0.956217
49 49 49 49 49 49 49 49 49 49 49 49 49 49 49
10 10 10 10 10 10 10 10 10 10 10 10 10 10 10
r8 0.935369
10 10 10 10 10 10 10 10 10 10 10 10 10 10 10
34 34 34 34 34 34 34 34 34 34 34 34 34 34 34
r9 0.599423
63 63 63 63 63 63 63 63 63 63 63 63 63 63 63
92 92 92 92 92 92 92 92 92 92 92 92 92 92 92
r10 0.696545
35 35 35 35 35 35 35 35 35 35 35 35 35 35 35
64 64 64 64 64 64 64 64 64 64 64 64 64 64 64
r11 0.931345
27 27 27 27 27 27 27 27 27 27 27 27 27 27 27
36 36 36 36 36 36 36 36 36 36 36 36 36 36 36
r12 0.555865
30 30 30 30 30 30 30 30 30 30 30 30 30 30 30
31 31 31 31 31 31 31 31 31 31 31 31 31 31 31
r13 0.762429
65 65 65 65 65 65 65 65 65 65 65 65 65 65 65
32 32 32 32 32 32 32 32 32 32 32 32 32 32 32
r14 0.855564
82 82 82 82 82 82 82 82 82 82 82 82 82 82 82
30 30 30 30 30 30 30 30 30 30 30 30 30 30 30
r15 0.551314
22 22 22 22 22 22 22 22 22 22 22 22 22 22 22
12 12 12 12 12 12 12 12 12 12 12 12 12 12 12
r16 0.537458
86 86 86 86 86 86 86 86 86 86 86 86 86 86 86
74 74 74 74 74 74 74 74 74 74 74 74 74 74 74
r17 0.733707
51 51 51 51 51 51 51 51 51 51 51 51 51 51 51
23 23 23 23 23 23 23 23 23 23 23 23 23 23 23
r18 0.969265
66 66 66 66 66 66 66 66 66 66 66 66 66 66 66
25 25 25 25 25 25 25 25 25 25 25 25 25 25 25
r19 0.915683
50 50 50 50 50 50 50 50 50 50 50 50 50 50 50
83 83 83 83 83 83 83 83 83 83 83 83 83 83 83
r20 0.728458
21 21 21 21 21 21 21 21 21 21 21 21 21 21 21
15 15 15 15 15 15 15 15 15 15 15 15 15 15 15
r21 0.778682
5 5 5 5 5 5 5 5 5 5 5 5 5 5 5
37 37 37 37 37 37 37 37 37 37 37 37 37 37 37
r22 0.655336
12 12 12 12 12 12 12 12 12 12 12 12 12 12 12
59 59 59 59 59 59 59 59 59 59 59 59 59 59 59
r23 0.960338
89 89 89 89 89 89 89 89 89 89 89 89 89 89 89
24 24 24 24 24 24 24 24 24 24 24 24 24 24 24
r24 0.792355
93 93 93 93 93 93 93 93 93 93 93 93 93 93 93
98 98 98 98 98 98 98 98 98 98 98 98 98 98 98
r25 0.708636
87 87 87 87 87 87 87 87 87 87 87 87 87 87 87
20 20 20 20 20 20 20 20 20 20 20 20 20 20 20
r26 0.936342
52 52 52 52 52 52 52 52 52 52 52 52 52 52 52
99 99 99 99 99 99 99 99 99 99 99 99 99 99 99
r27 0.977336
97 97 97 97 97 97 97 97 97 97 97 97 97 97 97
50 50 50 50 50 50 50 50 50 50 50 50 50 50 50
r28 0.967275
50 50 50 50 50 50 50 50 50 50 50 50 50 50 50
16 16 16 16 16 16 16 16 16 16 16 16 16 16 16
r29 0.821798
29 29 29 29 29 29 29 29 29 29 29 29 29 29 29
62 62 62 62 62 62 62 62 62 62 62 62 62 62 62
r30 0.727452
95 95 95 95 95 95 95 95 95 95 95 95 95 95 95
75 75 75 75 75 75 75 75 75 75 75 75 75 75 75
r31 0.610036
27 27 27 27 27 27 27 27 27 27 27 27 27 27 27
76 76 76 76 76 76 76 76 76 76 76 76 76 76 76
r32 0.555501
85 85 85 85 85 85 85 85 85 85 85 85 85 85 85
80 80 80 80 80 80 80 80 80 80 80 80 80 80 80
r33 0.792337
71 71 71 71 71 71 71 71 71 71 71 71 71 71 71
70 70 70 70 70 70 70 70 70 70 70 70 70 70 70
r34 0.769641
81 81 81 81 81 81 81 81 81 81 81 81 81 81 81
60 60 60 60 60 60 60 60 60 60 60 60 60 60 60
r35 0.775725
21 21 21 21 21 21 21 21 21 21 21 21 21 21 21
44 44 44 44 44 44 44 44 44 44 44 44 44 44 44
r36 0.766136
60 60 60 60 60 60 60 60 60 60 60 60 60 60 60
91 91 91 91 91 91 91 91 91 91 91 91 91 91 91
r37 0.896513
73 73 73 73 73 73 73 73 73 73 73 73 73 73 73
86 86 86 86 86 86 86 86 86 86 86 86 86 86 86
r38 0.623073
6 6 6 6 6 6 6 6 6 6 6 6 6 6 6
36 36 36 36 36 36 36 36 36 36 36 36 36 36 36
r39 0.881185
54 54 54 54 54 54 54 54 54 54 54 54 54 54 54
60 60 60 60 60 60 60 60 60 60 60 60 60 60 60
r40 0.770271
79 79 79 79 79 79 79 79 79 79 79 79 79 79 79
52 52 52 52 52 52 52 52 52 52 52 52 52 52 52
r41 0.986877
20 20 20 20 20 20 20 20 20 20 20 20 20 20 20
74 74 74 74 74 74 74 74 74 74 74 74 74 74 74
r42 0.962347
86 86 86 86 86 86 86 86 86 86 86 86 86 86 86
56 56 56 56 56 56 56 56 56 56 56 56 56 56 56
r43 0.752547
13 13 13 13 13 13 13 13 13 13 13 13 13 13 13
24 24 24 24 24 24 24 24 24 24 24 24 24 24 24
r44 0.619905
54 54 54 54 54 54 54 54 54 54 54 54 54 54 54
5 5 5 5 5 5 5 5 5 5 5 5 5 5 5
r45 0.919985
91 91 91 91 91 91 91 91 91 91 91 91 91 91 91
21 21 21 21 21 21 21 21 21 21 21 21 21 21 21
r46 0.704102
49 49 49 49 49 49 49 49 49 49 49 49 49 49 49
73 73 73 73 73 73 73 73 73 73 73 73 73 73 73
r47 0.509713
97 97 97 97 97 97 97 97 97 97 97 97 97 97 97
46 46 46 46 46 46 46 46 46 46 46 46 46 46 46
r48 0.570527
96 96 96 96 96 96 96 96 96 96 96 96 96 96 96
47 47 47 47 47 47 47 47 47 47 47 47 47 47 47
r49 0.855807
8 8 8 8 8 8 8 8 8 8 8 8 8 8 8
93 93 93 93 93 93 93 93 93 93 93 93 93 93 93
r50 0.781236
69 69 69 69 69 69 69 69 69 69 69 69 69 69 69
69 69 69 69 69 69 69 69 69 69 69 69 69 69 69
