50 15 0 1 10
0 0.25
31349 34915 30186 43881 40011 40634 44133 44387 42722 43287 36773 34643 36519 36742 40354
w1 0.5
2624 1639 3759 2563 1918 1853 4212 3769 4205 3904 4233 4299 2234 3319 3815
w2 0.5
2587 4353 3169 3950 2987 2302 3337 4062 3589 4110 2705 4460 2204 4411 4057
w3 0.5
1903 3316 4392 2321 4022 4105 1943 4079 3861 2028 3878 1947 4200 3545 4382
w4 0.5
3399 3051 2089 1886 3853 3926 4448 3294 3536 3006 3607 1592 2917 3164 3421
w5 0.5
1980 3666 4494 1854 3623 1937 4433 2984 2817 3812 3431 2517 3209 3665 3656
w6 0.5
2569 4245 2495 1922 3671 2795 4069 3059 4301 3176 3152 3071 1840 2425 2243
w7 0.5
1591 2589 3027 4066 3378 3312 2550 1696 2624 1833 2713 1686 3999 1870 2294
w8 0.5
1615 3641 2842 4139 1937 2763 2698 2090 4439 1702 4013 2131 2628 1757 3304
w9 0.5
2846 2183 2638 1725 3995 4040 1921 2472 1726 3134 2658 4225 3856 3452 2145
w10 0.5
2946 3839 3611 3383 2103 2161 4325 2042 2716 3839 2674 3844 4096 1830 2767
r1 0.699962
22 79 95 95 32 92 51 69 5 33 15 65 38 27 26
22 50 66 65 29 81 48 80 47 54 96 75 94 38 15
r2 0.721394
86 84 48 16 74 91 80 74 24 90 36 57 15 54 71
57 17 34 81 91 74 61 38 28 57 14 19 88 21 8
r3 0.527107
84 78 18 58 69 90 30 88 81 58 42 88 13 10 45
25 39 27 16 13 80 47 33 38 56 47 23 72 47 56
r4 0.862885
34 82 85 98 72 12 83 50 66 22 38 74 24 76 91
59 98 5 64 78 47 93 13 95 40 31 64 80 82 35
r5 0.912947
14 89 8 79 94 86 29 60 5 60 31 25 36 22 76
34 19 37 9 61 30 15 53 63 41 17 43 21 45 47
r6 0.523424
33 30 33 27 16 55 82 14 15 10 31 43 25 99 69
39 36 73 93 62 83 46 22 22 59 57 35 99 99 56
r7 0.545657
81 79 52 90 31 31 96 38 37 27 76 57 26 45 88
54 15 81 13 94 28 30 13 82 82 40 81 78 91 31
r8 0.666916
7 49 57 30 75 53 63 9 75 39 58 93 79 47 44
90 28 53 81 51 78 86 30 58 26 8 33 14 32 30
r9 0.923976
74 36 57 47 81 20 51 53 52 7 46 28 49 86 15
69 36 91 18 11 74 43 64 92 47 90 7 74 20 78
r10 0.99099
12 54 34 88 70 77 42 19 79 80 42 25 63 53 90
94 41 5 6 13 40 62 5 82 49 7 53 65 81 51
r11 0.943015
97 78 73 64 55 12 78 35 88 21 55 48 66 42 43
7 42 41 15 78 98 13 57 48 15 8 10 88 51 54
r12 0.995082
32 44 13 82 51 83 14 36 99 62 80 62 99 20 62
39 56 69 14 51 77 63 91 88 66 93 73 14 47 44
r13 0.646278
80 60 51 28 43 60 60 40 22 37 97 19 52 59 53
5 29 62 48 6 25 40 86 84 33 57 90 73 96 45
r14 0.955363
5 87 96 44 48 53 76 62 85 73 76 34 33 26 31
54 83 75 55 6 15 39 82 40 91 72 13 84 15 50
r15 0.763376
37 53 51 77 7 24 37 84 93 13 19 23 35 45 72
15 17 24 13 27 58 90 60 46 60 68 30 70 15 79
r16 0.899237
33 26 19 32 45 51 13 35 60 24 53 87 62 25 97
74 45 8 94 95 93 54 42 50 19 67 17 30 47 90
r17 0.783364
13 81 96 50 30 9 81 82 26 34 69 83 52 63 57
92 63 51 87 57 5 29 99 20 89 17 42 33 99 6
r18 0.924456
79 93 54 9 94 35 86 20 62 52 98 14 13 56 6
71 99 85 25 5 12 25 17 96 34 51 29 33 52 26
r19 0.947562
16 89 33 10 22 16 26 79 61 24 88 66 72 86 34
72 71 55 69 75 72 81 71 98 32 92 31 76 15 63
r20 0.941649
49 32 32 66 44 50 42 5 69 30 66 42 13 95 11
80 47 75 52 16 56 24 14 80 13 40 56 21 95 55
r21 0.901717
83 66 11 24 16 49 24 78 71 82 17 80 77 23 57
22 93 9 30 46 25 40 26 34 72 74 47 68 29 84
r22 0.749639
48 16 28 56 60 44 34 29 26 46 9 96 64 58 15
54 59 40 95 80 75 21 11 45 87 53 13 14 34 18
r23 0.900354
29 39 31 82 75 57 11 97 99 12 90 60 65 5 12
24 37 7 96 13 21 7 50 8 52 58 17 79 71 28
r24 0.633806
59 79 77 34 37 80 31 33 87 18 85 49 15 92 66
48 92 62 53 13 62 98 13 11 56 26 85 24 46 39
r25 0.507742
15 89 34 44 66 58 72 54 71 55 98 79 47 64 27
36 24 75 44 78 73 53 84 26 71 70 45 14 6 56
r26 0.834959
42 40 56 9 93 25 55 62 75 53 38 20 15 60 51
31 32 88 9 5 38 85 23 6 55 63 15 56 16 24
r27 0.743324
56 18 55 47 38 10 6 11 55 39 26 62 94 69 85
26 54 89 23 87 75 41 88 27 96 95 76 9 16 38
r28 0.738943
51 7 15 84 9 16 90 60 50 13 19 41 75 5 59
29 86 77 14 58 15 94 81 11 90 54 15 98 87 63
r29 0.855403
65 73 19 70 81 7 27 28 15 38 64 82 38 23 9
22 92 15 75 7 9 53 10 91 7 21 90 86 76 53
r30 0.946955
27 36 8 5 38 27 29 45 61 85 28 91 6 32 13
93 42 81 93 43 34 98 35 34 16 22 17 87 67 34
r31 0.556604
65 29 87 98 52 16 43 10 93 66 96 94 90 7 85
29 83 78 68 14 73 95 40 85 14 53 69 76 82 90
r32 0.648924
20 50 45 64 58 80 69 51 47 62 46 34 64 28 59
44 98 24 54 71 19 86 53 25 39 23 96 18 13 59
r33 0.88869
6 97 81 59 78 47 11 22 10 49 48 69 69 7 14
67 23 60 35 34 46 84 54 81 99 48 91 9 7 52
r34 0.642177
46 8 60 21 51 63 35 56 9 79 22 70 78 28 37
97 83 65 28 27 49 78 5 45 26 91 49 25 43 68
r35 0.872366
72 79 95 20 39 31 68 41 7 85 11 80 11 44 74
89 6 98 16 50 73 16 87 94 8 33 16 43 97 35
r36 0.714857
14 18 81 45 41 49 81 43 31 88 20 37 29 87 24
30 82 32 72 55 41 56 46 44 84 54 79 81 84 94
r37 0.600533
12 28 36 48 69 17 83 96 97 98 30 23 85 49 45
64 77 14 19 15 65 57 51 50 12 30 31 88 21 74
r38 0.591006
94 15 68 64 24 48 57 19 47 82 37 29 29 78 89
98 84 5 13 50 55 59 95 59 81 23 47 98 92 26
r39 0.75993
33 84 48 53 32 5 67 71 79 96 93 5 71 79 98
56 76 11 6 31 62 93 82 44 16 30 39 9 48 57
r40 0.998937
38 33 27 66 30 89 34 6 82 27 7 54 6 5 7
78 9 8 6 63 96 84 7 12 11 38 13 54 88 93
r41 0.932963
23 50 84 48 39 19 47 19 41 49 65 40 49 67 15
50 67 16 14 63 95 13 67 98 47 73 53 35 63 76
r42 0.839643
27 41 24 58 52 66 72 88 15 37 25 57 96 35 7
63 47 16 23 39 22 86 38 64 56 83 94 16 59 47
r43 0.649319
80 15 37 32 76 6 18 87 39 38 41 35 69 43 91
13 52 14 44 69 92 74 33 48 57 24 60 14 63 47
r44 0.577197
57 24 71 31 26 81 18 57 20 54 84 81 89 75 86
41 85 27 7 77 97 32 23 51 51 75 60 12 22 48
r45 0.747677
67 19 98 85 96 13 42 13 59 27 86 48 94 69 82
79 91 84 54 88 14 72 40 57 47 92 64 64 40 15
r46 0.763612
30 34 85 23 42 25 28 96 44 14 42 38 75 24 18
66 5 67 52 14 39 84 67 78 76 31 42 17 39 71
r47 0.617727
5 94 79 40 16 7 33 55 13 70 89 83 89 99 46
87 63 93 96 97 77 60 72 51 87 14 63 26 77 69
r48 0.983863
60 58 15 72 57 43 27 62 14 13 42 95 12 83 82
70 77 76 64 51 36 36 97 23 43 57 41 20 26 20
r49 0.514779
70 97 51 24 38 73 81 44 79 23 39 86 99 19 57
73 90 21 24 23 50 19 39 88 68 75 5 87 88 88
r50 0.628712
82 17 75 20 82 56 56 61 72 88 48 71 7 97 44
89 15 60 12 57 71 46 42 40 19 43 27 7 28 88
