50 15 0 1 5
0 0.25
30827 30827 30827 30827 30827 30827 30827 30827 30827 30827 30827 30827 30827 30827 30827
w1 0.5
4204 4204 4204 4204 4204 4204 4204 4204 4204 4204 4204 4204 4204 4204 4204
w2 0.5
1654 1654 1654 1654 1654 1654 1654 1654 1654 1654 1654 1654 1654 1654 1654
w3 0.5
2880 2880 2880 2880 2880 2880 2880 2880 2880 2880 2880 2880 2880 2880 2880
w4 0.5
3075 3075 3075 3075 3075 3075 3075 3075 3075 3075 3075 3075 3075 3075 3075
w5 0.5
4446 4446 4446 4446 4446 4446 4446 4446 4446 4446 4446 4446 4446 4446 4446
r1 0.675779
30 30 30 30 30 30 30 30 30 30 30 30 30 30 30
34 85 23 42 25 28 96 44 14 42 38 75 24 18 66
r2 0.693534
67 67 67 67 67 67 67 67 67 67 67 67 67 67 67
52 14 39 84 67 78 76 31 42 17 39 71 14 61 5
r3 0.948486
79 79 79 79 79 79 79 79 79 79 79 79 79 79 79
40 16 7 33 55 13 70 89 83 89 99 46 87 63 93
r4 0.782203
97 97 97 97 97 97 97 97 97 97 97 97 97 97 97
77 60 72 51 87 14 63 26 77 69 82 75 60 58 15
r5 0.646032
57 57 57 57 57 57 57 57 57 57 57 57 57 57 57
43 27 62 14 13 42 95 12 83 82 70 77 76 64 51
r6 0.643413
36 36 36 36 36 36 36 36 36 36 36 36 36 36 36
97 23 43 57 41 20 26 20 87 79 70 97 51 24 38
r7 0.970862
81 81 81 81 81 81 81 81 81 81 81 81 81 81 81
44 79 23 39 86 99 19 57 73 90 21 24 23 50 19
r8 0.503858
88 88 88 88 88 88 88 88 88 88 88 88 88 88 88
68 75 5 87 88 88 66 58 82 17 75 20 82 56 56
r9 0.789387
72 72 72 72 72 72 72 72 72 72 72 72 72 72 72
88 48 71 7 97 44 89 15 60 12 57 71 46 42 40
r10 0.701715
43 43 43 43 43 43 43 43 43 43 43 43 43 43 43
27 7 28 88 57 7 97 29 20 79 81 71 38 50 59
r11 0.671176
18 18 18 18 18 18 18 18 18 18 18 18 18 18 18
58 75 57 44 82 14 52 40 81 90 77 21 9 17 40
r12 0.79467
37 37 37 37 37 37 37 37 37 37 37 37 37 37 37
28 58 40 25 82 55 96 60 26 31 10 78 9 23 33
r13 0.767013
72 72 72 72 72 72 72 72 72 72 72 72 72 72 72
73 56 82 25 91 60 15 65 73 17 78 13 17 15 36
r14 0.875956
50 50 50 50 50 50 50 50 50 50 50 50 50 50 50
53 50 97 46 10 21 73 13 94 74 28 27 48 96 95
r15 0.512654
75 75 75 75 75 75 75 75 75 75 75 75 75 75 75
17 90 32 25 55 5 34 30 13 46 41 44 14 83 89
r16 0.8204
81 81 81 81 81 81 81 81 81 81 81 81 81 81 81
32 61 94 97 69 88 72 93 12 20 86 5 19 61 14
r17 0.596839
88 88 88 88 88 88 88 88 88 88 88 88 88 88 88
34 56 88 60 79 93 7 20 37 13 95 23 67 73 50
r18 0.543959
67 67 67 67 67 67 67 67 67 67 67 67 67 67 67
48 90 52 17 80 57 29 66 57 43 24 66 44 9 93
r19 0.905854
92 92 92 92 92 92 92 92 92 92 92 92 92 92 92
53 71 85 52 83 19 60 76 34 24 46 76 45 14 21
r20 0.760791
58 58 58 58 58 58 58 58 58 58 58 58 58 58 58
33 12 15 57 70 67 92 89 31 33 93 21 23 82 66
r21 0.62661
64 64 64 64 64 64 64 64 64 64 64 64 64 64 64
19 67 75 71 43 6 88 84 77 30 90 94 54 49 24
r22 0.911506
59 59 59 59 59 59 59 59 59 59 59 59 59 59 59
74 28 24 66 17 50 92 7 66 15 81 29 96 45 43
r23 0.530418
17 17 17 17 17 17 17 17 17 17 17 17 17 17 17
12 98 18 92 80 87 19 67 81 68 16 98 29 68 72
r24 0.99975
87 87 87 87 87 87 87 87 87 87 87 87 87 87 87
35 61 34 27 60 92 34 41 21 28 78 57 83 90 64
r25 0.933461
5 5 5 5 5 5 5 5 5 5 5 5 5 5 5
53 59 87 67 26 66 35 35 64 56 98 36 5 85 66
r26 0.60546
19 19 19 19 19 19 19 19 19 19 19 19 19 19 19
86 18 11 20 54 27 43 29 76 27 16 37 6 16 85
r27 0.92555
95 95 95 95 95 95 95 95 95 95 95 95 95 95 95
49 78 61 79 13 22 32 11 53 32 88 17 85 99 98
r28 0.636067
7 7 7 7 7 7 7 7 7 7 7 7 7 7 7
15 46 30 54 70 98 73 78 36 74 89 21 31 82 66
r29 0.851322
40 40 40 40 40 40 40 40 40 40 40 40 40 40 40
42 15 58 70 21 11 94 7 20 80 6 18 72 9 29
r30 0.69971
31 31 31 31 31 31 31 31 31 31 31 31 31 31 31
75 81 29 48 60 60 19 46 74 45 28 40 46 64 74
r31 0.658603
22 22 22 22 22 22 22 22 22 22 22 22 22 22 22
44 70 25 39 72 41 16 73 51 83 74 72 94 5 44
r32 0.602996
27 27 27 27 27 27 27 27 27 27 27 27 27 27 27
87 36 82 6 77 56 43 6 88 85 62 63 41 76 99
r33 0.966656
96 96 96 96 96 96 96 96 96 96 96 96 96 96 96
38 75 34 46 46 81 27 20 50 21 18 90 92 40 74
r34 0.987101
22 22 22 22 22 22 22 22 22 22 22 22 22 22 22
73 98 71 16 96 56 96 58 19 35 34 16 38 27 46
r35 0.893674
57 57 57 57 57 57 57 57 57 57 57 57 57 57 57
88 55 35 15 67 77 28 80 67 18 20 39 38 35 12
r36 0.704817
98 98 98 98 98 98 98 98 98 98 98 98 98 98 98
23 32 54 17 82 66 47 16 77 77 36 23 86 85 8
r37 0.935815
17 17 17 17 17 17 17 17 17 17 17 17 17 17 17
15 98 89 39 78 54 52 91 88 82 23 95 19 18 18
r38 0.998726
64 64 64 64 64 64 64 64 64 64 64 64 64 64 64
27 26 30 69 34 99 47 65 20 30 50 23 61 62 31
r39 0.988204
49 49 49 49 49 49 49 49 49 49 49 49 49 49 49
65 34 98 14 22 83 91 37 78 7 50 88 46 12 16
r40 0.768282
34 34 34 34 34 34 34 34 34 34 34 34 34 34 34
77 96 34 21 59 46 44 9 64 5 64 90 56 10 52
r41 0.870584
8 8 8 8 8 8 8 8 8 8 8 8 8 8 8
58 97 83 47 31 61 46 74 46 87 81 54 51 15 32
r42 0.895495
41 41 41 41 41 41 41 41 41 41 41 41 41 41 41
45 7 82 84 8 44 81 64 31 37 69 76 17 69 34
r43 0.592417
52 52 52 52 52 52 52 52 52 52 52 52 52 52 52
73 37 10 17 11 52 99 87 6 51 98 30 91 36 71
r44 0.783695
19 19 19 19 19 19 19 19 19 19 19 19 19 19 19
55 90 58 37 55 84 66 21 60 75 86 87 81 35 57
r45 0.934238
41 41 41 41 41 41 41 41 41 41 41 41 41 41 41
69 22 85 66 10 83 14 5 14 5 36 77 87 47 32
r46 0.767103
5 5 5 5 5 5 5 5 5 5 5 5 5 5 5
61 29 85 25 46 42 95 32 29 74 59 79 85 95 48
r47 0.719121
80 80 80 80 80 80 80 80 80 80 80 80 80 80 80
14 9 64 23 9 70 20 38 47 7 80 71 77 81 33
r48 0.725587
63 63 63 63 63 63 63 63 63 63 63 63 63 63 63
50 47 97 42 71 24 16 31 98 96 23 43 96 96 53
r49 0.683258
57 57 57 57 57 57 57 57 57 57 57 57 57 57 57
68 7 27 81 40 66 83 20 37 57 93 62 59 53 12
r50 0.704437
48 48 48 48 48 48 48 48 48 48 48 48 48 48 48
50 67 67 58 93 62 52 13 5 48 9 50 48 61 16
