50 15 7 1 10
0 0.25
35911 44198 33728 43368 34949 30463 30723 39625 36267 36088 33895 35248 33708 31858 44055
w1 0.5
4313 1528 3172 3239 3551 4280 3390 3333 4142 4174 4371 4055 2508 3718 1605
w2 0.5
2917 2333 4140 2218 3149 1863 2843 3768 2304 4091 3016 3364 2949 2423 2715
w3 0.5
2451 1740 2205 1502 1520 4448 3688 1514 4122 3559 4069 2483 3130 1526 3755
w4 0.5
2712 3395 2617 4361 4111 4312 3629 2267 4255 2497 4131 3056 3421 2698 2023
w5 0.5
2938 2728 1727 3310 3028 3915 3324 2651 3326 3245 3634 1956 3272 3241 2355
w6 0.5
2136 3824 1697 2099 3989 4178 3218 4096 2175 3201 2653 4448 4400 3176 1673
w7 0.5
1756 2252 2001 3285 1667 3825 1788 3493 2923 4274 4302 1695 3015 2509 2031
w8 0.5
1834 2580 1955 1675 2258 4025 4271 3285 2727 2776 3586 2979 4452 4111 1669
w9 0.5
1863 2170 4198 2030 1848 1838 4375 3271 1964 1529 3818 3479 2539 1701 3334
w10 0.5
2781 4141 3752 3539 3667 3523 2676 1894 1800 1762 3373 2104 4373 3894 3017
r1 0.918769
67 93 75 15 76 83 14 40 53 55 74 39 42 81 65
43 8 96 85 72 69 6 19 77 16 60 47 96 55 96
r2 0.684291
86 30 30 62 13 39 98 61 87 69 92 29 51 54 67
54 47 53 23 16 51 34 85 63 87 30 59 42 26 17
r3 0.835056
42 81 67 47 18 65 5 5 31 92 29 74 46 88 26
88 38 44 96 85 71 82 48 58 12 99 92 30 16 45
r4 0.95644
24 99 89 34 61 89 34 85 78 55 59 21 40 80 9
74 22 97 56 88 76 99 43 83 98 32 13 11 69 43
r5 0.616497
39 42 19 93 28 45 75 6 92 34 22 33 12 23 99
29 20 55 14 92 54 49 72 49 73 78 55 39 18 5
r6 0.706786
42 39 42 65 80 17 63 69 44 80 97 51 98 96 72
15 51 78 99 97 24 72 43 92 50 90 28 60 90 48
r7 0.66665
80 44 89 57 53 49 26 92 29 24 40 24 17 9 35
61 82 31 58 6 98 94 90 45 84 19 5 75 59 7
r8 0.954544
46 86 91 94 35 15 84 57 34 24 76 43 26 8 99
8 35 55 7 30 49 89 68 33 5 65 5 60 67 97
r9 0.840123
80 80 8 12 90 84 64 21 5 38 59 26 38 59 27
65 14 26 91 55 15 56 80 13 21 81 65 84 75 56
r10 0.879344
33 92 62 23 76 24 36 74 54 91 95 87 47 22 53
53 43 41 8 51 89 83 59 10 61 24 89 36 72 79
r11 0.764094
71 43 21 45 62 50 16 13 38 11 95 80 26 45 33
61 78 33 9 67 13 63 73 67 79 59 95 49 38 79
r12 0.599649
19 60 44 73 10 55 81 43 58 76 23 79 19 48 41
89 73 45 57 79 6 27 46 77 81 41 26 17 17 68
r13 0.813164
26 58 99 31 10 80 70 63 54 85 43 65 31 76 54
96 18 8 75 16 30 21 86 9 55 12 21 67 73 32
r14 0.96699
82 90 22 87 71 87 47 22 70 82 82 93 55 36 89
66 40 62 77 62 75 63 66 30 68 79 90 38 8 81
r15 0.557484
71 46 69 39 31 17 56 96 94 38 86 50 67 72 16
7 34 85 64 7 46 28 32 11 99 19 44 8 92 68
r16 0.687439
14 55 95 37 64 52 33 55 82 16 5 49 84 13 51
15 91 13 17 37 33 42 43 29 56 79 32 49 47 15
r17 0.81806
62 5 86 26 49 16 76 32 25 74 76 9 79 25 19
70 30 29 99 58 66 42 79 19 18 9 60 57 19 62
r18 0.502268
63 89 97 9 97 70 36 22 44 10 23 24 27 35 86
52 59 86 7 22 25 81 36 39 85 89 91 99 51 94
r19 0.637319
80 66 16 75 37 44 92 73 49 16 92 71 43 76 23
97 62 22 16 82 99 47 18 81 33 7 81 80 96 50
r20 0.985936
17 94 49 49 39 38 22 80 46 12 52 84 83 67 78
42 82 89 24 81 34 35 62 62 37 40 39 30 86 23
r21 0.876868
17 45 44 48 79 58 29 25 62 73 7 42 37 80 79
19 70 96 95 99 31 55 61 63 87 93 85 70 16 85
r22 0.687165
27 6 72 6 60 93 24 19 66 26 57 98 98 36 18
68 29 10 67 55 57 26 15 45 19 96 12 27 78 73
r23 0.97495
74 19 96 31 9 20 46 70 38 95 66 36 28 79 97
53 81 61 5 36 82 13 73 93 6 80 17 76 53 63
r24 0.623895
74 69 48 79 81 86 46 19 81 12 48 10 83 45 55
62 6 55 93 81 60 66 71 61 43 84 37 92 44 11
r25 0.839782
72 54 86 54 41 33 65 22 37 13 24 18 50 71 75
52 24 65 30 79 28 96 41 66 77 70 55 21 73 61
r26 0.63901
16 15 95 52 40 60 66 70 66 86 83 16 54 55 63
73 17 85 53 40 79 86 98 56 56 54 70 27 12 94
r27 0.701086
6 63 70 39 20 34 9 81 20 84 93 66 36 53 40
48 36 85 80 15 71 75 63 24 26 33 46 34 24 11
r28 0.845586
69 20 57 82 49 61 60 61 42 53 27 73 99 59 18
35 44 93 42 15 65 5 32 87 31 70 21 50 77 65
r29 0.509844
80 22 25 26 75 81 82 17 31 7 85 27 61 98 57
6 88 91 13 54 92 37 38 23 8 51 65 80 16 31
r30 0.595324
48 44 15 24 22 90 33 48 92 19 71 50 14 25 48
95 17 57 46 6 89 79 24 92 30 81 72 38 12 88
r31 0.810933
32 35 69 46 25 97 86 14 13 57 59 23 75 5 15
84 57 56 85 43 32 9 33 54 85 97 87 90 85 15
r32 0.957943
42 9 55 62 6 42 68 15 91 24 30 63 24 40 47
73 91 32 14 23 33 42 69 16 39 56 6 22 63 41
r33 0.546496
45 79 59 43 18 24 53 6 44 75 65 60 15 12 34
98 37 43 18 65 77 82 76 13 39 74 30 97 12 51
r34 0.655926
30 54 88 40 74 38 38 15 14 98 70 21 8 96 20
40 36 33 97 13 16 74 19 47 45 41 41 53 87 36
r35 0.630855
83 82 49 54 18 83 64 24 78 31 40 81 25 55 18
56 81 16 62 89 82 76 36 27 14 69 72 97 6 64
r36 0.829277
43 53 35 56 33 91 75 11 22 13 85 42 60 98 91
41 14 53 27 88 26 55 13 32 25 77 29 23 41 33
r37 0.66853
81 34 36 14 25 9 17 39 17 97 77 69 93 65 11
99 15 30 88 36 81 96 63 6 73 85 24 15 18 20
r38 0.982377
49 23 97 66 24 14 5 33 9 74 98 97 36 6 96
46 31 81 74 12 77 35 10 48 20 26 58 30 41 45
r39 0.646059
60 18 48 77 27 46 10 28 17 8 25 49 9 19 90
33 95 65 40 70 95 43 18 12 64 68 37 6 10 53
r40 0.949755
66 29 39 85 67 45 11 76 45 31 25 50 42 13 75
38 70 15 5 65 50 18 69 15 78 6 16 83 51 91
r41 0.760484
17 80 94 76 22 5 53 62 29 70 9 63 78 79 96
45 87 93 7 37 11 71 47 84 72 55 64 23 44 10
r42 0.82129
82 24 30 99 21 78 61 42 45 63 6 24 42 94 64
29 88 67 59 91 35 6 76 8 54 37 23 90 39 48
r43 0.584503
67 68 17 83 43 74 23 84 37 24 5 71 18 61 93
6 28 52 90 59 50 63 59 99 95 77 89 35 25 30
r44 0.533121
93 61 65 37 32 83 18 61 7 18 32 17 74 25 16
95 69 6 51 20 64 10 16 59 79 98 86 97 28 35
r45 0.68177
91 43 50 23 23 63 79 25 73 8 35 45 26 46 40
90 44 86 10 8 88 22 59 64 20 46 58 43 73 34
r46 0.691487
72 7 79 91 62 55 13 33 55 40 73 76 81 13 67
25 91 69 25 76 86 80 37 98 23 88 41 88 22 90
r47 0.638928
89 25 74 48 72 80 76 27 20 46 99 94 51 63 19
42 32 37 15 16 14 45 14 29 33 48 17 47 38 61
r48 0.653977
81 8 67 53 83 41 72 98 82 68 92 34 31 9 68
56 38 76 67 47 21 73 68 46 21 80 88 51 38 21
r49 0.562615
21 35 61 99 68 33 95 50 97 84 76 25 85 45 73
20 21 40 62 34 14 30 75 27 7 60 71 40 76 38
r50 0.594888
65 9 89 33 35 81 79 29 63 52 49 48 92 23 64
10 55 23 39 61 46 11 81 48 66 52 81 40 82 26
