50 15 5 1 5
0 0.25
34469 31916 42277 40196 43149 43606 42294 31407 41148 30914 43851 44718 33130 44115 30658
w1 0.5
1652 3411 3248 2433 2141 3377 1959 3716 2490 3949 3226 3776 4261 2760 3124
w2 0.5
1676 3402 3927 3178 2008 1574 1585 1508 2840 3437 1579 2970 2904 2237 3621
w3 0.5
1501 2369 4341 2142 4247 1801 1710 2589 4250 3436 1865 4363 1696 3842 2594
w4 0.5
2744 2374 3903 3604 2448 4340 3964 3788 3629 4043 2258 2034 1781 4380 3590
w5 0.5
2601 3784 2776 2700 4085 2987 3790 4187 2275 1507 4050 2824 3849 2145 3549
r1 0.74469
89 56 54 14 61 49 29 89 99 25 32 86 17 76 63
46 46 46 46 46 46 46 46 46 46 46 46 46 46 46
r2 0.675875
66 74 32 48 79 15 66 43 31 6 79 87 67 68 43
18 18 18 18 18 18 18 18 18 18 18 18 18 18 18
r3 0.530728
62 99 86 58 21 15 45 33 84 5 75 84 20 38 58
48 48 48 48 48 48 48 48 48 48 48 48 48 48 48
r4 0.784115
55 45 73 81 43 49 68 7 18 9 20 88 5 74 84
83 83 83 83 83 83 83 83 83 83 83 83 83 83 83
r5 0.588426
94 69 33 75 69 5 59 82 36 14 30 15 43 77 52
13 13 13 13 13 13 13 13 13 13 13 13 13 13 13
r6 0.632789
58 24 89 68 28 6 56 25 75 37 6 96 37 95 66
62 62 62 62 62 62 62 62 62 62 62 62 62 62 62
r7 0.553365
60 26 14 91 32 36 98 70 10 50 76 64 37 31 83
26 26 26 26 26 26 26 26 26 26 26 26 26 26 26
r8 0.650851
27 47 28 94 79 29 90 13 21 53 70 83 81 27 6
87 87 87 87 87 87 87 87 87 87 87 87 87 87 87
r9 0.95864
21 13 96 26 58 72 82 87 98 65 13 89 68 35 36
89 89 89 89 89 89 89 89 89 89 89 89 89 89 89
r10 0.64187
18 17 23 32 65 85 15 43 13 14 28 23 42 41 29
35 35 35 35 35 35 35 35 35 35 35 35 35 35 35
r11 0.957986
7 45 67 97 7 75 86 71 8 22 60 29 29 70 38
47 47 47 47 47 47 47 47 47 47 47 47 47 47 47
r12 0.910275
30 10 36 35 16 59 50 53 95 74 84 55 57 83 92
24 24 24 24 24 24 24 24 24 24 24 24 24 24 24
r13 0.51969
91 64 62 94 79 19 21 8 82 51 51 76 47 76 81
79 79 79 79 79 79 79 79 79 79 79 79 79 79 79
r14 0.535106
35 53 43 28 28 24 75 77 99 64 93 77 55 84 42
15 15 15 15 15 15 15 15 15 15 15 15 15 15 15
r15 0.771637
29 89 21 8 40 67 80 80 40 58 56 43 48 86 92
83 83 83 83 83 83 83 83 83 83 83 83 83 83 83
r16 0.762941
7 81 89 98 42 82 76 93 66 15 8 39 28 29 28
44 44 44 44 44 44 44 44 44 44 44 44 44 44 44
r17 0.626874
9 13 41 41 66 92 77 11 75 69 89 79 78 91 57
67 67 67 67 67 67 67 67 67 67 67 67 67 67 67
r18 0.532186
49 63 88 12 73 91 44 93 20 67 37 45 25 38 53
61 61 61 61 61 61 61 61 61 61 61 61 61 61 61
r19 0.771005
50 52 23 23 18 13 97 91 96 54 55 83 46 99 43
34 34 34 34 34 34 34 34 34 34 34 34 34 34 34
r20 0.639929
22 47 6 35 12 36 75 32 66 26 89 41 38 36 85
53 53 53 53 53 53 53 53 53 53 53 53 53 53 53
r21 0.703829
58 48 86 55 98 41 35 41 37 71 71 41 79 85 83
78 78 78 78 78 78 78 78 78 78 78 78 78 78 78
r22 0.747051
14 91 23 75 14 9 14 47 40 94 92 90 90 51 35
76 76 76 76 76 76 76 76 76 76 76 76 76 76 76
r23 0.694281
15 30 70 47 96 38 83 76 23 64 54 36 51 60 24
69 69 69 69 69 69 69 69 69 69 69 69 69 69 69
r24 0.777526
70 38 72 11 33 64 93 20 15 28 88 10 54 98 36
21 21 21 21 21 21 21 21 21 21 21 21 21 21 21
r25 0.897092
51 26 5 66 85 54 97 34 11 21 98 36 49 66 69
18 18 18 18 18 18 18 18 18 18 18 18 18 18 18
r26 0.588603
78 59 14 85 79 98 91 33 96 24 46 39 51 92 58
49 49 49 49 49 49 49 49 49 49 49 49 49 49 49
r27 0.908241
98 53 69 7 70 65 38 16 31 7 30 95 97 5 54
8 8 8 8 8 8 8 8 8 8 8 8 8 8 8
r28 0.794697
6 73 59 95 92 5 31 41 90 84 85 46 25 80 94
86 86 86 86 86 86 86 86 86 86 86 86 86 86 86
r29 0.575072
51 17 73 77 17 95 69 14 95 23 17 80 49 16 51
5 5 5 5 5 5 5 5 5 5 5 5 5 5 5
r30 0.52599
97 34 76 87 19 58 30 36 36 22 22 15 78 66 25
48 48 48 48 48 48 48 48 48 48 48 48 48 48 48
r31 0.849063
43 13 43 38 28 52 16 69 63 59 69 66 94 67 93
68 68 68 68 68 68 68 68 68 68 68 68 68 68 68
r32 0.711763
26 77 37 54 94 54 65 69 20 85 18 56 19 56 61
57 57 57 57 57 57 57 57 57 57 57 57 57 57 57
r33 0.603632
9 98 51 65 57 17 28 48 76 18 16 28 22 35 97
54 54 54 54 54 54 54 54 54 54 54 54 54 54 54
r34 0.696843
6 46 57 18 31 70 69 42 27 27 94 14 9 96 9
52 52 52 52 52 52 52 52 52 52 52 52 52 52 52
r35 0.781442
61 78 98 38 92 15 61 14 45 58 61 26 46 62 68
95 95 95 95 95 95 95 95 95 95 95 95 95 95 95
r36 0.64745
66 45 34 85 64 28 94 68 21 95 17 71 50 74 50
48 48 48 48 48 48 48 48 48 48 48 48 48 48 48
r37 0.775294
55 65 48 95 20 9 22 58 66 85 53 39 76 19 76
7 7 7 7 7 7 7 7 7 7 7 7 7 7 7
r38 0.713025
31 90 6 44 82 18 16 32 84 58 73 91 95 28 56
40 40 40 40 40 40 40 40 40 40 40 40 40 40 40
r39 0.630855
42 35 29 8 17 78 42 88 89 15 88 89 51 19 76
52 52 52 52 52 52 52 52 52 52 52 52 52 52 52
r40 0.739393
62 63 83 47 21 56 35 13 77 87 49 93 55 86 28
77 77 77 77 77 77 77 77 77 77 77 77 77 77 77
r41 0.809381
52 26 25 38 36 13 27 79 24 96 31 72 55 89 35
38 38 38 38 38 38 38 38 38 38 38 38 38 38 38
r42 0.629808
87 63 60 64 47 6 54 98 87 77 72 71 14 21 89
34 34 34 34 34 34 34 34 34 34 34 34 34 34 34
r43 0.709515
40 74 5 56 70 28 28 25 14 59 55 42 11 39 6
63 63 63 63 63 63 63 63 63 63 63 63 63 63 63
r44 0.894148
65 52 43 49 26 12 20 35 28 9 62 75 27 97 49
24 24 24 24 24 24 24 24 24 24 24 24 24 24 24
r45 0.968225
47 74 36 57 33 83 91 36 23 89 94 18 35 59 63
70 70 70 70 70 70 70 70 70 70 70 70 70 70 70
r46 0.83318
78 21 17 98 23 71 73 45 65 19 64 15 30 8 84
58 58 58 58 58 58 58 58 58 58 58 58 58 58 58
r47 0.562981
39 49 48 54 38 43 67 68 94 27 39 98 9 14 17
21 21 21 21 21 21 21 21 21 21 21 21 21 21 21
r48 0.547502
84 75 75 49 89 36 59 17 39 44 67 92 53 6 38
97 97 97 97 97 97 97 97 97 97 97 97 97 97 97
r49 0.678961
37 23 37 31 42 68 27 46 74 39 59 78 69 43 53
41 41 41 41 41 41 41 41 41 41 41 41 41 41 41
r50 0.734256
69 47 52 8 83 19 92 36 21 27 30 71 91 62 86
25 25 25 25 25 25 25 25 25 25 25 25 25 25 25
