50 15 7 1 20
0 0.25
33826 33826 33826 33826 33826 33826 33826 33826 33826 33826 33826 33826 33826 33826 33826
w1 0.5
2243 2243 2243 2243 2243 2243 2243 2243 2243 2243 2243 2243 2243 2243 2243
w2 0.5
3351 3351 3351 3351 3351 3351 3351 3351 3351 3351 3351 3351 3351 3351 3351
w3 0.5
1977 1977 1977 1977 1977 1977 1977 1977 1977 1977 1977 1977 1977 1977 1977
w4 0.5
2574 2574 2574 2574 2574 2574 2574 2574 2574 2574 2574 2574 2574 2574 2574
w5 0.5
3177 3177 3177 3177 3177 3177 3177 3177 3177 3177 3177 3177 3177 3177 3177
w6 0.5
3691 3691 3691 3691 3691 3691 3691 3691 3691 3691 3691 3691 3691 3691 3691
w7 0.5
4328 4328 4328 4328 4328 4328 4328 4328 4328 4328 4328 4328 4328 4328 4328
w8 0.5
3432 3432 3432 3432 3432 3432 3432 3432 3432 3432 3432 3432 3432 3432 3432
w9 0.5
2707 2707 2707 2707 2707 2707 2707 2707 2707 2707 2707 2707 2707 2707 2707
w10 0.5
3641 3641 3641 3641 3641 3641 3641 3641 3641 3641 3641 3641 3641 3641 3641
w11 0.5
3270 3270 3270 3270 3270 3270 3270 3270 3270 3270 3270 3270 3270 3270 3270
w12 0.5
4296 4296 4296 4296 4296 4296 4296 4296 4296 4296 4296 4296 4296 4296 4296
w13 0.5
2931 2931 2931 2931 2931 2931 2931 2931 2931 2931 2931 2931 2931 2931 2931
w14 0.5
4092 4092 4092 4092 4092 4092 4092 4092 4092 4092 4092 4092 4092 4092 4092
w15 0.5
3166 3166 3166 3166 3166 3166 3166 3166 3166 3166 3166 3166 3166 3166 3166
w16 0.5
2098 2098 2098 2098 2098 2098 2098 2098 2098 2098 2098 2098 2098 2098 2098
w17 0.5
4315 4315 4315 4315 4315 4315 4315 4315 4315 4315 4315 4315 4315 4315 4315
w18 0.5
4042 4042 4042 4042 4042 4042 4042 4042 4042 4042 4042 4042 4042 4042 4042
w19 0.5
3702 3702 3702 3702 3702 3702 3702 3702 3702 3702 3702 3702 3702 3702 3702
w20 0.5
4437 4437 4437 4437 4437 4437 4437 4437 4437 4437 4437 4437 4437 4437 4437
r1 0.674676
77 77 77 77 77 77 77 77 77 77 77 77 77 77 77
25 25 25 25 25 25 25 25 25 25 25 25 25 25 25
r2 0.679254
9 9 9 9 9 9 9 9 9 9 9 9 9 9 9
47 47 47 47 47 47 47 47 47 47 47 47 47 47 47
r3 0.982235
55 55 55 55 55 55 55 55 55 55 55 55 55 55 55
83 83 83 83 83 83 83 83 83 83 83 83 83 83 83
r4 0.637276
81 81 81 81 81 81 81 81 81 81 81 81 81 81 81
66 66 66 66 66 66 66 66 66 66 66 66 66 66 66
r5 0.69193
36 36 36 36 36 36 36 36 36 36 36 36 36 36 36
8 8 8 8 8 8 8 8 8 8 8 8 8 8 8
r6 0.924973
77 77 77 77 77 77 77 77 77 77 77 77 77 77 77
33 33 33 33 33 33 33 33 33 33 33 33 33 33 33
r7 0.508186
74 74 74 74 74 74 74 74 74 74 74 74 74 74 74
44 44 44 44 44 44 44 44 44 44 44 44 44 44 44
r8 0.703212
20 20 20 20 20 20 20 20 20 20 20 20 20 20 20
42 42 42 42 42 42 42 42 42 42 42 42 42 42 42
r9 0.879521
89 89 89 89 89 89 89 89 89 89 89 89 89 89 89
26 26 26 26 26 26 26 26 26 26 26 26 26 26 26
r10 0.800281
28 28 28 28 28 28 28 28 28 28 28 28 28 28 28
30 30 30 30 30 30 30 30 30 30 30 30 30 30 30
r11 0.946833
71 71 71 71 71 71 71 71 71 71 71 71 71 71 71
8 8 8 8 8 8 8 8 8 8 8 8 8 8 8
r12 0.868004
46 46 46 46 46 46 46 46 46 46 46 46 46 46 46
12 12 12 12 12 12 12 12 12 12 12 12 12 12 12
r13 0.890899
93 93 93 93 93 93 93 93 93 93 93 93 93 93 93
62 62 62 62 62 62 62 62 62 62 62 62 62 62 62
r14 0.940549
7 7 7 7 7 7 7 7 7 7 7 7 7 7 7
41 41 41 41 41 41 41 41 41 41 41 41 41 41 41
r15 0.782581
38 38 38 38 38 38 38 38 38 38 38 38 38 38 38
72 72 72 72 72 72 72 72 72 72 72 72 72 72 72
r16 0.591283
58 58 58 58 58 58 58 58 58 58 58 58 58 58 58
49 49 49 49 49 49 49 49 49 49 49 49 49 49 49
r17 0.609324
70 70 70 70 70 70 70 70 70 70 70 70 70 70 70
20 20 20 20 20 20 20 20 20 20 20 20 20 20 20
r18 0.718513
34 34 34 34 34 34 34 34 34 34 34 34 34 34 34
32 32 32 32 32 32 32 32 32 32 32 32 32 32 32
r19 0.756004
14 14 14 14 14 14 14 14 14 14 14 14 14 14 14
18 18 18 18 18 18 18 18 18 18 18 18 18 18 18
r20 0.938919
93 93 93 93 93 93 93 93 93 93 93 93 93 93 93
41 41 41 41 41 41 41 41 41 41 41 41 41 41 41
r21 0.963747
24 24 24 24 24 24 24 24 24 24 24 24 24 24 24
9 9 9 9 9 9 9 9 9 9 9 9 9 9 9
r22 0.632193
68 68 68 68 68 68 68 68 68 68 68 68 68 68 68
50 50 50 50 50 50 50 50 50 50 50 50 50 50 50
r23 0.974781
62 62 62 62 62 62 62 62 62 62 62 62 62 62 62
43 43 43 43 43 43 43 43 43 43 43 43 43 43 43
r24 0.903571
36 36 36 36 36 36 36 36 36 36 36 36 36 36 36
43 43 43 43 43 43 43 43 43 43 43 43 43 43 43
r25 0.577422
68 68 68 68 68 68 68 68 68 68 68 68 68 68 68
76 76 76 76 76 76 76 76 76 76 76 76 76 76 76
r26 0.865618
9 9 9 9 9 9 9 9 9 9 9 9 9 9 9
31 31 31 31 31 31 31 31 31 31 31 31 31 31 31
r27 0.823296
72 72 72 72 72 72 72 72 72 72 72 72 72 72 72
93 93 93 93 93 93 93 93 93 93 93 93 93 93 93
r28 0.531596
77 77 77 77 77 77 77 77 77 77 77 77 77 77 77
27 27 27 27 27 27 27 27 27 27 27 27 27 27 27
r29 0.717233
28 28 28 28 28 28 28 28 28 28 28 28 28 28 28
33 33 33 33 33 33 33 33 33 33 33 33 33 33 33
r30 0.86621
91 91 91 91 91 91 91 91 91 91 91 91 91 91 91
26 26 26 26 26 26 26 26 26 26 26 26 26 26 26
r31 0.733609
85 85 85 85 85 85 85 85 85 85 85 85 85 85 85
46 46 46 46 46 46 46 46 46 46 46 46 46 46 46
r32 0.994105
82 82 82 82 82 82 82 82 82 82 82 82 82 82 82
14 14 14 14 14 14 14 14 14 14 14 14 14 14 14
r33 0.826953
84 84 84 84 84 84 84 84 84 84 84 84 84 84 84
68 68 68 68 68 68 68 68 68 68 68 68 68 68 68
r34 0.714387
45 45 45 45 45 45 45 45 45 45 45 45 45 45 45
96 96 96 96 96 96 96 96 96 96 96 96 96 96 96
r35 0.793685
42 42 42 42 42 42 42 42 42 42 42 42 42 42 42
64 64 64 64 64 64 64 64 64 64 64 64 64 64 64
r36 0.756776
8 8 8 8 8 8 8 8 8 8 8 8 8 8 8
68 68 68 68 68 68 68 68 68 68 68 68 68 68 68
r37 0.528633
18 18 18 18 18 18 18 18 18 18 18 18 18 18 18
38 38 38 38 38 38 38 38 38 38 38 38 38 38 38
r38 0.617444
37 37 37 37 37 37 37 37 37 37 37 37 37 37 37
15 15 15 15 15 15 15 15 15 15 15 15 15 15 15
r39 0.726419
86 86 86 86 86 86 86 86 86 86 86 86 86 86 86
35 35 35 35 35 35 35 35 35 35 35 35 35 35 35
r40 0.735081
51 51 51 51 51 51 51 51 51 51 51 51 51 51 51
27 27 27 27 27 27 27 27 27 27 27 27 27 27 27
r41 0.94371
53 53 53 53 53 53 53 53 53 53 53 53 53 53 53
9 9 9 9 9 9 9 9 9 9 9 9 9 9 9
r42 0.799139
56 56 56 56 56 56 56 56 56 56 56 56 56 56 56
87 87 87 87 87 87 87 87 87 87 87 87 87 87 87
r43 0.669372
6 6 6 6 6 6 6 6 6 6 6 6 6 6 6
68 68 68 68 68 68 68 68 68 68 68 68 68 68 68
r44 0.945308
90 90 90 90 90 90 90 90 90 90 90 90 90 90 90
13 13 13 13 13 13 13 13 13 13 13 13 13 13 13
r45 0.567496
19 19 19 19 19 19 19 19 19 19 19 19 19 19 19
47 47 47 47 47 47 47 47 47 47 47 47 47 47 47
r46 0.818517
19 19 19 19 19 19 19 19 19 19 19 19 19 19 19
50 50 50 50 50 50 50 50 50 50 50 50 50 50 50
r47 0.789654
42 42 42 42 42 42 42 42 42 42 42 42 42 42 42
60 60 60 60 60 60 60 60 60 60 60 60 60 60 60
r48 0.59023
55 55 55 55 55 55 55 55 55 55 55 55 55 55 55
92 92 92 92 92 92 92 92 92 92 92 92 92 92 92
r49 0.938757
94 94 94 94 94 94 94 94 94 94 94 94 94 94 94
75 75 75 75 75 75 75 75 75 75 75 75 75 75 75
r50 0.591242
63 63 63 63 63 63 63 63 63 63 63 63 63 63 63
27 27 27 27 27 27 27 27 27 27 27 27 27 27 27
