200 15 6 1 20
0 0.25
40627 33132 34745 38307 32299 39643 43131 33663 30148 41733 37957 37879 30703 34471 37889
w1 0.5
2251 2896 1673 2352 2725 3556 3210 2511 4054 4443 2062 2868 3718 3323 4446
w2 0.5
3808 3543 2005 3459 4186 3488 4123 4334 3573 3432 3214 1628 1903 2455 4318
w3 0.5
4204 1844 3859 2429 3900 2569 3792 3807 2865 1707 2527 2435 3530 2825 3632
w4 0.5
1869 4489 2150 1555 3829 1773 4390 2902 3705 3456 3030 4460 1763 3201 3318
w5 0.5
3545 2677 2396 3297 4099 2041 2956 2816 2248 3983 3751 1630 2661 3235 3321
w6 0.5
3577 4323 3085 2906 1948 3327 1661 1505 2635 3191 4465 2899 2244 3283 2866
w7 0.5
1813 4115 3439 4412 1656 2247 2728 2404 1731 2331 2886 3244 4418 2059 1774
w8 0.5
1882 3711 2254 2330 2539 2415 2335 3674 4458 2652 2425 2203 1788 3792 2344
w9 0.5
3759 4283 2365 3915 2031 3593 2171 2614 1776 3557 4358 1694 4117 1984 4042
w10 0.5
4195 2148 3034 2234 3415 4221 1761 3373 2374 2686 4428 2662 2330 2273 3615
w11 0.5
2408 4480 4356 3291 3925 2027 1757 1553 4437 1967 2099 4406 2451 1641 2109
w12 0.5
2641 3643 3585 1556 3365 3846 3782 1591 2385 4062 3105 3567 1835 2220 4009
w13 0.5
2552 3865 1887 1977 1745 2497 2030 2034 2964 2629 2292 4268 3123 2901 2267
w14 0.5
2045 1704 2025 4262 4051 4307 4353 2288 3869 2958 1707 1557 4030 4216 3153
w15 0.5
3934 3892 2559 1531 2241 3441 2065 3706 1922 2857 3826 3897 4258 1945 4014
w16 0.5
2149 1539 1917 2052 1698 1770 3192 4419 3580 3400 4476 3110 3468 3481 3692
w17 0.5
3226 2103 3285 3967 4044 3850 3525 1819 2559 3203 4216 2670 3648 4082 3325
w18 0.5
4121 3743 2554 1671 4365 4247 1591 3446 3499 1919 2056 2467 4253 4249 4222
w19 0.5
2204 3359 2798 2101 2710 1824 2420 4121 3879 2488 2291 3380 2071 4117 3530
w20 0.5
3712 1584 2568 3577 1683 3011 2875 3682 3782 3432 2002 3535 3533 2076 2366
r1 0.991532
22 60 92 8 5 59 22 39 20 7 27 12 34 26 36
44 44 44 44 44 44 44 44 44 44 44 44 44 44 44
r2 0.991686
14 42 41 17 80 40 11 25 60 77 54 95 37 68 55
27 27 27 27 27 27 27 27 27 27 27 27 27 27 27
r3 0.673642
81 88 87 96 88 11 6 22 29 37 58 66 78 68 8
20 20 20 20 20 20 20 20 20 20 20 20 20 20 20
r4 0.901286
52 86 9 13 60 55 8 89 23 55 16 89 8 92 74
90 90 90 90 90 90 90 90 90 90 90 90 90 90 90
r5 0.671751
96 87 77 26 21 35 87 95 98 87 12 75 71 59 58
72 72 72 72 72 72 72 72 72 72 72 72 72 72 72
r6 0.615688
27 64 5 42 20 13 28 23 98 94 11 84 54 99 71
31 31 31 31 31 31 31 31 31 31 31 31 31 31 31
r7 0.514002
58 6 79 54 89 86 29 60 43 80 32 7 90 51 67
87 87 87 87 87 87 87 87 87 87 87 87 87 87 87
r8 0.776609
96 16 97 94 10 8 78 56 8 46 82 25 30 38 27
7 7 7 7 7 7 7 7 7 7 7 7 7 7 7
r9 0.695295
88 13 71 28 88 95 31 76 46 90 63 31 69 59 42
66 66 66 66 66 66 66 66 66 66 66 66 66 66 66
r10 0.578564
67 28 96 70 66 75 90 89 13 14 91 92 25 76 6
88 88 88 88 88 88 88 88 88 88 88 88 88 88 88
r11 0.770276
83 28 62 26 15 26 52 79 77 89 42 28 31 9 48
24 24 24 24 24 24 24 24 24 24 24 24 24 24 24
r12 0.579956
91 62 96 5 68 87 92 89 60 90 74 60 77 58 80
39 39 39 39 39 39 39 39 39 39 39 39 39 39 39
r13 0.554186
57 29 66 32 15 9 52 41 10 92 57 77 99 49 36
92 92 92 92 92 92 92 92 92 92 92 92 92 92 92
r14 0.650528
76 35 85 37 26 60 89 95 15 70 34 83 60 84 12
27 27 27 27 27 27 27 27 27 27 27 27 27 27 27
r15 0.65257
28 60 56 30 52 14 99 49 55 35 41 96 32 18 31
14 14 14 14 14 14 14 14 14 14 14 14 14 14 14
r16 0.511884
66 36 44 73 6 71 57 59 52 64 78 60 79 6 17
36 36 36 36 36 36 36 36 36 36 36 36 36 36 36
r17 0.62453
42 28 10 92 55 44 85 82 57 13 89 99 55 55 32
94 94 94 94 94 94 94 94 94 94 94 94 94 94 94
r18 0.851396
65 78 88 14 42 66 69 22 64 81 50 87 43 84 12
45 45 45 45 45 45 45 45 45 45 45 45 45 45 45
r19 0.503694
84 58 45 38 63 31 34 18 82 62 13 8 91 70 81
76 76 76 76 76 76 76 76 76 76 76 76 76 76 76
r20 0.827251
39 46 37 98 25 79 82 63 63 90 5 36 53 82 86
90 90 90 90 90 90 90 90 90 90 90 90 90 90 90
r21 0.898676
22 47 63 99 9 71 7 92 39 80 65 16 95 99 57
33 33 33 33 33 33 33 33 33 33 33 33 33 33 33
r22 0.961258
9 76 37 68 66 38 99 19 20 86 10 32 33 24 71
91 91 91 91 91 91 91 91 91 91 91 91 91 91 91
r23 0.513237
60 22 61 94 94 26 7 89 25 59 22 19 34 24 91
66 66 66 66 66 66 66 66 66 66 66 66 66 66 66
r24 0.835064
96 83 69 13 66 71 41 94 87 12 83 7 77 43 21
38 38 38 38 38 38 38 38 38 38 38 38 38 38 38
r25 0.845192
60 36 99 77 87 19 89 21 38 77 83 22 31 79 5
92 92 92 92 92 92 92 92 92 92 92 92 92 92 92
r26 0.52834
63 26 55 50 30 38 52 7 73 68 38 7 75 93 35
75 75 75 75 75 75 75 75 75 75 75 75 75 75 75
r27 0.529987
89 56 36 27 33 16 44 60 88 41 52 73 5 13 91
56 56 56 56 56 56 56 56 56 56 56 56 56 56 56
r28 0.800972
86 5 18 60 65 51 62 41 44 90 16 11 10 97 60
41 41 41 41 41 41 41 41 41 41 41 41 41 41 41
r29 0.62706
50 57 45 38 93 90 11 91 98 97 44 50 15 30 50
28 28 28 28 28 28 28 28 28 28 28 28 28 28 28
r30 0.97711
71 45 49 15 32 57 19 37 51 71 70 67 59 20 24
5 5 5 5 5 5 5 5 5 5 5 5 5 5 5
r31 0.667924
90 56 5 85 50 41 32 58 64 75 78 46 83 50 86
29 29 29 29 29 29 29 29 29 29 29 29 29 29 29
r32 0.843189
78 68 44 29 39 15 91 91 27 15 91 70 21 78 23
19 19 19 19 19 19 19 19 19 19 19 19 19 19 19
r33 0.788281
55 87 24 19 62 94 61 42 44 44 66 94 52 44 59
91 91 91 91 91 91 91 91 91 91 91 91 91 91 91
r34 0.771035
98 59 85 23 66 73 88 80 48 11 94 5 72 49 87
88 88 88 88 88 88 88 88 88 88 88 88 88 88 88
r35 0.658979
83 19 84 24 58 48 15 10 87 70 94 53 64 92 9
46 46 46 46 46 46 46 46 46 46 46 46 46 46 46
r36 0.813647
16 95 48 59 7 42 56 71 86 40 60 44 82 40 58
64 64 64 64 64 64 64 64 64 64 64 64 64 64 64
r37 0.887212
12 70 19 94 40 10 47 96 98 52 39 10 20 50 6
63 63 63 63 63 63 63 63 63 63 63 63 63 63 63
r38 0.82028
97 57 71 83 92 28 25 72 63 78 36 20 87 43 82
99 99 99 99 99 99 99 99 99 99 99 99 99 99 99
r39 0.857488
9 74 12 7 23 46 13 35 88 11 90 89 11 87 43
77 77 77 77 77 77 77 77 77 77 77 77 77 77 77
r40 0.59662
98 87 99 58 66 32 73 53 67 52 52 97 66 54 68
73 73 73 73 73 73 73 73 73 73 73 73 73 73 73
r41 0.501459
16 61 18 99 64 8 85 70 87 28 45 54 56 43 42
52 52 52 52 52 52 52 52 52 52 52 52 52 52 52
r42 0.988598
80 67 53 47 16 98 41 78 52 6 48 5 84 60 59
97 97 97 97 97 97 97 97 97 97 97 97 97 97 97
r43 0.962335
97 45 86 84 65 31 39 18 66 73 66 59 73 43 23
26 26 26 26 26 26 26 26 26 26 26 26 26 26 26
r44 0.785141
21 21 10 65 22 53 66 7 10 22 96 62 37 94 99
23 23 23 23 23 23 23 23 23 23 23 23 23 23 23
r45 0.566544
46 14 78 12 79 41 67 52 76 82 71 55 17 87 71
22 22 22 22 22 22 22 22 22 22 22 22 22 22 22
r46 0.804277
68 16 88 73 30 84 35 62 75 34 78 51 91 24 57
66 66 66 66 66 66 66 66 66 66 66 66 66 66 66
r47 0.793805
99 88 84 75 70 55 30 83 40 94 97 88 80 65 96
68 68 68 68 68 68 68 68 68 68 68 68 68 68 68
r48 0.859772
49 66 80 25 96 55 68 84 75 25 50 96 54 49 81
36 36 36 36 36 36 36 36 36 36 36 36 36 36 36
r49 0.524277
83 46 31 23 37 26 8 17 86 99 80 22 22 27 84
95 95 95 95 95 95 95 95 95 95 95 95 95 95 95
r50 0.697016
50 12 61 22 29 11 18 76 55 94 12 71 43 87 14
66 66 66 66 66 66 66 66 66 66 66 66 66 66 66
r51 0.793357
87 11 56 74 11 34 91 25 56 72 20 92 49 66 99
10 10 10 10 10 10 10 10 10 10 10 10 10 10 10
r52 0.98301
16 94 93 63 85 97 31 28 85 38 87 91 77 74 97
33 33 33 33 33 33 33 33 33 33 33 33 33 33 33
r53 0.829802
62 37 23 15 9 35 7 54 96 98 59 77 21 68 68
14 14 14 14 14 14 14 14 14 14 14 14 14 14 14
r54 0.714845
12 55 74 92 85 61 80 62 32 74 90 76 72 50 10
90 90 90 90 90 90 90 90 90 90 90 90 90 90 90
r55 0.677498
25 63 63 19 61 20 88 77 80 53 84 5 6 88 52
72 72 72 72 72 72 72 72 72 72 72 72 72 72 72
r56 0.549586
30 57 94 58 28 82 31 92 32 36 82 87 45 5 47
6 6 6 6 6 6 6 6 6 6 6 6 6 6 6
r57 0.772495
18 96 75 90 49 59 90 47 47 43 20 24 72 42 73
67 67 67 67 67 67 67 67 67 67 67 67 67 67 67
r58 0.747973
49 20 86 73 51 66 60 89 63 8 87 74 6 97 70
76 76 76 76 76 76 76 76 76 76 76 76 76 76 76
r59 0.996484
36 74 61 75 14 73 95 82 13 65 46 97 59 87 18
43 43 43 43 43 43 43 43 43 43 43 43 43 43 43
r60 0.634727
9 20 50 67 20 37 38 18 34 8 90 18 19 26 85
72 72 72 72 72 72 72 72 72 72 72 72 72 72 72
r61 0.979012
43 88 70 48 51 16 45 7 98 58 45 55 23 49 68
68 68 68 68 68 68 68 68 68 68 68 68 68 68 68
r62 0.757703
98 46 94 29 46 84 40 57 10 25 27 98 13 65 84
79 79 79 79 79 79 79 79 79 79 79 79 79 79 79
r63 0.907525
90 53 34 86 12 72 41 27 18 9 87 27 85 85 65
79 79 79 79 79 79 79 79 79 79 79 79 79 79 79
r64 0.892015
63 50 61 65 67 83 60 75 45 41 51 50 68 42 96
95 95 95 95 95 95 95 95 95 95 95 95 95 95 95
r65 0.817731
67 58 27 80 60 11 7 45 92 65 21 99 69 76 46
30 30 30 30 30 30 30 30 30 30 30 30 30 30 30
r66 0.650242
11 93 80 51 32 32 94 92 66 90 87 83 90 54 41
14 14 14 14 14 14 14 14 14 14 14 14 14 14 14
r67 0.573663
20 31 38 12 91 51 8 60 27 49 86 57 54 89 48
32 32 32 32 32 32 32 32 32 32 32 32 32 32 32
r68 0.58628
56 31 67 19 21 52 97 8 6 35 17 33 29 33 57
59 59 59 59 59 59 59 59 59 59 59 59 59 59 59
r69 0.832527
11 38 9 30 82 87 83 34 76 31 61 13 6 14 37
65 65 65 65 65 65 65 65 65 65 65 65 65 65 65
r70 0.82081
17 22 54 16 49 66 41 73 91 93 33 29 42 36 59
46 46 46 46 46 46 46 46 46 46 46 46 46 46 46
r71 0.863983
30 41 67 98 67 25 8 65 34 40 31 54 86 43 71
40 40 40 40 40 40 40 40 40 40 40 40 40 40 40
r72 0.586396
98 88 86 90 81 16 16 20 47 70 58 6 8 83 42
71 71 71 71 71 71 71 71 71 71 71 71 71 71 71
r73 0.837413
91 85 67 23 22 93 72 8 34 41 40 80 57 39 65
40 40 40 40 40 40 40 40 40 40 40 40 40 40 40
r74 0.828214
52 37 62 91 7 21 89 10 96 32 76 75 34 65 60
96 96 96 96 96 96 96 96 96 96 96 96 96 96 96
r75 0.924607
87 52 78 21 88 18 93 42 49 59 78 73 6 27 10
60 60 60 60 60 60 60 60 60 60 60 60 60 60 60
r76 0.714106
73 5 15 67 29 83 42 55 45 97 51 28 68 35 73
46 46 46 46 46 46 46 46 46 46 46 46 46 46 46
r77 0.935362
57 42 96 6 96 71 72 94 90 74 51 5 79 25 97
89 89 89 89 89 89 89 89 89 89 89 89 89 89 89
r78 0.9824
69 26 76 15 20 25 35 83 55 8 30 99 62 79 38
58 58 58 58 58 58 58 58 58 58 58 58 58 58 58
r79 0.925481
26 49 28 16 24 71 13 98 88 11 84 72 29 53 93
98 98 98 98 98 98 98 98 98 98 98 98 98 98 98
r80 0.906518
23 91 92 70 94 22 66 53 93 99 8 73 30 29 20
50 50 50 50 50 50 50 50 50 50 50 50 50 50 50
r81 0.572393
22 46 37 10 52 18 78 73 66 71 71 27 80 86 18
72 72 72 72 72 72 72 72 72 72 72 72 72 72 72
r82 0.935169
86 20 58 79 17 61 49 42 83 64 88 20 95 10 61
29 29 29 29 29 29 29 29 29 29 29 29 29 29 29
r83 0.995326
42 85 79 9 57 50 31 34 37 41 6 86 45 84 98
98 98 98 98 98 98 98 98 98 98 98 98 98 98 98
r84 0.910346
57 9 53 40 66 38 55 61 40 14 86 47 19 28 33
90 90 90 90 90 90 90 90 90 90 90 90 90 90 90
r85 0.938659
38 55 16 70 91 17 53 34 93 51 32 56 59 81 57
9 9 9 9 9 9 9 9 9 9 9 9 9 9 9
r86 0.728262
42 69 80 77 78 63 24 89 86 49 77 16 31 15 63
42 42 42 42 42 42 42 42 42 42 42 42 42 42 42
r87 0.675171
51 30 84 44 73 13 92 32 90 50 36 8 68 70 72
45 45 45 45 45 45 45 45 45 45 45 45 45 45 45
r88 0.972479
5 64 37 87 13 14 95 40 21 58 74 93 10 26 20
86 86 86 86 86 86 86 86 86 86 86 86 86 86 86
r89 0.813281
95 58 18 82 5 46 85 65 14 58 8 53 5 8 17
34 34 34 34 34 34 34 34 34 34 34 34 34 34 34
r90 0.865063
40 85 55 56 41 29 49 46 50 61 33 13 47 25 63
57 57 57 57 57 57 57 57 57 57 57 57 57 57 57
r91 0.854029
98 84 28 12 39 31 58 37 35 70 66 22 85 7 5
40 40 40 40 40 40 40 40 40 40 40 40 40 40 40
r92 0.547759
62 5 79 9 58 12 17 5 32 72 57 31 35 53 16
56 56 56 56 56 56 56 56 56 56 56 56 56 56 56
r93 0.784036
79 15 79 11 78 46 29 63 45 26 96 95 62 58 92
38 38 38 38 38 38 38 38 38 38 38 38 38 38 38
r94 0.678837
46 72 51 70 44 6 94 75 51 7 28 8 49 7 16
29 29 29 29 29 29 29 29 29 29 29 29 29 29 29
r95 0.785942
70 35 49 15 56 45 7 15 98 95 48 61 46 86 30
89 89 89 89 89 89 89 89 89 89 89 89 89 89 89
r96 0.533199
87 48 44 38 50 67 39 94 67 50 23 76 36 85 8
80 80 80 80 80 80 80 80 80 80 80 80 80 80 80
r97 0.986484
23 95 66 21 90 11 74 33 93 99 19 47 66 7 87
10 10 10 10 10 10 10 10 10 10 10 10 10 10 10
r98 0.676735
70 71 31 34 18 47 7 46 32 10 24 25 61 42 20
24 24 24 24 24 24 24 24 24 24 24 24 24 24 24
r99 0.680424
30 27 35 20 23 49 62 84 48 49 87 81 78 54 49
7 7 7 7 7 7 7 7 7 7 7 7 7 7 7
r100 0.674633
49 85 6 73 87 25 90 48 59 10 67 15 9 89 37
39 39 39 39 39 39 39 39 39 39 39 39 39 39 39
r101 0.645125
81 64 37 29 14 24 7 84 73 49 86 56 9 32 38
10 10 10 10 10 10 10 10 10 10 10 10 10 10 10
r102 0.72544
28 91 65 82 94 29 89 98 18 23 35 20 71 16 80
8 8 8 8 8 8 8 8 8 8 8 8 8 8 8
r103 0.550215
24 40 70 92 84 57 45 88 84 75 90 82 92 15 74
57 57 57 57 57 57 57 57 57 57 57 57 57 57 57
r104 0.770565
78 76 63 88 95 93 9 63 9 84 66 42 70 82 74
40 40 40 40 40 40 40 40 40 40 40 40 40 40 40
r105 0.55696
89 16 43 74 83 30 56 75 38 27 32 28 87 7 99
51 51 51 51 51 51 51 51 51 51 51 51 51 51 51
r106 0.633369
44 94 54 46 75 17 80 45 94 54 78 65 9 67 73
44 44 44 44 44 44 44 44 44 44 44 44 44 44 44
r107 0.820889
66 87 31 99 14 55 24 94 57 21 45 45 9 81 39
59 59 59 59 59 59 59 59 59 59 59 59 59 59 59
r108 0.617702
68 99 52 60 50 27 22 54 90 91 90 25 44 57 12
68 68 68 68 68 68 68 68 68 68 68 68 68 68 68
r109 0.803627
20 70 10 70 86 50 15 90 28 46 46 48 53 12 44
6 6 6 6 6 6 6 6 6 6 6 6 6 6 6
r110 0.604931
28 84 41 15 72 29 33 14 78 37 77 31 51 89 96
56 56 56 56 56 56 56 56 56 56 56 56 56 56 56
r111 0.927601
98 66 67 24 13 10 64 58 17 8 59 79 93 80 64
32 32 32 32 32 32 32 32 32 32 32 32 32 32 32
r112 0.687873
56 20 42 34 53 19 57 96 6 51 50 57 27 45 24
89 89 89 89 89 89 89 89 89 89 89 89 89 89 89
r113 0.676793
95 28 82 9 32 39 84 22 16 45 46 98 73 97 16
16 16 16 16 16 16 16 16 16 16 16 16 16 16 16
r114 0.911253
27 78 57 28 29 7 81 51 48 97 38 12 23 30 33
5 5 5 5 5 5 5 5 5 5 5 5 5 5 5
r115 0.718197
36 18 74 44 55 21 43 29 15 51 40 36 15 59 14
67 67 67 67 67 67 67 67 67 67 67 67 67 67 67
r116 0.585721
67 58 78 15 55 13 19 70 38 47 67 68 99 99 78
74 74 74 74 74 74 74 74 74 74 74 74 74 74 74
r117 0.885883
87 78 55 94 29 87 30 36 43 36 96 23 63 63 76
42 42 42 42 42 42 42 42 42 42 42 42 42 42 42
r118 0.8074
47 81 93 81 29 61 46 25 60 21 91 95 47 78 71
94 94 94 94 94 94 94 94 94 94 94 94 94 94 94
r119 0.595378
81 95 29 25 29 22 40 87 77 17 26 47 40 66 25
34 34 34 34 34 34 34 34 34 34 34 34 34 34 34
r120 0.863713
90 85 67 47 6 58 39 46 34 10 40 99 98 19 91
24 24 24 24 24 24 24 24 24 24 24 24 24 24 24
r121 0.935331
38 68 5 15 80 23 54 18 84 74 47 28 21 34 10
83 83 83 83 83 83 83 83 83 83 83 83 83 83 83
r122 0.828286
41 9 50 70 15 82 66 10 93 58 26 26 70 59 90
67 67 67 67 67 67 67 67 67 67 67 67 67 67 67
r123 0.796709
83 23 80 64 89 24 85 10 53 90 88 23 94 27 28
41 41 41 41 41 41 41 41 41 41 41 41 41 41 41
r124 0.618462
24 56 37 14 11 58 36 76 17 23 41 78 85 21 96
66 66 66 66 66 66 66 66 66 66 66 66 66 66 66
r125 0.807669
85 65 88 36 53 73 51 47 95 74 84 85 6 5 38
38 38 38 38 38 38 38 38 38 38 38 38 38 38 38
r126 0.673645
91 42 17 5 60 50 78 46 66 71 12 47 54 89 9
42 42 42 42 42 42 42 42 42 42 42 42 42 42 42
r127 0.526172
12 69 97 8 40 81 85 42 81 20 75 90 59 64 33
68 68 68 68 68 68 68 68 68 68 68 68 68 68 68
r128 0.813966
19 43 31 80 14 35 24 63 22 26 97 39 78 10 8
75 75 75 75 75 75 75 75 75 75 75 75 75 75 75
r129 0.924193
53 87 78 34 7 50 22 58 14 47 23 71 32 37 11
56 56 56 56 56 56 56 56 56 56 56 56 56 56 56
r130 0.815512
86 31 76 5 52 70 40 31 72 43 98 74 79 52 58
57 57 57 57 57 57 57 57 57 57 57 57 57 57 57
r131 0.694786
8 95 15 14 39 31 80 67 60 86 20 70 99 98 94
72 72 72 72 72 72 72 72 72 72 72 72 72 72 72
r132 0.572061
42 39 69 12 74 68 81 54 17 40 8 90 92 11 83
5 5 5 5 5 5 5 5 5 5 5 5 5 5 5
r133 0.534413
28 93 81 83 77 96 51 76 95 45 48 91 86 82 30
56 56 56 56 56 56 56 56 56 56 56 56 56 56 56
r134 0.538812
21 68 50 30 5 54 20 89 57 95 86 70 15 14 64
88 88 88 88 88 88 88 88 88 88 88 88 88 88 88
r135 0.818435
82 38 14 74 78 54 65 61 33 87 14 20 86 27 80
34 34 34 34 34 34 34 34 34 34 34 34 34 34 34
r136 0.831801
83 65 66 40 57 50 8 67 56 64 53 43 97 35 76
8 8 8 8 8 8 8 8 8 8 8 8 8 8 8
r137 0.518796
54 66 10 82 53 16 94 36 39 74 65 83 48 45 48
12 12 12 12 12 12 12 12 12 12 12 12 12 12 12
r138 0.998989
57 81 62 10 45 15 49 42 42 25 42 43 69 91 9
74 74 74 74 74 74 74 74 74 74 74 74 74 74 74
r139 0.960773
85 65 86 21 36 48 5 80 89 45 87 67 43 44 48
6 6 6 6 6 6 6 6 6 6 6 6 6 6 6
r140 0.507856
16 90 27 51 13 64 89 77 55 94 51 25 45 33 85
31 31 31 31 31 31 31 31 31 31 31 31 31 31 31
r141 0.650222
75 50 94 64 90 81 28 31 22 71 32 63 56 40 54
78 78 78 78 78 78 78 78 78 78 78 78 78 78 78
r142 0.928148
42 73 36 89 67 82 14 12 12 92 36 57 11 8 7
5 5 5 5 5 5 5 5 5 5 5 5 5 5 5
r143 0.566642
78 87 18 95 58 42 58 14 77 9 84 61 66 26 34
94 94 94 94 94 94 94 94 94 94 94 94 94 94 94
r144 0.684335
76 18 97 84 10 30 38 13 33 38 10 92 25 83 79
38 38 38 38 38 38 38 38 38 38 38 38 38 38 38
r145 0.850203
75 34 40 49 38 24 7 97 42 33 91 49 23 65 63
21 21 21 21 21 21 21 21 21 21 21 21 21 21 21
r146 0.676692
43 79 71 72 17 76 61 34 57 38 67 35 67 39 61
5 5 5 5 5 5 5 5 5 5 5 5 5 5 5
r147 0.806564
24 86 89 62 17 80 8 35 42 63 51 83 26 87 60
89 89 89 89 89 89 89 89 89 89 89 89 89 89 89
r148 0.934691
65 17 7 22 50 66 50 15 6 11 12 82 98 31 65
87 87 87 87 87 87 87 87 87 87 87 87 87 87 87
r149 0.807313
65 86 13 7 49 56 86 67 43 46 56 94 15 19 12
14 14 14 14 14 14 14 14 14 14 14 14 14 14 14
r150 0.619412
76 78 61 74 82 68 56 77 92 21 65 77 94 30 60
7 7 7 7 7 7 7 7 7 7 7 7 7 7 7
r151 0.505374
55 15 69 94 53 26 85 64 37 89 70 65 44 46 41
97 97 97 97 97 97 97 97 97 97 97 97 97 97 97
r152 0.517767
66 68 92 58 85 54 32 76 79 88 75 9 90 30 16
56 56 56 56 56 56 56 56 56 56 56 56 56 56 56
r153 0.658705
77 7 26 11 91 91 72 32 35 10 30 47 25 88 16
17 17 17 17 17 17 17 17 17 17 17 17 17 17 17
r154 0.685407
64 70 69 40 55 44 41 42 69 53 94 83 15 68 85
36 36 36 36 36 36 36 36 36 36 36 36 36 36 36
r155 0.76973
24 44 98 54 49 28 94 66 13 7 75 51 95 39 18
64 64 64 64 64 64 64 64 64 64 64 64 64 64 64
r156 0.637144
5 16 8 69 61 94 52 71 63 34 99 38 5 21 74
98 98 98 98 98 98 98 98 98 98 98 98 98 98 98
r157 0.528138
23 61 84 31 63 59 74 55 91 84 19 66 47 16 77
48 48 48 48 48 48 48 48 48 48 48 48 48 48 48
r158 0.526287
42 27 7 5 57 7 35 57 23 9 52 85 24 70 44
5 5 5 5 5 5 5 5 5 5 5 5 5 5 5
r159 0.890093
57 64 55 48 45 66 14 88 78 83 36 56 19 73 78
22 22 22 22 22 22 22 22 22 22 22 22 22 22 22
r160 0.540036
21 6 81 36 8 33 18 27 95 54 28 85 54 77 49
9 9 9 9 9 9 9 9 9 9 9 9 9 9 9
r161 0.827811
70 31 75 45 11 8 96 26 76 72 40 47 99 53 46
81 81 81 81 81 81 81 81 81 81 81 81 81 81 81
r162 0.569627
11 94 71 7 49 91 87 95 68 34 99 85 21 66 13
88 88 88 88 88 88 88 88 88 88 88 88 88 88 88
r163 0.55433
91 5 38 64 69 73 12 69 23 50 50 99 94 53 90
62 62 62 62 62 62 62 62 62 62 62 62 62 62 62
r164 0.872087
54 40 31 19 66 27 97 82 86 10 67 90 25 58 87
58 58 58 58 58 58 58 58 58 58 58 58 58 58 58
r165 0.808191
28 26 26 46 71 68 42 65 21 33 25 69 64 74 6
88 88 88 88 88 88 88 88 88 88 88 88 88 88 88
r166 0.746974
15 82 46 93 88 13 83 10 63 71 61 80 25 84 99
46 46 46 46 46 46 46 46 46 46 46 46 46 46 46
r167 0.664328
11 65 33 24 93 53 85 55 24 86 43 9 53 50 84
94 94 94 94 94 94 94 94 94 94 94 94 94 94 94
r168 0.799379
99 24 74 62 90 35 40 15 17 39 53 40 9 56 97
34 34 34 34 34 34 34 34 34 34 34 34 34 34 34
r169 0.893514
82 61 43 6 45 78 8 93 25 87 85 64 53 81 84
27 27 27 27 27 27 27 27 27 27 27 27 27 27 27
r170 0.75425
55 79 79 67 18 29 99 19 81 96 49 54 84 28 12
24 24 24 24 24 24 24 24 24 24 24 24 24 24 24
r171 0.923664
97 30 43 23 14 28 79 62 6 60 81 45 32 33 21
8 8 8 8 8 8 8 8 8 8 8 8 8 8 8
r172 0.904446
32 91 46 10 88 90 59 69 18 67 89 40 16 83 65
54 54 54 54 54 54 54 54 54 54 54 54 54 54 54
r173 0.881068
74 78 33 76 38 12 21 65 40 38 68 33 64 93 24
10 10 10 10 10 10 10 10 10 10 10 10 10 10 10
r174 0.705627
92 58 74 8 22 63 43 33 46 6 80 45 72 54 23
98 98 98 98 98 98 98 98 98 98 98 98 98 98 98
r175 0.822627
7 44 19 42 74 79 70 35 72 87 41 68 91 30 23
65 65 65 65 65 65 65 65 65 65 65 65 65 65 65
r176 0.788594
25 69 65 67 70 45 9 39 95 27 34 22 75 33 61
86 86 86 86 86 86 86 86 86 86 86 86 86 86 86
r177 0.884983
66 38 63 35 25 96 98 14 26 21 74 52 53 95 21
19 19 19 19 19 19 19 19 19 19 19 19 19 19 19
r178 0.8093
56 63 19 51 82 46 66 54 74 24 41 42 52 99 76
12 12 12 12 12 12 12 12 12 12 12 12 12 12 12
r179 0.723983
8 30 7 26 46 74 73 95 66 89 11 25 69 62 80
84 84 84 84 84 84 84 84 84 84 84 84 84 84 84
r180 0.904234
27 69 13 96 88 46 39 37 45 12 44 75 97 47 5
5 5 5 5 5 5 5 5 5 5 5 5 5 5 5
r181 0.928398
71 39 35 37 26 38 57 90 93 34 71 99 85 93 65
93 93 93 93 93 93 93 93 93 93 93 93 93 93 93
r182 0.768864
37 23 83 77 27 27 49 24 67 46 21 33 82 87 67
14 14 14 14 14 14 14 14 14 14 14 14 14 14 14
r183 0.989572
48 73 76 41 99 47 37 84 38 97 75 22 47 12 40
30 30 30 30 30 30 30 30 30 30 30 30 30 30 30
r184 0.886763
53 28 78 17 66 95 45 48 79 12 58 96 93 98 66
69 69 69 69 69 69 69 69 69 69 69 69 69 69 69
r185 0.938555
13 68 47 46 65 22 63 9 26 95 35 5 54 80 25
33 33 33 33 33 33 33 33 33 33 33 33 33 33 33
r186 0.97349
28 34 32 7 41 82 98 34 80 65 95 16 28 9 79
70 70 70 70 70 70 70 70 70 70 70 70 70 70 70
r187 0.865374
85 11 42 8 6 69 8 53 49 28 81 38 12 9 67
39 39 39 39 39 39 39 39 39 39 39 39 39 39 39
r188 0.711503
21 99 32 93 64 28 6 84 32 77 54 74 15 36 77
52 52 52 52 52 52 52 52 52 52 52 52 52 52 52
r189 0.650176
22 43 29 63 64 10 94 71 14 58 7 14 59 20 13
84 84 84 84 84 84 84 84 84 84 84 84 84 84 84
r190 0.902663
9 11 53 36 83 5 7 93 36 80 42 68 56 59 12
80 80 80 80 80 80 80 80 80 80 80 80 80 80 80
r191 0.937758
85 17 39 91 67 38 5 27 53 11 8 58 75 12 64
26 26 26 26 26 26 26 26 26 26 26 26 26 26 26
r192 0.576324
23 42 37 54 22 74 23 73 34 27 50 49 87 35 58
23 23 23 23 23 23 23 23 23 23 23 23 23 23 23
r193 0.580543
56 21 44 9 27 44 62 94 51 26 17 86 65 35 29
97 97 97 97 97 97 97 97 97 97 97 97 97 97 97
r194 0.970434
71 5 14 97 24 59 43 11 87 93 29 10 16 80 26
52 52 52 52 52 52 52 52 52 52 52 52 52 52 52
r195 0.603595
92 43 40 43 61 52 27 26 83 51 20 65 86 83 62
92 92 92 92 92 92 92 92 92 92 92 92 92 92 92
r196 0.616161
52 21 84 36 12 10 41 23 85 60 70 63 5 62 6
40 40 40 40 40 40 40 40 40 40 40 40 40 40 40
r197 0.57405
85 25 80 65 68 92 27 54 75 84 47 53 62 91 67
46 46 46 46 46 46 46 46 46 46 46 46 46 46 46
r198 0.84319
48 60 89 33 20 56 88 21 16 89 53 14 48 35 34
25 25 25 25 25 25 25 25 25 25 25 25 25 25 25
r199 0.813891
14 22 48 84 98 87 35 60 78 94 98 97 65 46 58
54 54 54 54 54 54 54 54 54 54 54 54 54 54 54
r200 0.863391
7 59 86 18 45 37 27 85 67 56 7 60 50 16 74
94 94 94 94 94 94 94 94 94 94 94 94 94 94 94
