200 15 0 1 10
0 0.25
37462 41682 44390 34292 35791 35057 35115 36521 31157 33574 36491 41947 37951 39231 40021
w1 0.5
2240 1554 3530 1598 2825 2581 3016 3016 3502 1731 3639 3296 3904 1838 2080
w2 0.5
1521 4470 4362 4312 3879 3477 2185 2036 4404 2676 1983 3707 3259 3357 3244
w3 0.5
3411 2627 4450 1736 4060 3318 3605 3063 3549 2744 2211 3305 3434 2791 1875
w4 0.5
3114 2089 3268 2493 4418 4305 3382 4322 2482 4217 3530 1593 3074 2626 4093
w5 0.5
3753 4043 2574 3314 3213 1679 1877 2262 3275 2588 4419 2210 4232 1794 1517
w6 0.5
2735 3637 4191 2653 3443 3073 2828 4425 2791 2210 1518 1717 3336 4463 2555
w7 0.5
4358 3630 4404 3071 4161 2133 4185 3289 3573 4104 4351 3305 1750 4368 2003
w8 0.5
3506 1695 4139 2449 3620 2467 2726 2263 3177 3096 2481 2365 3060 3536 3455
w9 0.5
3018 3711 1842 3032 1696 1879 1821 3770 4484 1672 2927 1734 1540 3783 3572
w10 0.5
4330 3563 1847 3450 1530 3073 4214 3559 2022 2547 4424 3582 1935 3732 2704
r1 0.855677
63 31 30 38 29 82 22 18 91 88 18 49 92 62 29
95 95 95 95 95 95 95 95 95 95 95 95 95 95 95
r2 0.637448
15 97 11 76 54 58 76 63 98 98 87 59 53 51 82
75 75 75 75 75 75 75 75 75 75 75 75 75 75 75
r3 0.800246
54 98 21 46 83 35 87 76 89 14 71 20 11 79 14
14 14 14 14 14 14 14 14 14 14 14 14 14 14 14
r4 0.69965
64 28 26 59 23 14 16 72 57 93 47 41 97 97 36
15 15 15 15 15 15 15 15 15 15 15 15 15 15 15
r5 0.763537
45 24 90 31 33 62 44 36 41 53 45 88 17 6 17
35 35 35 35 35 35 35 35 35 35 35 35 35 35 35
r6 0.90398
44 72 7 96 62 47 34 56 41 65 67 73 80 9 92
67 67 67 67 67 67 67 67 67 67 67 67 67 67 67
r7 0.597949
29 72 54 62 22 92 51 31 93 60 62 51 90 6 20
90 90 90 90 90 90 90 90 90 90 90 90 90 90 90
r8 0.889231
34 26 31 70 87 90 43 64 95 35 31 25 53 53 92
8 8 8 8 8 8 8 8 8 8 8 8 8 8 8
r9 0.642145
95 55 38 85 15 95 37 98 93 52 88 85 27 22 12
51 51 51 51 51 51 51 51 51 51 51 51 51 51 51
r10 0.697119
41 24 55 33 54 78 53 5 28 42 5 36 49 92 86
82 82 82 82 82 82 82 82 82 82 82 82 82 82 82
r11 0.742933
77 11 92 67 56 80 53 78 94 60 26 75 51 63 94
98 98 98 98 98 98 98 98 98 98 98 98 98 98 98
r12 0.603628
73 42 45 97 79 45 30 25 37 13 7 12 7 76 18
94 94 94 94 94 94 94 94 94 94 94 94 94 94 94
r13 0.858546
71 89 45 62 49 66 37 92 26 31 87 15 72 57 49
17 17 17 17 17 17 17 17 17 17 17 17 17 17 17
r14 0.939506
55 76 46 84 85 48 91 87 22 7 79 58 71 50 47
16 16 16 16 16 16 16 16 16 16 16 16 16 16 16
r15 0.579662
75 42 80 96 69 67 11 38 21 52 50 71 73 97 44
19 19 19 19 19 19 19 19 19 19 19 19 19 19 19
r16 0.889195
59 70 14 76 72 88 34 41 35 76 49 40 64 24 75
44 44 44 44 44 44 44 44 44 44 44 44 44 44 44
r17 0.958425
8 24 74 25 72 21 88 45 19 29 56 93 54 15 63
60 60 60 60 60 60 60 60 60 60 60 60 60 60 60
r18 0.860911
48 18 69 75 90 18 13 51 35 83 88 51 21 88 67
90 90 90 90 90 90 90 90 90 90 90 90 90 90 90
r19 0.593014
11 90 73 25 20 29 15 69 37 74 29 24 99 69 34
68 68 68 68 68 68 68 68 68 68 68 68 68 68 68
r20 0.611489
78 49 68 13 29 56 56 45 41 21 32 47 52 39 37
23 23 23 23 23 23 23 23 23 23 23 23 23 23 23
r21 0.758695
44 67 18 76 38 42 92 37 8 27 97 45 43 72 86
8 8 8 8 8 8 8 8 8 8 8 8 8 8 8
r22 0.818953
56 34 50 93 50 78 40 95 14 69 18 65 22 54 29
35 35 35 35 35 35 35 35 35 35 35 35 35 35 35
r23 0.948528
70 20 91 73 39 85 18 78 58 97 78 36 10 35 65
55 55 55 55 55 55 55 55 55 55 55 55 55 55 55
r24 0.937966
33 60 11 42 29 21 5 43 70 29 74 93 84 41 14
72 72 72 72 72 72 72 72 72 72 72 72 72 72 72
r25 0.78824
58 25 23 13 22 94 44 24 29 6 74 49 17 5 6
20 20 20 20 20 20 20 20 20 20 20 20 20 20 20
r26 0.88795
36 36 66 99 58 37 92 42 73 98 14 82 44 64 99
59 59 59 59 59 59 59 59 59 59 59 59 59 59 59
r27 0.577071
53 13 37 74 15 9 23 24 9 24 40 40 47 68 69
10 10 10 10 10 10 10 10 10 10 10 10 10 10 10
r28 0.653882
42 57 64 15 55 70 89 91 32 89 48 96 7 96 7
40 40 40 40 40 40 40 40 40 40 40 40 40 40 40
r29 0.623238
41 83 33 42 5 65 77 47 34 46 49 96 68 86 53
29 29 29 29 29 29 29 29 29 29 29 29 29 29 29
r30 0.94521
92 82 92 24 71 40 20 71 34 19 8 97 28 44 77
57 57 57 57 57 57 57 57 57 57 57 57 57 57 57
r31 0.784038
19 55 21 48 94 65 45 62 51 90 84 44 91 76 27
81 81 81 81 81 81 81 81 81 81 81 81 81 81 81
r32 0.870225
18 12 61 44 27 61 38 47 5 16 99 78 88 16 34
10 10 10 10 10 10 10 10 10 10 10 10 10 10 10
r33 0.680457
70 96 82 19 87 63 58 75 39 77 53 31 68 67 39
26 26 26 26 26 26 26 26 26 26 26 26 26 26 26
r34 0.763413
83 45 5 80 56 97 56 44 13 85 46 67 10 17 61
84 84 84 84 84 84 84 84 84 84 84 84 84 84 84
r35 0.88733
48 81 20 82 56 69 14 24 36 45 42 39 98 22 79
95 95 95 95 95 95 95 95 95 95 95 95 95 95 95
r36 0.712387
92 51 69 5 33 15 65 38 27 26 22 50 66 65 29
81 81 81 81 81 81 81 81 81 81 81 81 81 81 81
r37 0.987249
47 54 96 75 94 38 15 89 53 86 84 48 16 74 91
80 80 80 80 80 80 80 80 80 80 80 80 80 80 80
r38 0.986573
90 36 57 15 54 71 57 17 34 81 91 74 61 38 28
57 57 57 57 57 57 57 57 57 57 57 57 57 57 57
r39 0.801706
88 21 8 38 7 84 78 18 58 69 90 30 88 81 58
42 42 42 42 42 42 42 42 42 42 42 42 42 42 42
r40 0.614992
10 45 25 39 27 16 13 80 47 33 38 56 47 23 72
47 47 47 47 47 47 47 47 47 47 47 47 47 47 47
r41 0.632909
32 34 82 85 98 72 12 83 50 66 22 38 74 24 76
91 91 91 91 91 91 91 91 91 91 91 91 91 91 91
r42 0.909687
5 64 78 47 93 13 95 40 31 64 80 82 35 12 13
14 14 14 14 14 14 14 14 14 14 14 14 14 14 14
r43 0.886353
79 94 86 29 60 5 60 31 25 36 22 76 34 19 37
9 9 9 9 9 9 9 9 9 9 9 9 9 9 9
r44 0.879886
15 53 63 41 17 43 21 45 47 26 54 33 30 33 27
16 16 16 16 16 16 16 16 16 16 16 16 16 16 16
r45 0.730323
14 15 10 31 43 25 99 69 39 36 73 93 62 83 46
22 22 22 22 22 22 22 22 22 22 22 22 22 22 22
r46 0.872028
57 35 99 99 56 50 29 81 79 52 90 31 31 96 38
37 37 37 37 37 37 37 37 37 37 37 37 37 37 37
r47 0.840085
57 26 45 88 54 15 81 13 94 28 30 13 82 82 40
81 81 81 81 81 81 81 81 81 81 81 81 81 81 81
r48 0.976035
31 5 70 7 49 57 30 75 53 63 9 75 39 58 93
79 79 79 79 79 79 79 79 79 79 79 79 79 79 79
r49 0.789983
90 28 53 81 51 78 86 30 58 26 8 33 14 32 30
79 79 79 79 79 79 79 79 79 79 79 79 79 79 79
r50 0.992464
36 57 47 81 20 51 53 52 7 46 28 49 86 15 69
36 36 36 36 36 36 36 36 36 36 36 36 36 36 36
r51 0.988399
11 74 43 64 92 47 90 7 74 20 78 5 87 12 54
34 34 34 34 34 34 34 34 34 34 34 34 34 34 34
r52 0.714154
77 42 19 79 80 42 25 63 53 90 94 41 5 6 13
40 40 40 40 40 40 40 40 40 40 40 40 40 40 40
r53 0.731033
82 49 7 53 65 81 51 52 85 97 78 73 64 55 12
78 78 78 78 78 78 78 78 78 78 78 78 78 78 78
r54 0.733765
21 55 48 66 42 43 7 42 41 15 78 98 13 57 48
15 15 15 15 15 15 15 15 15 15 15 15 15 15 15
r55 0.871451
88 51 54 73 48 32 44 13 82 51 83 14 36 99 62
80 80 80 80 80 80 80 80 80 80 80 80 80 80 80
r56 0.592682
20 62 39 56 69 14 51 77 63 91 88 66 93 73 14
47 47 47 47 47 47 47 47 47 47 47 47 47 47 47
r57 0.813609
71 80 60 51 28 43 60 60 40 22 37 97 19 52 59
53 53 53 53 53 53 53 53 53 53 53 53 53 53 53
r58 0.799786
62 48 6 25 40 86 84 33 57 90 73 96 45 44 73
5 5 5 5 5 5 5 5 5 5 5 5 5 5 5
r59 0.598045
44 48 53 76 62 85 73 76 34 33 26 31 54 83 75
55 55 55 55 55 55 55 55 55 55 55 55 55 55 55
r60 0.878132
39 82 40 91 72 13 84 15 50 57 12 37 53 51 77
7 7 7 7 7 7 7 7 7 7 7 7 7 7 7
r61 0.501729
84 93 13 19 23 35 45 72 15 17 24 13 27 58 90
60 60 60 60 60 60 60 60 60 60 60 60 60 60 60
r62 0.554304
68 30 70 15 79 77 45 33 26 19 32 45 51 13 35
60 60 60 60 60 60 60 60 60 60 60 60 60 60 60
r63 0.619437
87 62 25 97 74 45 8 94 95 93 54 42 50 19 67
17 17 17 17 17 17 17 17 17 17 17 17 17 17 17
r64 0.947355
90 67 72 13 81 96 50 30 9 81 82 26 34 69 83
52 52 52 52 52 52 52 52 52 52 52 52 52 52 52
r65 0.967648
92 63 51 87 57 5 29 99 20 89 17 42 33 99 6
5 5 5 5 5 5 5 5 5 5 5 5 5 5 5
r66 0.82845
93 54 9 94 35 86 20 62 52 98 14 13 56 6 71
99 99 99 99 99 99 99 99 99 99 99 99 99 99 99
r67 0.700641
5 12 25 17 96 34 51 29 33 52 26 40 31 16 89
33 33 33 33 33 33 33 33 33 33 33 33 33 33 33
r68 0.586686
16 26 79 61 24 88 66 72 86 34 72 71 55 69 75
72 72 72 72 72 72 72 72 72 72 72 72 72 72 72
r69 0.790841
98 32 92 31 76 15 63 7 26 49 32 32 66 44 50
42 42 42 42 42 42 42 42 42 42 42 42 42 42 42
r70 0.775841
30 66 42 13 95 11 80 47 75 52 16 56 24 14 80
13 13 13 13 13 13 13 13 13 13 13 13 13 13 13
r71 0.909894
21 95 55 42 45 83 66 11 24 16 49 24 78 71 82
17 17 17 17 17 17 17 17 17 17 17 17 17 17 17
r72 0.797444
23 57 22 93 9 30 46 25 40 26 34 72 74 47 68
29 29 29 29 29 29 29 29 29 29 29 29 29 29 29
r73 0.961329
9 48 16 28 56 60 44 34 29 26 46 9 96 64 58
15 15 15 15 15 15 15 15 15 15 15 15 15 15 15
r74 0.650137
40 95 80 75 21 11 45 87 53 13 14 34 18 18 74
29 29 29 29 29 29 29 29 29 29 29 29 29 29 29
r75 0.792061
82 75 57 11 97 99 12 90 60 65 5 12 24 37 7
96 96 96 96 96 96 96 96 96 96 96 96 96 96 96
r76 0.940367
7 50 8 52 58 17 79 71 28 53 95 59 79 77 34
37 37 37 37 37 37 37 37 37 37 37 37 37 37 37
r77 0.593475
33 87 18 85 49 15 92 66 48 92 62 53 13 62 98
13 13 13 13 13 13 13 13 13 13 13 13 13 13 13
r78 0.580566
26 85 24 46 39 16 5 15 89 34 44 66 58 72 54
71 71 71 71 71 71 71 71 71 71 71 71 71 71 71
r79 0.658473
79 47 64 27 36 24 75 44 78 73 53 84 26 71 70
45 45 45 45 45 45 45 45 45 45 45 45 45 45 45
r80 0.576031
56 14 16 42 40 56 9 93 25 55 62 75 53 38 20
15 15 15 15 15 15 15 15 15 15 15 15 15 15 15
r81 0.728526
31 32 88 9 5 38 85 23 6 55 63 15 56 16 24
65 65 65 65 65 65 65 65 65 65 65 65 65 65 65
r82 0.632396
18 55 47 38 10 6 11 55 39 26 62 94 69 85 26
54 54 54 54 54 54 54 54 54 54 54 54 54 54 54
r83 0.890141
87 75 41 88 27 96 95 76 9 16 38 55 68 51 7
15 15 15 15 15 15 15 15 15 15 15 15 15 15 15
r84 0.818453
16 90 60 50 13 19 41 75 5 59 29 86 77 14 58
15 15 15 15 15 15 15 15 15 15 15 15 15 15 15
r85 0.814095
11 90 54 15 98 87 63 66 38 65 73 19 70 81 7
27 27 27 27 27 27 27 27 27 27 27 27 27 27 27
r86 0.66148
38 64 82 38 23 9 22 92 15 75 7 9 53 10 91
7 7 7 7 7 7 7 7 7 7 7 7 7 7 7
r87 0.925893
86 76 53 24 41 27 36 8 5 38 27 29 45 61 85
28 28 28 28 28 28 28 28 28 28 28 28 28 28 28
r88 0.689483
32 13 93 42 81 93 43 34 98 35 34 16 22 17 87
67 67 67 67 67 67 67 67 67 67 67 67 67 67 67
r89 0.516368
89 65 29 87 98 52 16 43 10 93 66 96 94 90 7
85 85 85 85 85 85 85 85 85 85 85 85 85 85 85
r90 0.618036
78 68 14 73 95 40 85 14 53 69 76 82 90 63 47
20 20 20 20 20 20 20 20 20 20 20 20 20 20 20
r91 0.736672
64 58 80 69 51 47 62 46 34 64 28 59 44 98 24
54 54 54 54 54 54 54 54 54 54 54 54 54 54 54
r92 0.857046
86 53 25 39 23 96 18 13 59 60 25 6 97 81 59
78 78 78 78 78 78 78 78 78 78 78 78 78 78 78
r93 0.517884
22 10 49 48 69 69 7 14 67 23 60 35 34 46 84
54 54 54 54 54 54 54 54 54 54 54 54 54 54 54
r94 0.986097
48 91 9 7 52 27 6 46 8 60 21 51 63 35 56
9 9 9 9 9 9 9 9 9 9 9 9 9 9 9
r95 0.879245
70 78 28 37 97 83 65 28 27 49 78 5 45 26 91
49 49 49 49 49 49 49 49 49 49 49 49 49 49 49
r96 0.719586
68 26 82 72 79 95 20 39 31 68 41 7 85 11 80
11 11 11 11 11 11 11 11 11 11 11 11 11 11 11
r97 0.997649
89 6 98 16 50 73 16 87 94 8 33 16 43 97 35
22 22 22 22 22 22 22 22 22 22 22 22 22 22 22
r98 0.955134
18 81 45 41 49 81 43 31 88 20 37 29 87 24 30
82 82 82 82 82 82 82 82 82 82 82 82 82 82 82
r99 0.601155
55 41 56 46 44 84 54 79 81 84 94 47 90 12 28
36 36 36 36 36 36 36 36 36 36 36 36 36 36 36
r100 0.947199
17 83 96 97 98 30 23 85 49 45 64 77 14 19 15
65 65 65 65 65 65 65 65 65 65 65 65 65 65 65
r101 0.830263
50 12 30 31 88 21 74 79 28 94 15 68 64 24 48
57 57 57 57 57 57 57 57 57 57 57 57 57 57 57
r102 0.566819
82 37 29 29 78 89 98 84 5 13 50 55 59 95 59
81 81 81 81 81 81 81 81 81 81 81 81 81 81 81
r103 0.514378
98 92 26 23 84 33 84 48 53 32 5 67 71 79 96
93 93 93 93 93 93 93 93 93 93 93 93 93 93 93
r104 0.513642
79 98 56 76 11 6 31 62 93 82 44 16 30 39 9
48 48 48 48 48 48 48 48 48 48 48 48 48 48 48
r105 0.932008
77 38 33 27 66 30 89 34 6 82 27 7 54 6 5
7 7 7 7 7 7 7 7 7 7 7 7 7 7 7
r106 0.845458
8 6 63 96 84 7 12 11 38 13 54 88 93 31 26
23 23 23 23 23 23 23 23 23 23 23 23 23 23 23
r107 0.511085
48 39 19 47 19 41 49 65 40 49 67 15 50 67 16
14 14 14 14 14 14 14 14 14 14 14 14 14 14 14
r108 0.953655
13 67 98 47 73 53 35 63 76 56 79 27 41 24 58
52 52 52 52 52 52 52 52 52 52 52 52 52 52 52
r109 0.575512
88 15 37 25 57 96 35 7 63 47 16 23 39 22 86
38 38 38 38 38 38 38 38 38 38 38 38 38 38 38
r110 0.706153
83 94 16 59 47 90 81 80 15 37 32 76 6 18 87
39 39 39 39 39 39 39 39 39 39 39 39 39 39 39
r111 0.83783
35 69 43 91 13 52 14 44 69 92 74 33 48 57 24
60 60 60 60 60 60 60 60 60 60 60 60 60 60 60
r112 0.592661
47 87 44 57 24 71 31 26 81 18 57 20 54 84 81
89 89 89 89 89 89 89 89 89 89 89 89 89 89 89
r113 0.645738
41 85 27 7 77 97 32 23 51 51 75 60 12 22 48
51 51 51 51 51 51 51 51 51 51 51 51 51 51 51
r114 0.963375
19 98 85 96 13 42 13 59 27 86 48 94 69 82 79
91 91 91 91 91 91 91 91 91 91 91 91 91 91 91
r115 0.917673
88 14 72 40 57 47 92 64 64 40 15 36 5 30 34
85 85 85 85 85 85 85 85 85 85 85 85 85 85 85
r116 0.80795
25 28 96 44 14 42 38 75 24 18 66 5 67 52 14
39 39 39 39 39 39 39 39 39 39 39 39 39 39 39
r117 0.615627
78 76 31 42 17 39 71 14 61 5 94 79 40 16 7
33 33 33 33 33 33 33 33 33 33 33 33 33 33 33
r118 0.635401
70 89 83 89 99 46 87 63 93 96 97 77 60 72 51
87 87 87 87 87 87 87 87 87 87 87 87 87 87 87
r119 0.993459
26 77 69 82 75 60 58 15 72 57 43 27 62 14 13
42 42 42 42 42 42 42 42 42 42 42 42 42 42 42
r120 0.78663
83 82 70 77 76 64 51 36 36 97 23 43 57 41 20
26 26 26 26 26 26 26 26 26 26 26 26 26 26 26
r121 0.870614
79 70 97 51 24 38 73 81 44 79 23 39 86 99 19
57 57 57 57 57 57 57 57 57 57 57 57 57 57 57
r122 0.54487
21 24 23 50 19 39 88 68 75 5 87 88 88 66 58
82 82 82 82 82 82 82 82 82 82 82 82 82 82 82
r123 0.818141
20 82 56 56 61 72 88 48 71 7 97 44 89 15 60
12 12 12 12 12 12 12 12 12 12 12 12 12 12 12
r124 0.529379
46 42 40 19 43 27 7 28 88 57 7 97 29 20 79
81 81 81 81 81 81 81 81 81 81 81 81 81 81 81
r125 0.743988
50 59 78 18 58 75 57 44 82 14 52 40 81 90 77
21 21 21 21 21 21 21 21 21 21 21 21 21 21 21
r126 0.83173
40 8 37 28 58 40 25 82 55 96 60 26 31 10 78
9 9 9 9 9 9 9 9 9 9 9 9 9 9 9
r127 0.857383
76 72 73 56 82 25 91 60 15 65 73 17 78 13 17
15 15 15 15 15 15 15 15 15 15 15 15 15 15 15
r128 0.887179
50 53 50 97 46 10 21 73 13 94 74 28 27 48 96
95 95 95 95 95 95 95 95 95 95 95 95 95 95 95
r129 0.512654
17 90 32 25 55 5 34 30 13 46 41 44 14 83 89
59 59 59 59 59 59 59 59 59 59 59 59 59 59 59
r130 0.952163
61 94 97 69 88 72 93 12 20 86 5 19 61 14 6
88 88 88 88 88 88 88 88 88 88 88 88 88 88 88
r131 0.952726
88 60 79 93 7 20 37 13 95 23 67 73 50 25 67
48 48 48 48 48 48 48 48 48 48 48 48 48 48 48
r132 0.839135
17 80 57 29 66 57 43 24 66 44 9 93 92 92 53
71 71 71 71 71 71 71 71 71 71 71 71 71 71 71
r133 0.989833
83 19 60 76 34 24 46 76 45 14 21 32 58 33 12
15 15 15 15 15 15 15 15 15 15 15 15 15 15 15
r134 0.929447
67 92 89 31 33 93 21 23 82 66 86 64 19 67 75
71 71 71 71 71 71 71 71 71 71 71 71 71 71 71
r135 0.860898
88 84 77 30 90 94 54 49 24 61 59 74 28 24 66
17 17 17 17 17 17 17 17 17 17 17 17 17 17 17
r136 0.857532
7 66 15 81 29 96 45 43 60 17 12 98 18 92 80
87 87 87 87 87 87 87 87 87 87 87 87 87 87 87
r137 0.512833
81 68 16 98 29 68 72 52 87 35 61 34 27 60 92
34 34 34 34 34 34 34 34 34 34 34 34 34 34 34
r138 0.750449
28 78 57 83 90 64 82 5 53 59 87 67 26 66 35
35 35 35 35 35 35 35 35 35 35 35 35 35 35 35
r139 0.645052
98 36 5 85 66 58 19 86 18 11 20 54 27 43 29
76 76 76 76 76 76 76 76 76 76 76 76 76 76 76
r140 0.765476
37 6 16 85 60 95 49 78 61 79 13 22 32 11 53
32 32 32 32 32 32 32 32 32 32 32 32 32 32 32
r141 0.690272
85 99 98 95 7 15 46 30 54 70 98 73 78 36 74
89 89 89 89 89 89 89 89 89 89 89 89 89 89 89
r142 0.795316
82 66 9 40 42 15 58 70 21 11 94 7 20 80 6
18 18 18 18 18 18 18 18 18 18 18 18 18 18 18
r143 0.570526
29 19 31 75 81 29 48 60 60 19 46 74 45 28 40
46 46 46 46 46 46 46 46 46 46 46 46 46 46 46
r144 0.807921
56 22 44 70 25 39 72 41 16 73 51 83 74 72 94
5 5 5 5 5 5 5 5 5 5 5 5 5 5 5
r145 0.529397
27 87 36 82 6 77 56 43 6 88 85 62 63 41 76
99 99 99 99 99 99 99 99 99 99 99 99 99 99 99
r146 0.966656
38 75 34 46 46 81 27 20 50 21 18 90 92 40 74
28 28 28 28 28 28 28 28 28 28 28 28 28 28 28
r147 0.992797
98 71 16 96 56 96 58 19 35 34 16 38 27 46 14
57 57 57 57 57 57 57 57 57 57 57 57 57 57 57
r148 0.825934
35 15 67 77 28 80 67 18 20 39 38 35 12 36 98
23 23 23 23 23 23 23 23 23 23 23 23 23 23 23
r149 0.776895
17 82 66 47 16 77 77 36 23 86 85 8 38 17 15
98 98 98 98 98 98 98 98 98 98 98 98 98 98 98
r150 0.742529
78 54 52 91 88 82 23 95 19 18 18 46 64 27 26
30 30 30 30 30 30 30 30 30 30 30 30 30 30 30
r151 0.888127
99 47 65 20 30 50 23 61 62 31 59 49 65 34 98
14 14 14 14 14 14 14 14 14 14 14 14 14 14 14
r152 0.874066
91 37 78 7 50 88 46 12 16 67 34 77 96 34 21
59 59 59 59 59 59 59 59 59 59 59 59 59 59 59
r153 0.540891
9 64 5 64 90 56 10 52 82 8 58 97 83 47 31
61 61 61 61 61 61 61 61 61 61 61 61 61 61 61
r154 0.63331
46 87 81 54 51 15 32 48 41 45 7 82 84 8 44
81 81 81 81 81 81 81 81 81 81 81 81 81 81 81
r155 0.695703
37 69 76 17 69 34 11 52 73 37 10 17 11 52 99
87 87 87 87 87 87 87 87 87 87 87 87 87 87 87
r156 0.925403
98 30 91 36 71 90 19 55 90 58 37 55 84 66 21
60 60 60 60 60 60 60 60 60 60 60 60 60 60 60
r157 0.730731
87 81 35 57 19 41 69 22 85 66 10 83 14 5 14
5 5 5 5 5 5 5 5 5 5 5 5 5 5 5
r158 0.851548
87 47 32 77 5 61 29 85 25 46 42 95 32 29 74
59 59 59 59 59 59 59 59 59 59 59 59 59 59 59
r159 0.633624
95 48 7 80 14 9 64 23 9 70 20 38 47 7 80
71 71 71 71 71 71 71 71 71 71 71 71 71 71 71
r160 0.655571
33 6 63 50 47 97 42 71 24 16 31 98 96 23 43
96 96 96 96 96 96 96 96 96 96 96 96 96 96 96
r161 0.631185
5 57 68 7 27 81 40 66 83 20 37 57 93 62 59
53 53 53 53 53 53 53 53 53 53 53 53 53 53 53
r162 0.912426
48 50 67 67 58 93 62 52 13 5 48 9 50 48 61
16 16 16 16 16 16 16 16 16 16 16 16 16 16 16
r163 0.980922
92 82 46 72 95 76 30 88 38 84 39 43 79 82 85
46 46 46 46 46 46 46 46 46 46 46 46 46 46 46
r164 0.581456
36 8 87 45 8 35 46 51 76 8 62 23 80 54 98
24 24 24 24 24 24 24 24 24 24 24 24 24 24 24
r165 0.599473
95 51 78 30 32 14 65 12 91 50 50 37 83 82 37
70 70 70 70 70 70 70 70 70 70 70 70 70 70 70
r166 0.907445
98 68 87 71 68 49 86 49 95 84 68 21 77 60 68
53 53 53 53 53 53 53 53 53 53 53 53 53 53 53
r167 0.957261
62 48 99 51 90 50 80 73 29 18 44 51 51 39 16
35 35 35 35 35 35 35 35 35 35 35 35 35 35 35
r168 0.641008
76 91 23 71 76 83 87 50 43 52 98 25 45 61 68
41 41 41 41 41 41 41 41 41 41 41 41 41 41 41
r169 0.918709
83 87 29 12 97 68 58 48 7 67 78 9 41 54 96
59 59 59 59 59 59 59 59 59 59 59 59 59 59 59
r170 0.857712
42 10 19 77 57 15 94 94 71 60 36 75 16 19 59
40 40 40 40 40 40 40 40 40 40 40 40 40 40 40
r171 0.729024
6 77 5 5 41 76 10 77 30 98 36 48 67 70 53
81 81 81 81 81 81 81 81 81 81 81 81 81 81 81
r172 0.885694
91 36 97 59 91 33 31 99 44 86 36 66 40 37 41
37 37 37 37 37 37 37 37 37 37 37 37 37 37 37
r173 0.668604
13 40 55 36 35 83 76 97 51 29 75 87 28 64 23
25 25 25 25 25 25 25 25 25 25 25 25 25 25 25
r174 0.997649
50 47 7 87 30 39 53 65 68 86 94 98 64 5 35
16 16 16 16 16 16 16 16 16 16 16 16 16 16 16
r175 0.501641
91 9 59 42 30 35 27 53 94 42 71 14 49 18 53
48 48 48 48 48 48 48 48 48 48 48 48 48 48 48
r176 0.802612
82 51 40 51 37 32 46 93 32 77 9 60 39 96 64
94 94 94 94 94 94 94 94 94 94 94 94 94 94 94
r177 0.526463
26 57 39 20 95 10 26 41 21 75 84 21 50 67 64
83 83 83 83 83 83 83 83 83 83 83 83 83 83 83
r178 0.642973
15 56 87 42 30 92 94 65 88 58 56 23 44 77 76
78 78 78 78 78 78 78 78 78 78 78 78 78 78 78
r179 0.824255
81 12 9 97 79 88 15 30 52 72 10 62 66 20 16
53 53 53 53 53 53 53 53 53 53 53 53 53 53 53
r180 0.989769
45 48 98 30 6 54 49 42 28 22 17 17 82 93 22
86 86 86 86 86 86 86 86 86 86 86 86 86 86 86
r181 0.926836
71 95 23 24 67 28 78 30 40 89 78 89 28 24 37
26 26 26 26 26 26 26 26 26 26 26 26 26 26 26
r182 0.997318
73 90 72 96 9 85 11 86 75 25 69 60 21 41 52
37 37 37 37 37 37 37 37 37 37 37 37 37 37 37
r183 0.626442
57 35 41 93 22 19 82 45 35 20 63 77 50 36 64
20 20 20 20 20 20 20 20 20 20 20 20 20 20 20
r184 0.72776
5 33 52 72 53 22 32 69 58 76 98 15 87 56 42
28 28 28 28 28 28 28 28 28 28 28 28 28 28 28
r185 0.539213
40 28 93 70 40 57 44 86 85 9 98 12 70 95 40
22 22 22 22 22 22 22 22 22 22 22 22 22 22 22
r186 0.739507
39 92 55 92 68 53 99 56 6 39 79 47 90 19 71
81 81 81 81 81 81 81 81 81 81 81 81 81 81 81
r187 0.724115
38 26 86 20 27 84 28 92 79 60 15 47 49 49 36
99 99 99 99 99 99 99 99 99 99 99 99 99 99 99
r188 0.899707
49 35 55 51 66 32 93 57 43 61 38 25 65 68 44
51 51 51 51 51 51 51 51 51 51 51 51 51 51 51
r189 0.74994
36 5 59 15 61 66 54 7 15 85 6 46 85 50 74
37 37 37 37 37 37 37 37 37 37 37 37 37 37 37
r190 0.563796
61 87 89 5 45 27 22 10 87 58 54 65 22 85 65
76 76 76 76 76 76 76 76 76 76 76 76 76 76 76
r191 0.820186
39 44 25 46 29 26 88 11 69 59 41 62 94 97 46
84 84 84 84 84 84 84 84 84 84 84 84 84 84 84
r192 0.840899
8 14 89 88 64 43 53 81 25 15 54 15 34 88 54
54 54 54 54 54 54 54 54 54 54 54 54 54 54 54
r193 0.622792
73 20 82 39 74 23 93 68 17 40 49 9 24 53 18
13 13 13 13 13 13 13 13 13 13 13 13 13 13 13
r194 0.643208
49 86 56 69 93 10 79 27 94 33 74 29 9 47 44
86 86 86 86 86 86 86 86 86 86 86 86 86 86 86
r195 0.628894
6 71 78 18 8 25 22 27 70 32 33 8 7 77 86
58 58 58 58 58 58 58 58 58 58 58 58 58 58 58
r196 0.589035
60 23 7 54 48 73 75 49 17 16 32 90 26 33 61
97 97 97 97 97 97 97 97 97 97 97 97 97 97 97
r197 0.942862
22 58 84 87 83 17 90 85 89 76 40 30 52 95 48
51 51 51 51 51 51 51 51 51 51 51 51 51 51 51
r198 0.551153
24 22 35 36 34 62 23 52 88 77 49 29 39 66 79
23 23 23 23 23 23 23 23 23 23 23 23 23 23 23
r199 0.66089
33 40 44 19 13 79 44 58 72 84 9 19 73 29 33
8 8 8 8 8 8 8 8 8 8 8 8 8 8 8
r200 0.891299
62 73 12 50 50 53 71 84 17 51 99 62 13 32 95
50 50 50 50 50 50 50 50 50 50 50 50 50 50 50
