200 15 7 1 5
0 0.25
37705 37705 37705 37705 37705 37705 37705 37705 37705 37705 37705 37705 37705 37705 37705
w1 0.5
2294 2294 2294 2294 2294 2294 2294 2294 2294 2294 2294 2294 2294 2294 2294
w2 0.5
1754 1754 1754 1754 1754 1754 1754 1754 1754 1754 1754 1754 1754 1754 1754
w3 0.5
3627 3627 3627 3627 3627 3627 3627 3627 3627 3627 3627 3627 3627 3627 3627
w4 0.5
3588 3588 3588 3588 3588 3588 3588 3588 3588 3588 3588 3588 3588 3588 3588
w5 0.5
1726 1726 1726 1726 1726 1726 1726 1726 1726 1726 1726 1726 1726 1726 1726
r1 0.5883
64 64 64 64 64 64 64 64 64 64 64 64 64 64 64
83 95 92 88 29 66 12 12 21 16 42 33 84 13 6
r2 0.95099
73 73 73 73 73 73 73 73 73 73 73 73 73 73 73
92 78 90 10 15 7 97 22 59 99 45 65 46 9 48
r3 0.673088
94 94 94 94 94 94 94 94 94 94 94 94 94 94 94
34 59 57 41 64 73 49 6 6 30 14 5 47 80 92
r4 0.942759
70 70 70 70 70 70 70 70 70 70 70 70 70 70 70
94 35 70 88 49 29 88 89 89 31 91 34 62 82 63
r5 0.591956
39 39 39 39 39 39 39 39 39 39 39 39 39 39 39
96 80 9 42 81 11 67 91 11 11 71 95 28 38 90
r6 0.500032
8 8 8 8 8 8 8 8 8 8 8 8 8 8 8
78 5 32 63 90 18 87 78 48 49 60 8 65 91 97
r7 0.987426
95 95 95 95 95 95 95 95 95 95 95 95 95 95 95
36 24 98 99 12 6 7 78 97 31 14 84 82 17 59
r8 0.589012
42 42 42 42 42 42 42 42 42 42 42 42 42 42 42
23 69 55 7 47 95 51 99 99 13 87 93 51 83 29
r9 0.531221
81 81 81 81 81 81 81 81 81 81 81 81 81 81 81
25 75 83 28 54 77 54 60 61 36 72 17 18 14 32
r10 0.91558
62 62 62 62 62 62 62 62 62 62 62 62 62 62 62
34 27 57 77 24 53 83 11 46 31 86 71 94 68 88
r11 0.598823
48 48 48 48 48 48 48 48 48 48 48 48 48 48 48
16 21 22 65 76 75 93 48 87 9 55 20 84 17 46
r12 0.791507
66 66 66 66 66 66 66 66 66 66 66 66 66 66 66
24 30 20 99 37 58 30 23 26 25 83 15 90 28 26
r13 0.857159
45 45 45 45 45 45 45 45 45 45 45 45 45 45 45
84 82 17 74 27 5 78 77 17 62 86 58 66 53 74
r14 0.916355
65 65 65 65 65 65 65 65 65 65 65 65 65 65 65
73 25 23 99 41 45 21 21 52 11 42 73 14 79 54
r15 0.749889
92 92 92 92 92 92 92 92 92 92 92 92 92 92 92
29 12 92 99 85 6 62 68 59 28 18 31 16 75 99
r16 0.689661
94 94 94 94 94 94 94 94 94 94 94 94 94 94 94
95 70 36 13 83 83 16 25 53 25 5 8 10 92 29
r17 0.636058
81 81 81 81 81 81 81 81 81 81 81 81 81 81 81
28 95 82 85 63 38 10 74 64 19 49 61 48 40 53
r18 0.898652
68 68 68 68 68 68 68 68 68 68 68 68 68 68 68
62 90 51 73 16 97 91 16 5 96 5 26 11 81 49
r19 0.644009
60 60 60 60 60 60 60 60 60 60 60 60 60 60 60
32 62 90 34 36 55 48 77 13 88 18 58 95 81 20
r20 0.679759
30 30 30 30 30 30 30 30 30 30 30 30 30 30 30
86 97 27 77 10 24 70 10 45 77 83 86 75 40 18
r21 0.622667
30 30 30 30 30 30 30 30 30 30 30 30 30 30 30
48 68 77 88 43 85 77 56 44 69 34 56 55 56 42
r22 0.583988
75 75 75 75 75 75 75 75 75 75 75 75 75 75 75
16 54 94 79 56 36 53 36 23 28 71 33 61 97 73
r23 0.700374
74 74 74 74 74 74 74 74 74 74 74 74 74 74 74
62 64 57 36 17 96 5 44 52 56 95 87 5 71 95
r24 0.751475
62 62 62 62 62 62 62 62 62 62 62 62 62 62 62
74 8 91 27 37 14 48 8 39 9 5 13 27 72 70
r25 0.832433
29 29 29 29 29 29 29 29 29 29 29 29 29 29 29
98 96 25 98 40 69 51 36 53 52 99 49 96 61 20
r26 0.726205
52 52 52 52 52 52 52 52 52 52 52 52 52 52 52
40 33 58 83 37 90 84 34 98 11 6 65 90 30 63
r27 0.617101
47 47 47 47 47 47 47 47 47 47 47 47 47 47 47
58 27 17 10 58 62 54 54 11 50 16 24 43 60 59
r28 0.900099
16 16 16 16 16 16 16 16 16 16 16 16 16 16 16
39 6 6 23 35 99 26 34 61 17 59 21 99 7 74
r29 0.635519
16 16 16 16 16 16 16 16 16 16 16 16 16 16 16
79 74 73 30 28 77 72 36 93 16 92 52 80 8 83
r30 0.862942
6 6 6 6 6 6 6 6 6 6 6 6 6 6 6
98 13 97 24 42 58 33 97 74 29 96 45 48 12 25
r31 0.509828
77 77 77 77 77 77 77 77 77 77 77 77 77 77 77
47 42 54 20 74 47 31 63 91 8 63 71 84 64 69
r32 0.623016
61 61 61 61 61 61 61 61 61 61 61 61 61 61 61
86 32 16 16 26 85 41 22 30 81 26 47 95 95 87
r33 0.588419
50 50 50 50 50 50 50 50 50 50 50 50 50 50 50
7 8 89 30 63 78 33 26 46 14 85 16 98 43 94
r34 0.507159
54 54 54 54 54 54 54 54 54 54 54 54 54 54 54
7 48 36 40 62 59 21 80 6 13 76 88 43 23 87
r35 0.807759
12 12 12 12 12 12 12 12 12 12 12 12 12 12 12
17 7 82 45 25 29 54 8 37 50 46 28 72 93 30
r36 0.818165
29 29 29 29 29 29 29 29 29 29 29 29 29 29 29
66 75 83 79 56 82 85 32 67 28 50 55 63 54 67
r37 0.672399
34 34 34 34 34 34 34 34 34 34 34 34 34 34 34
10 83 58 56 86 87 6 29 15 74 19 37 87 44 98
r38 0.647247
24 24 24 24 24 24 24 24 24 24 24 24 24 24 24
75 18 6 60 42 66 80 84 21 43 39 80 98 65 82
r39 0.95865
20 20 20 20 20 20 20 20 20 20 20 20 20 20 20
39 64 7 37 85 14 11 5 46 93 41 42 53 60 17
r40 0.911066
59 59 59 59 59 59 59 59 59 59 59 59 59 59 59
69 6 25 49 85 38 84 21 15 82 81 93 60 96 29
r41 0.705774
98 98 98 98 98 98 98 98 98 98 98 98 98 98 98
61 7 9 65 99 51 55 40 88 8 92 97 67 48 66
r42 0.616705
68 68 68 68 68 68 68 68 68 68 68 68 68 68 68
15 53 98 91 70 14 74 48 7 31 45 28 48 40 84
r43 0.911266
45 45 45 45 45 45 45 45 45 45 45 45 45 45 45
46 43 88 97 75 76 5 67 70 67 16 36 35 76 43
r44 0.665717
75 75 75 75 75 75 75 75 75 75 75 75 75 75 75
34 48 81 5 91 80 32 36 8 72 69 84 16 14 31
r45 0.943119
97 97 97 97 97 97 97 97 97 97 97 97 97 97 97
28 26 70 25 88 40 88 96 68 20 70 11 96 42 40
r46 0.901372
23 23 23 23 23 23 23 23 23 23 23 23 23 23 23
38 33 98 62 61 6 34 30 82 42 36 13 88 30 33
r47 0.624578
95 95 95 95 95 95 95 95 95 95 95 95 95 95 95
54 94 32 42 88 95 54 58 98 51 95 39 87 15 69
r48 0.8288
10 10 10 10 10 10 10 10 10 10 10 10 10 10 10
31 77 11 60 7 85 94 36 94 82 61 27 91 54 76
r49 0.859036
81 81 81 81 81 81 81 81 81 81 81 81 81 81 81
15 73 74 65 28 72 13 20 8 95 30 72 13 35 98
r50 0.588801
38 38 38 38 38 38 38 38 38 38 38 38 38 38 38
55 81 24 49 17 15 31 74 37 19 28 11 97 6 18
r51 0.952783
75 75 75 75 75 75 75 75 75 75 75 75 75 75 75
78 91 48 83 11 51 79 34 24 84 61 19 66 92 70
r52 0.896654
16 16 16 16 16 16 16 16 16 16 16 16 16 16 16
16 57 23 40 31 52 54 51 58 51 52 72 19 28 47
r53 0.543302
68 68 68 68 68 68 68 68 68 68 68 68 68 68 68
31 13 19 7 39 35 83 96 50 49 88 17 88 96 25
r54 0.836625
19 19 19 19 19 19 19 19 19 19 19 19 19 19 19
60 68 66 12 19 22 55 64 86 69 84 30 68 52 56
r55 0.933022
63 63 63 63 63 63 63 63 63 63 63 63 63 63 63
55 13 94 38 9 41 79 89 50 68 82 70 10 96 28
r56 0.556171
60 60 60 60 60 60 60 60 60 60 60 60 60 60 60
35 82 74 85 46 57 52 27 82 20 74 36 89 35 86
r57 0.992616
29 29 29 29 29 29 29 29 29 29 29 29 29 29 29
22 99 62 93 86 12 61 68 74 64 62 97 35 19 29
r58 0.894962
88 88 88 88 88 88 88 88 88 88 88 88 88 88 88
12 56 45 56 78 27 68 50 55 55 80 42 53 6 56
r59 0.882393
63 63 63 63 63 63 63 63 63 63 63 63 63 63 63
49 32 67 8 96 38 64 58 33 94 72 57 8 57 64
r60 0.509014
97 97 97 97 97 97 97 97 97 97 97 97 97 97 97
17 35 21 81 77 72 36 57 11 81 58 59 27 18 8
r61 0.597936
77 77 77 77 77 77 77 77 77 77 77 77 77 77 77
8 51 15 67 6 40 61 70 93 62 27 54 18 21 64
r62 0.521978
34 34 34 34 34 34 34 34 34 34 34 34 34 34 34
45 22 6 76 74 9 54 29 63 76 39 64 31 16 67
r63 0.575953
24 24 24 24 24 24 24 24 24 24 24 24 24 24 24
35 75 56 88 45 49 50 64 96 64 80 60 9 15 97
r64 0.54879
13 13 13 13 13 13 13 13 13 13 13 13 13 13 13
73 93 18 24 20 73 95 54 37 27 63 5 93 79 32
r65 0.784737
35 35 35 35 35 35 35 35 35 35 35 35 35 35 35
20 11 77 66 71 70 27 48 30 28 58 24 47 64 92
r66 0.873952
74 74 74 74 74 74 74 74 74 74 74 74 74 74 74
13 50 47 8 99 77 27 59 74 21 38 6 85 66 21
r67 0.593322
40 40 40 40 40 40 40 40 40 40 40 40 40 40 40
79 59 10 98 8 32 24 58 51 63 22 40 93 88 48
r68 0.763846
33 33 33 33 33 33 33 33 33 33 33 33 33 33 33
51 40 10 71 94 79 87 30 77 69 88 90 57 28 67
r69 0.642411
33 33 33 33 33 33 33 33 33 33 33 33 33 33 33
62 14 57 81 67 8 42 82 40 35 70 83 71 98 31
r70 0.900147
5 5 5 5 5 5 5 5 5 5 5 5 5 5 5
97 97 76 81 24 53 50 12 44 5 35 8 14 60 65
r71 0.81594
17 17 17 17 17 17 17 17 17 17 17 17 17 17 17
44 82 17 81 64 49 13 32 32 76 27 56 79 28 50
r72 0.761939
96 96 96 96 96 96 96 96 96 96 96 96 96 96 96
32 96 50 74 9 86 74 36 89 83 89 51 98 98 90
r73 0.887292
13 13 13 13 13 13 13 13 13 13 13 13 13 13 13
68 42 57 77 66 85 50 89 38 30 14 83 7 10 15
r74 0.711847
52 52 52 52 52 52 52 52 52 52 52 52 52 52 52
85 96 38 59 33 24 40 19 68 35 17 58 13 25 27
r75 0.826574
78 78 78 78 78 78 78 78 78 78 78 78 78 78 78
96 17 60 43 98 93 68 9 76 67 15 84 63 59 66
r76 0.998361
90 90 90 90 90 90 90 90 90 90 90 90 90 90 90
25 84 14 57 95 74 85 13 33 93 30 52 44 8 45
r77 0.803499
60 60 60 60 60 60 60 60 60 60 60 60 60 60 60
83 49 53 49 54 27 16 61 8 74 20 69 31 10 86
r78 0.966406
17 17 17 17 17 17 17 17 17 17 17 17 17 17 17
41 5 86 26 13 19 19 35 63 59 39 5 10 91 84
r79 0.851232
42 42 42 42 42 42 42 42 42 42 42 42 42 42 42
33 5 64 41 61 64 13 77 33 36 82 19 43 94 55
r80 0.545146
81 81 81 81 81 81 81 81 81 81 81 81 81 81 81
76 48 92 88 79 53 44 15 53 49 6 37 95 43 62
r81 0.638502
99 99 99 99 99 99 99 99 99 99 99 99 99 99 99
99 57 63 12 34 88 43 14 5 78 8 55 19 81 29
r82 0.926107
74 74 74 74 74 74 74 74 74 74 74 74 74 74 74
17 35 24 56 42 72 97 41 7 92 76 61 85 73 60
r83 0.725181
33 33 33 33 33 33 33 33 33 33 33 33 33 33 33
64 69 22 99 78 22 75 82 69 86 60 90 42 31 99
r84 0.549688
50 50 50 50 50 50 50 50 50 50 50 50 50 50 50
52 12 23 49 45 25 39 22 78 24 87 39 62 20 95
r85 0.502109
37 37 37 37 37 37 37 37 37 37 37 37 37 37 37
92 7 51 67 81 21 50 42 11 87 68 11 57 19 58
r86 0.696139
34 34 34 34 34 34 34 34 34 34 34 34 34 34 34
5 7 51 39 21 29 55 8 60 15 21 56 39 53 45
r87 0.650136
97 97 97 97 97 97 97 97 97 97 97 97 97 97 97
12 23 18 54 60 21 41 25 27 91 39 78 53 65 78
r88 0.785623
16 16 16 16 16 16 16 16 16 16 16 16 16 16 16
14 66 41 64 66 96 74 82 49 13 33 89 47 30 93
r89 0.843959
43 43 43 43 43 43 43 43 43 43 43 43 43 43 43
47 22 56 81 42 79 72 74 54 22 39 29 66 51 35
r90 0.804392
84 84 84 84 84 84 84 84 84 84 84 84 84 84 84
91 94 80 66 73 30 71 6 16 15 31 10 75 66 49
r91 0.645687
23 23 23 23 23 23 23 23 23 23 23 23 23 23 23
27 32 94 91 98 45 10 37 69 72 80 99 96 64 90
r92 0.894226
45 45 45 45 45 45 45 45 45 45 45 45 45 45 45
53 64 67 22 62 75 29 89 77 5 52 27 86 67 46
r93 0.514176
61 61 61 61 61 61 61 61 61 61 61 61 61 61 61
38 13 98 43 46 67 12 26 63 9 86 51 94 28 96
r94 0.847259
87 87 87 87 87 87 87 87 87 87 87 87 87 87 87
15 18 62 40 99 40 37 51 59 23 16 5 34 72 35
r95 0.870828
71 71 71 71 71 71 71 71 71 71 71 71 71 71 71
74 80 35 81 99 91 85 85 39 77 10 35 29 92 43
r96 0.521883
51 51 51 51 51 51 51 51 51 51 51 51 51 51 51
78 38 86 12 82 42 30 93 43 56 62 73 94 30 44
r97 0.659296
58 58 58 58 58 58 58 58 58 58 58 58 58 58 58
26 70 49 8 52 80 77 57 15 7 46 50 41 93 28
r98 0.972505
76 76 76 76 76 76 76 76 76 76 76 76 76 76 76
32 54 19 58 47 54 14 6 24 5 32 64 69 85 82
r99 0.740877
31 31 31 31 31 31 31 31 31 31 31 31 31 31 31
85 87 11 63 41 18 62 80 64 98 70 84 70 43 17
r100 0.8773
57 57 57 57 57 57 57 57 57 57 57 57 57 57 57
67 63 8 73 65 28 74 89 87 43 71 69 74 97 51
r101 0.628506
5 5 5 5 5 5 5 5 5 5 5 5 5 5 5
11 92 18 68 72 74 67 39 56 37 77 68 54 32 32
r102 0.647184
35 35 35 35 35 35 35 35 35 35 35 35 35 35 35
5 71 55 71 60 42 14 31 8 81 25 55 39 25 58
r103 0.844787
39 39 39 39 39 39 39 39 39 39 39 39 39 39 39
27 95 10 89 34 61 23 9 26 69 36 53 79 63 54
r104 0.892751
19 19 19 19 19 19 19 19 19 19 19 19 19 19 19
25 8 53 32 34 57 13 55 9 44 72 62 68 8 84
r105 0.773843
14 14 14 14 14 14 14 14 14 14 14 14 14 14 14
70 90 70 86 94 92 55 27 42 31 85 91 74 99 14
r106 0.665203
53 53 53 53 53 53 53 53 53 53 53 53 53 53 53
41 8 7 46 55 11 85 28 65 50 31 50 14 40 17
r107 0.97094
8 8 8 8 8 8 8 8 8 8 8 8 8 8 8
98 90 92 51 17 34 77 97 26 51 94 32 28 44 68
r108 0.593421
46 46 46 46 46 46 46 46 46 46 46 46 46 46 46
11 79 52 88 7 14 39 31 56 45 63 69 41 66 64
r109 0.727473
58 58 58 58 58 58 58 58 58 58 58 58 58 58 58
15 43 88 85 37 11 36 28 38 57 67 98 78 13 9
r110 0.752817
57 57 57 57 57 57 57 57 57 57 57 57 57 57 57
89 57 67 28 83 23 68 46 84 9 13 49 32 63 56
r111 0.516175
48 48 48 48 48 48 48 48 48 48 48 48 48 48 48
41 5 51 70 25 81 24 88 79 97 93 80 54 51 70
r112 0.611542
15 15 15 15 15 15 15 15 15 15 15 15 15 15 15
93 86 33 59 30 18 60 35 59 88 93 15 55 39 52
r113 0.525794
85 85 85 85 85 85 85 85 85 85 85 85 85 85 85
19 73 67 38 61 43 35 54 24 81 97 86 82 12 79
r114 0.893226
38 38 38 38 38 38 38 38 38 38 38 38 38 38 38
35 90 48 91 25 7 79 16 17 34 50 61 82 32 75
r115 0.582972
91 91 91 91 91 91 91 91 91 91 91 91 91 91 91
10 13 35 37 59 51 19 54 37 96 61 13 61 91 44
r116 0.881349
39 39 39 39 39 39 39 39 39 39 39 39 39 39 39
32 69 41 11 80 51 37 30 9 16 55 77 63 46 82
r117 0.915668
73 73 73 73 73 73 73 73 73 73 73 73 73 73 73
20 25 24 31 74 56 24 32 65 80 21 6 29 55 33
r118 0.821598
89 89 89 89 89 89 89 89 89 89 89 89 89 89 89
36 74 37 65 97 41 77 49 18 37 90 93 98 64 13
r119 0.612791
83 83 83 83 83 83 83 83 83 83 83 83 83 83 83
39 86 37 58 15 97 35 31 95 57 82 28 51 68 59
r120 0.843464
5 5 5 5 5 5 5 5 5 5 5 5 5 5 5
24 16 38 93 60 49 28 48 42 23 12 47 38 87 81
r121 0.784373
21 21 21 21 21 21 21 21 21 21 21 21 21 21 21
36 34 15 63 61 10 20 40 30 63 5 84 81 97 6
r122 0.605568
35 35 35 35 35 35 35 35 35 35 35 35 35 35 35
91 50 76 16 90 15 34 94 57 67 78 35 83 95 66
r123 0.586636
10 10 10 10 10 10 10 10 10 10 10 10 10 10 10
30 68 13 45 8 38 9 5 20 82 97 18 71 29 6
r124 0.85055
6 6 6 6 6 6 6 6 6 6 6 6 6 6 6
18 8 16 44 97 69 9 76 99 87 68 63 97 70 85
r125 0.899577
78 78 78 78 78 78 78 78 78 78 78 78 78 78 78
27 65 17 28 65 32 10 59 42 74 84 43 84 85 56
r126 0.538538
93 93 93 93 93 93 93 93 93 93 93 93 93 93 93
96 79 59 5 52 56 84 20 19 82 86 96 44 64 23
r127 0.713876
73 73 73 73 73 73 73 73 73 73 73 73 73 73 73
47 64 5 52 24 42 23 8 81 8 85 34 88 78 27
r128 0.892289
35 35 35 35 35 35 35 35 35 35 35 35 35 35 35
27 20 86 9 32 97 83 18 93 27 75 16 26 48 58
r129 0.753111
46 46 46 46 46 46 46 46 46 46 46 46 46 46 46
8 10 80 23 10 58 26 90 88 11 65 15 71 95 35
r130 0.630595
78 78 78 78 78 78 78 78 78 78 78 78 78 78 78
39 15 72 22 26 65 41 96 74 60 44 29 46 85 29
r131 0.64986
66 66 66 66 66 66 66 66 66 66 66 66 66 66 66
48 53 24 66 40 9 73 97 17 41 93 47 24 68 78
r132 0.526189
41 41 41 41 41 41 41 41 41 41 41 41 41 41 41
92 52 98 30 48 72 85 88 94 31 70 23 74 33 66
r133 0.739584
50 50 50 50 50 50 50 50 50 50 50 50 50 50 50
33 59 54 98 57 66 39 47 10 55 12 80 81 45 72
r134 0.798116
44 44 44 44 44 44 44 44 44 44 44 44 44 44 44
98 77 13 83 62 7 12 30 26 81 58 87 98 8 17
r135 0.621801
55 55 55 55 55 55 55 55 55 55 55 55 55 55 55
15 8 18 46 50 24 93 55 99 75 95 69 6 39 67
r136 0.542671
48 48 48 48 48 48 48 48 48 48 48 48 48 48 48
47 38 47 54 60 68 33 18 56 31 19 65 77 69 76
r137 0.613029
79 79 79 79 79 79 79 79 79 79 79 79 79 79 79
19 28 98 13 78 95 80 74 61 81 10 25 56 50 67
r138 0.66023
93 93 93 93 93 93 93 93 93 93 93 93 93 93 93
19 46 61 47 57 14 70 71 72 47 37 45 25 16 59
r139 0.664276
12 12 12 12 12 12 12 12 12 12 12 12 12 12 12
64 27 99 44 93 60 25 96 77 74 46 41 60 36 55
r140 0.603425
90 90 90 90 90 90 90 90 90 90 90 90 90 90 90
94 56 96 61 27 68 6 56 13 26 67 65 70 71 29
r141 0.839434
70 70 70 70 70 70 70 70 70 70 70 70 70 70 70
66 80 27 83 76 99 57 20 38 15 48 88 14 38 80
r142 0.504053
32 32 32 32 32 32 32 32 32 32 32 32 32 32 32
41 84 95 39 37 6 61 99 66 28 68 87 15 38 53
r143 0.824317
58 58 58 58 58 58 58 58 58 58 58 58 58 58 58
37 64 54 86 79 87 93 28 73 7 58 53 64 85 86
r144 0.810858
78 78 78 78 78 78 78 78 78 78 78 78 78 78 78
26 77 79 79 74 42 99 42 29 15 72 75 98 27 9
r145 0.810959
77 77 77 77 77 77 77 77 77 77 77 77 77 77 77
90 39 61 84 59 31 83 14 76 45 95 63 85 73 81
r146 0.752529
49 49 49 49 49 49 49 49 49 49 49 49 49 49 49
57 31 86 56 68 12 63 37 82 61 60 86 21 34 74
r147 0.997787
87 87 87 87 87 87 87 87 87 87 87 87 87 87 87
58 11 19 38 20 90 78 12 50 61 77 31 21 26 80
r148 0.798191
9 9 9 9 9 9 9 9 9 9 9 9 9 9 9
34 12 17 92 44 91 51 96 78 64 30 52 16 18 7
r149 0.898476
29 29 29 29 29 29 29 29 29 29 29 29 29 29 29
40 34 19 19 42 65 75 16 88 88 38 69 35 39 95
r150 0.514014
51 51 51 51 51 51 51 51 51 51 51 51 51 51 51
84 78 43 32 72 18 91 97 62 7 12 64 21 36 99
r151 0.926022
48 48 48 48 48 48 48 48 48 48 48 48 48 48 48
15 85 13 85 96 93 73 31 59 5 66 54 39 14 39
r152 0.56555
49 49 49 49 49 49 49 49 49 49 49 49 49 49 49
66 82 62 55 76 24 57 84 83 71 17 80 19 57 90
r153 0.837204
62 62 62 62 62 62 62 62 62 62 62 62 62 62 62
73 92 56 46 24 15 44 82 62 78 91 96 88 41 59
r154 0.908508
95 95 95 95 95 95 95 95 95 95 95 95 95 95 95
14 47 20 64 28 95 35 37 72 49 87 63 45 49 36
r155 0.932533
97 97 97 97 97 97 97 97 97 97 97 97 97 97 97
74 53 13 18 35 70 89 24 63 77 57 19 45 52 26
r156 0.720703
64 64 64 64 64 64 64 64 64 64 64 64 64 64 64
85 9 57 17 38 29 58 25 84 95 67 17 32 64 87
r157 0.782627
72 72 72 72 72 72 72 72 72 72 72 72 72 72 72
97 10 39 86 26 94 61 78 14 6 28 32 82 87 14
r158 0.765731
41 41 41 41 41 41 41 41 41 41 41 41 41 41 41
26 24 66 76 42 47 71 9 60 95 68 44 73 38 38
r159 0.751916
69 69 69 69 69 69 69 69 69 69 69 69 69 69 69
25 97 64 81 76 70 79 99 97 61 83 8 44 25 29
r160 0.60839
83 83 83 83 83 83 83 83 83 83 83 83 83 83 83
97 97 27 68 98 79 60 67 23 31 5 54 7 66 74
r161 0.687416
30 30 30 30 30 30 30 30 30 30 30 30 30 30 30
52 69 92 28 65 86 81 49 89 25 66 15 77 46 12
r162 0.796361
68 68 68 68 68 68 68 68 68 68 68 68 68 68 68
72 73 48 33 37 63 56 34 17 58 96 83 51 23 32
r163 0.835023
16 16 16 16 16 16 16 16 16 16 16 16 16 16 16
55 81 97 36 27 87 53 85 94 31 28 7 98 92 71
r164 0.99636
37 37 37 37 37 37 37 37 37 37 37 37 37 37 37
96 6 95 52 35 10 7 31 88 54 50 21 67 58 68
r165 0.750974
55 55 55 55 55 55 55 55 55 55 55 55 55 55 55
97 65 39 50 47 34 73 71 33 68 63 96 37 92 93
r166 0.664843
84 84 84 84 84 84 84 84 84 84 84 84 84 84 84
42 68 89 45 92 78 91 42 91 55 92 59 95 47 53
r167 0.560454
79 79 79 79 79 79 79 79 79 79 79 79 79 79 79
99 5 10 69 71 35 38 31 31 67 23 21 5 7 59
r168 0.536998
89 89 89 89 89 89 89 89 89 89 89 89 89 89 89
96 57 64 84 91 55 39 83 11 31 28 60 84 7 56
r169 0.691174
12 12 12 12 12 12 12 12 12 12 12 12 12 12 12
22 55 39 52 78 65 19 93 79 19 95 38 80 84 31
r170 0.990549
45 45 45 45 45 45 45 45 45 45 45 45 45 45 45
15 26 95 49 9 99 75 32 59 59 31 15 40 35 29
r171 0.596494
69 69 69 69 69 69 69 69 69 69 69 69 69 69 69
77 65 32 91 58 11 11 51 44 83 32 67 17 73 77
r172 0.815213
65 65 65 65 65 65 65 65 65 65 65 65 65 65 65
23 40 64 90 64 23 47 91 30 82 23 55 70 88 32
r173 0.611564
20 20 20 20 20 20 20 20 20 20 20 20 20 20 20
23 86 26 26 34 62 9 61 29 19 31 98 52 92 21
r174 0.537464
56 56 56 56 56 56 56 56 56 56 56 56 56 56 56
8 49 72 50 37 97 33 55 49 95 40 76 27 55 92
r175 0.851408
73 73 73 73 73 73 73 73 73 73 73 73 73 73 73
18 39 32 20 93 56 34 24 51 78 16 64 63 65 68
r176 0.946545
37 37 37 37 37 37 37 37 37 37 37 37 37 37 37
15 41 34 40 91 79 35 32 52 55 79 41 57 53 52
r177 0.68299
80 80 80 80 80 80 80 80 80 80 80 80 80 80 80
67 82 34 93 98 77 71 12 42 31 72 7 35 9 17
r178 0.675369
35 35 35 35 35 35 35 35 35 35 35 35 35 35 35
53 60 11 80 87 59 32 63 92 85 16 44 71 89 11
r179 0.963809
20 20 20 20 20 20 20 20 20 20 20 20 20 20 20
96 48 92 65 55 31 91 27 33 27 28 46 93 56 91
r180 0.929419
62 62 62 62 62 62 62 62 62 62 62 62 62 62 62
68 37 18 96 96 11 81 9 50 49 90 54 97 10 50
r181 0.64207
95 95 95 95 95 95 95 95 95 95 95 95 95 95 95
15 93 26 7 17 55 26 38 93 16 89 81 62 51 49
r182 0.825907
62 62 62 62 62 62 62 62 62 62 62 62 62 62 62
45 87 68 23 92 18 67 79 64 61 85 15 99 80 22
r183 0.782605
98 98 98 98 98 98 98 98 98 98 98 98 98 98 98
21 98 50 42 36 43 54 25 21 16 69 66 7 31 8
r184 0.829295
91 91 91 91 91 91 91 91 91 91 91 91 91 91 91
27 79 6 86 58 66 48 40 76 44 17 93 33 16 15
r185 0.597336
61 61 61 61 61 61 61 61 61 61 61 61 61 61 61
49 60 97 95 77 18 11 43 79 11 66 83 96 57 7
r186 0.600451
59 59 59 59 59 59 59 59 59 59 59 59 59 59 59
88 30 25 33 66 93 72 78 83 97 86 90 26 48 40
r187 0.737027
45 45 45 45 45 45 45 45 45 45 45 45 45 45 45
35 52 55 39 91 35 45 54 15 38 12 14 10 63 94
r188 0.661696
80 80 80 80 80 80 80 80 80 80 80 80 80 80 80
28 90 73 95 66 53 90 52 44 13 95 76 86 37 8
r189 0.917505
88 88 88 88 88 88 88 88 88 88 88 88 88 88 88
39 26 20 79 76 27 14 80 36 19 43 27 44 23 50
r190 0.661529
88 88 88 88 88 88 88 88 88 88 88 88 88 88 88
43 95 41 30 45 77 38 37 53 24 70 54 54 55 88
r191 0.547909
67 67 67 67 67 67 67 67 67 67 67 67 67 67 67
68 49 89 74 26 22 89 61 44 33 79 87 59 64 30
r192 0.864631
5 5 5 5 5 5 5 5 5 5 5 5 5 5 5
55 95 78 88 32 28 9 94 77 58 49 66 28 16 31
r193 0.996556
97 97 97 97 97 97 97 97 97 97 97 97 97 97 97
5 90 16 86 51 56 19 27 40 71 86 62 26 84 14
r194 0.798899
59 59 59 59 59 59 59 59 59 59 59 59 59 59 59
94 42 82 98 37 60 53 78 23 77 87 49 46 81 49
r195 0.546849
93 93 93 93 93 93 93 93 93 93 93 93 93 93 93
36 80 46 47 5 81 15 83 43 36 64 52 46 23 46
r196 0.92251
6 6 6 6 6 6 6 6 6 6 6 6 6 6 6
41 18 58 86 88 73 63 75 22 7 54 63 36 47 91
r197 0.661457
88 88 88 88 88 88 88 88 88 88 88 88 88 88 88
36 13 66 46 89 9 75 53 53 21 72 91 97 70 29
r198 0.694456
25 25 25 25 25 25 25 25 25 25 25 25 25 25 25
15 96 93 71 68 12 73 22 70 6 64 59 14 49 90
r199 0.567523
15 15 15 15 15 15 15 15 15 15 15 15 15 15 15
33 9 16 8 57 64 22 29 52 16 91 76 24 16 87
r200 0.741989
6 6 6 6 6 6 6 6 6 6 6 6 6 6 6
58 77 13 31 95 76 29 56 35 38 6 22 53 13 50
