200 15 2 1 5
0 0.25
40438 41566 43780 36716 39368 31937 38677 35628 39162 38748 32644 43561 30059 35187 38954
w1 0.5
3555 2755 2678 1702 4160 3001 3051 2154 1666 2051 4242 3390 3624 3201 2704
w2 0.5
3120 4484 3130 3840 3774 3159 3468 3936 2907 3464 2849 3318 3004 3155 4317
w3 0.5
1762 2848 2261 4423 4349 3812 2429 1867 1715 2171 3757 3839 4225 2313 1754
w4 0.5
2650 3736 2537 1924 2396 1857 1712 4155 3821 3061 2974 2325 2069 2791 2884
w5 0.5
4139 3997 2606 4340 3661 3536 2060 3877 1559 4317 3568 4284 2131 3822 2981
r1 0.570387
23 97 62 22 16 82 99 47 18 81 33 7 81 80 96
50 50 50 50 50 50 50 50 50 50 50 50 50 50 50
r2 0.985936
17 94 49 49 39 38 22 80 46 12 52 84 83 67 78
42 42 42 42 42 42 42 42 42 42 42 42 42 42 42
r3 0.560152
24 81 34 35 62 62 37 40 39 30 86 23 99 95 17
45 45 45 45 45 45 45 45 45 45 45 45 45 45 45
r4 0.912555
79 58 29 25 62 73 7 42 37 80 79 19 70 96 95
99 99 99 99 99 99 99 99 99 99 99 99 99 99 99
r5 0.798455
61 63 87 93 85 70 16 85 65 28 27 6 72 6 60
93 93 93 93 93 93 93 93 93 93 93 93 93 93 93
r6 0.867189
66 26 57 98 98 36 18 68 29 10 67 55 57 26 15
45 45 45 45 45 45 45 45 45 45 45 45 45 45 45
r7 0.97659
12 27 78 73 50 97 74 19 96 31 9 20 46 70 38
95 95 95 95 95 95 95 95 95 95 95 95 95 95 95
r8 0.596563
28 79 97 53 81 61 5 36 82 13 73 93 6 80 17
76 76 76 76 76 76 76 76 76 76 76 76 76 76 76
r9 0.95184
73 25 74 69 48 79 81 86 46 19 81 12 48 10 83
45 45 45 45 45 45 45 45 45 45 45 45 45 45 45
r10 0.737321
6 55 93 81 60 66 71 61 43 84 37 92 44 11 14
15 15 15 15 15 15 15 15 15 15 15 15 15 15 15
r11 0.561381
86 54 41 33 65 22 37 13 24 18 50 71 75 52 24
65 65 65 65 65 65 65 65 65 65 65 65 65 65 65
r12 0.707391
28 96 41 66 77 70 55 21 73 61 29 46 16 15 95
52 52 52 52 52 52 52 52 52 52 52 52 52 52 52
r13 0.798092
66 70 66 86 83 16 54 55 63 73 17 85 53 40 79
86 86 86 86 86 86 86 86 86 86 86 86 86 86 86
r14 0.731758
56 54 70 27 12 94 68 23 6 63 70 39 20 34 9
81 81 81 81 81 81 81 81 81 81 81 81 81 81 81
r15 0.99397
93 66 36 53 40 48 36 85 80 15 71 75 63 24 26
33 33 33 33 33 33 33 33 33 33 33 33 33 33 33
r16 0.810224
24 11 52 23 69 20 57 82 49 61 60 61 42 53 27
73 73 73 73 73 73 73 73 73 73 73 73 73 73 73
r17 0.795519
18 35 44 93 42 15 65 5 32 87 31 70 21 50 77
65 65 65 65 65 65 65 65 65 65 65 65 65 65 65
r18 0.509844
80 22 25 26 75 81 82 17 31 7 85 27 61 98 57
6 6 6 6 6 6 6 6 6 6 6 6 6 6 6
r19 0.904558
13 54 92 37 38 23 8 51 65 80 16 31 23 89 48
44 44 44 44 44 44 44 44 44 44 44 44 44 44 44
r20 0.833183
22 90 33 48 92 19 71 50 14 25 48 95 17 57 46
6 6 6 6 6 6 6 6 6 6 6 6 6 6 6
r21 0.882715
24 92 30 81 72 38 12 88 27 53 32 35 69 46 25
97 97 97 97 97 97 97 97 97 97 97 97 97 97 97
r22 0.519486
13 57 59 23 75 5 15 84 57 56 85 43 32 9 33
54 54 54 54 54 54 54 54 54 54 54 54 54 54 54
r23 0.987611
87 90 85 15 43 14 42 9 55 62 6 42 68 15 91
24 24 24 24 24 24 24 24 24 24 24 24 24 24 24
r24 0.615494
24 40 47 73 91 32 14 23 33 42 69 16 39 56 6
22 22 22 22 22 22 22 22 22 22 22 22 22 22 22
r25 0.632462
28 5 45 79 59 43 18 24 53 6 44 75 65 60 15
12 12 12 12 12 12 12 12 12 12 12 12 12 12 12
r26 0.910965
37 43 18 65 77 82 76 13 39 74 30 97 12 51 95
49 49 49 49 49 49 49 49 49 49 49 49 49 49 49
r27 0.952385
88 40 74 38 38 15 14 98 70 21 8 96 20 40 36
33 33 33 33 33 33 33 33 33 33 33 33 33 33 33
r28 0.561528
16 74 19 47 45 41 41 53 87 36 94 14 83 82 49
54 54 54 54 54 54 54 54 54 54 54 54 54 54 54
r29 0.751519
64 24 78 31 40 81 25 55 18 56 81 16 62 89 82
76 76 76 76 76 76 76 76 76 76 76 76 76 76 76
r30 0.966251
14 69 72 97 6 64 11 81 43 53 35 56 33 91 75
11 11 11 11 11 11 11 11 11 11 11 11 11 11 11
r31 0.764308
85 42 60 98 91 41 14 53 27 88 26 55 13 32 25
77 77 77 77 77 77 77 77 77 77 77 77 77 77 77
r32 0.748058
41 33 99 80 81 34 36 14 25 9 17 39 17 97 77
69 69 69 69 69 69 69 69 69 69 69 69 69 69 69
r33 0.630323
11 99 15 30 88 36 81 96 63 6 73 85 24 15 18
20 20 20 20 20 20 20 20 20 20 20 20 20 20 20
r34 0.982377
49 23 97 66 24 14 5 33 9 74 98 97 36 6 96
46 46 46 46 46 46 46 46 46 46 46 46 46 46 46
r35 0.655715
74 12 77 35 10 48 20 26 58 30 41 45 21 82 60
18 18 18 18 18 18 18 18 18 18 18 18 18 18 18
r36 0.953398
27 46 10 28 17 8 25 49 9 19 90 33 95 65 40
70 70 70 70 70 70 70 70 70 70 70 70 70 70 70
r37 0.871216
18 12 64 68 37 6 10 53 83 62 66 29 39 85 67
45 45 45 45 45 45 45 45 45 45 45 45 45 45 45
r38 0.544039
45 31 25 50 42 13 75 38 70 15 5 65 50 18 69
15 15 15 15 15 15 15 15 15 15 15 15 15 15 15
r39 0.539646
16 83 51 91 45 17 17 80 94 76 22 5 53 62 29
70 70 70 70 70 70 70 70 70 70 70 70 70 70 70
r40 0.609868
78 79 96 45 87 93 7 37 11 71 47 84 72 55 64
23 23 23 23 23 23 23 23 23 23 23 23 23 23 23
r41 0.740708
32 53 82 24 30 99 21 78 61 42 45 63 6 24 42
94 94 94 94 94 94 94 94 94 94 94 94 94 94 94
r42 0.915847
88 67 59 91 35 6 76 8 54 37 23 90 39 48 43
21 21 21 21 21 21 21 21 21 21 21 21 21 21 21
r43 0.744226
17 83 43 74 23 84 37 24 5 71 18 61 93 6 28
52 52 52 52 52 52 52 52 52 52 52 52 52 52 52
r44 0.553425
50 63 59 99 95 77 89 35 25 30 48 84 93 61 65
37 37 37 37 37 37 37 37 37 37 37 37 37 37 37
r45 0.581648
18 61 7 18 32 17 74 25 16 95 69 6 51 20 64
10 10 10 10 10 10 10 10 10 10 10 10 10 10 10
r46 0.566223
79 98 86 97 28 35 78 21 91 43 50 23 23 63 79
25 25 25 25 25 25 25 25 25 25 25 25 25 25 25
r47 0.734828
35 45 26 46 40 90 44 86 10 8 88 22 59 64 20
46 46 46 46 46 46 46 46 46 46 46 46 46 46 46
r48 0.866246
73 34 56 61 72 7 79 91 62 55 13 33 55 40 73
76 76 76 76 76 76 76 76 76 76 76 76 76 76 76
r49 0.907646
67 25 91 69 25 76 86 80 37 98 23 88 41 88 22
90 90 90 90 90 90 90 90 90 90 90 90 90 90 90
r50 0.638928
89 25 74 48 72 80 76 27 20 46 99 94 51 63 19
42 42 42 42 42 42 42 42 42 42 42 42 42 42 42
r51 0.807951
15 16 14 45 14 29 33 48 17 47 38 61 33 24 81
8 8 8 8 8 8 8 8 8 8 8 8 8 8 8
r52 0.809649
83 41 72 98 82 68 92 34 31 9 68 56 38 76 67
47 47 47 47 47 47 47 47 47 47 47 47 47 47 47
r53 0.810974
68 46 21 80 88 51 38 21 67 16 21 35 61 99 68
33 33 33 33 33 33 33 33 33 33 33 33 33 33 33
r54 0.830602
97 84 76 25 85 45 73 20 21 40 62 34 14 30 75
27 27 27 27 27 27 27 27 27 27 27 27 27 27 27
r55 0.754603
71 40 76 38 48 93 65 9 89 33 35 81 79 29 63
52 52 52 52 52 52 52 52 52 52 52 52 52 52 52
r56 0.852388
92 23 64 10 55 23 39 61 46 11 81 48 66 52 81
40 40 40 40 40 40 40 40 40 40 40 40 40 40 40
r57 0.687115
30 48 31 16 73 61 93 49 85 56 97 31 96 89 46
60 60 60 60 60 60 60 60 60 60 60 60 60 60 60
r58 0.643403
76 28 58 22 35 39 62 93 83 40 30 63 62 55 11
85 85 85 85 85 85 85 85 85 85 85 85 85 85 85
r59 0.905214
46 57 26 28 10 23 54 6 9 93 59 96 90 35 22
45 45 45 45 45 45 45 45 45 45 45 45 45 45 45
r60 0.824323
77 8 42 57 41 68 20 98 20 23 80 82 95 26 36
21 21 21 21 21 21 21 21 21 21 21 21 21 21 21
r61 0.742332
36 92 43 40 85 94 34 72 29 51 18 70 95 87 73
34 34 34 34 34 34 34 34 34 34 34 34 34 34 34
r62 0.732432
97 60 9 18 78 81 92 73 7 26 86 45 62 22 38
97 97 97 97 97 97 97 97 97 97 97 97 97 97 97
r63 0.942032
91 81 88 17 29 98 82 21 85 53 50 26 59 45 81
61 61 61 61 61 61 61 61 61 61 61 61 61 61 61
r64 0.64872
42 44 27 42 65 11 79 25 25 17 22 72 30 11 53
15 15 15 15 15 15 15 15 15 15 15 15 15 15 15
r65 0.894304
13 98 90 90 48 38 16 7 78 90 60 33 44 98 69
66 66 66 66 66 66 66 66 66 66 66 66 66 66 66
r66 0.772465
69 16 52 90 26 66 62 51 72 16 58 88 82 66 86
73 73 73 73 73 73 73 73 73 73 73 73 73 73 73
r67 0.604437
11 64 33 81 51 89 11 90 84 75 54 18 10 20 29
57 57 57 57 57 57 57 57 57 57 57 57 57 57 57
r68 0.647071
24 68 90 88 76 48 76 58 11 59 28 59 85 31 21
19 19 19 19 19 19 19 19 19 19 19 19 19 19 19
r69 0.964962
5 15 55 81 86 6 94 88 21 20 46 24 60 62 87
50 50 50 50 50 50 50 50 50 50 50 50 50 50 50
r70 0.632716
91 21 18 97 75 39 57 58 62 73 69 70 37 69 77
84 84 84 84 84 84 84 84 84 84 84 84 84 84 84
r71 0.797258
82 38 52 96 50 90 20 10 52 99 53 91 59 44 12
69 69 69 69 69 69 69 69 69 69 69 69 69 69 69
r72 0.705714
8 93 38 66 63 7 33 93 68 10 74 15 66 57 45
18 18 18 18 18 18 18 18 18 18 18 18 18 18 18
r73 0.955927
8 65 93 52 64 46 43 23 85 48 84 23 28 88 14
61 61 61 61 61 61 61 61 61 61 61 61 61 61 61
r74 0.840696
63 76 62 31 78 37 38 44 86 75 54 36 65 57 96
55 55 55 55 55 55 55 55 55 55 55 55 55 55 55
r75 0.628893
93 42 75 78 85 59 94 13 44 8 69 87 72 32 63
32 32 32 32 32 32 32 32 32 32 32 32 32 32 32
r76 0.774693
61 85 75 47 60 30 78 22 82 71 73 81 28 66 23
95 95 95 95 95 95 95 95 95 95 95 95 95 95 95
r77 0.784419
51 36 16 91 36 80 75 5 9 36 32 59 70 88 41
45 45 45 45 45 45 45 45 45 45 45 45 45 45 45
r78 0.531393
70 10 18 50 73 83 31 96 50 49 91 84 52 40 17
60 60 60 60 60 60 60 60 60 60 60 60 60 60 60
r79 0.567056
40 98 48 44 34 73 95 96 58 36 42 86 29 9 91
42 42 42 42 42 42 42 42 42 42 42 42 42 42 42
r80 0.573219
26 77 58 68 23 47 52 67 79 64 27 7 9 62 5
49 49 49 49 49 49 49 49 49 49 49 49 49 49 49
r81 0.912493
22 90 28 76 23 62 59 47 64 47 85 15 9 8 88
60 60 60 60 60 60 60 60 60 60 60 60 60 60 60
r82 0.504515
7 20 71 78 76 90 80 80 50 80 29 48 9 44 36
33 33 33 33 33 33 33 33 33 33 33 33 33 33 33
r83 0.822425
87 71 94 51 18 76 62 20 79 47 75 47 47 74 59
18 18 18 18 18 18 18 18 18 18 18 18 18 18 18
r84 0.652034
9 32 12 54 9 33 94 14 72 27 39 81 77 26 49
71 71 71 71 71 71 71 71 71 71 71 71 71 71 71
r85 0.584028
47 32 75 23 71 50 62 18 24 21 29 71 48 30 95
55 55 55 55 55 55 55 55 55 55 55 55 55 55 55
r86 0.588957
83 67 10 53 90 41 34 64 63 79 32 30 39 71 57
14 14 14 14 14 14 14 14 14 14 14 14 14 14 14
r87 0.897474
56 48 38 75 64 59 43 9 84 35 59 60 31 42 28
37 37 37 37 37 37 37 37 37 37 37 37 37 37 37
r88 0.977712
73 22 77 33 93 9 58 32 72 12 38 61 32 89 6
63 63 63 63 63 63 63 63 63 63 63 63 63 63 63
r89 0.984255
22 99 66 7 34 25 59 60 59 79 89 47 92 63 64
66 66 66 66 66 66 66 66 66 66 66 66 66 66 66
r90 0.785433
67 44 81 39 51 19 92 76 5 93 39 61 55 53 60
21 21 21 21 21 21 21 21 21 21 21 21 21 21 21
r91 0.769658
38 9 46 90 83 33 37 76 88 93 39 76 47 99 20
25 25 25 25 25 25 25 25 25 25 25 25 25 25 25
r92 0.849747
39 28 40 36 21 71 92 69 21 52 82 66 35 21 70
76 76 76 76 76 76 76 76 76 76 76 76 76 76 76
r93 0.921803
6 40 29 89 30 61 63 72 60 78 92 90 39 28 18
71 71 71 71 71 71 71 71 71 71 71 71 71 71 71
r94 0.903699
39 51 96 56 95 78 22 30 91 87 98 94 37 5 34
62 62 62 62 62 62 62 62 62 62 62 62 62 62 62
r95 0.532379
20 49 28 75 25 17 65 59 37 79 28 91 11 62 39
99 99 99 99 99 99 99 99 99 99 99 99 99 99 99
r96 0.699701
74 29 53 66 13 52 60 46 49 87 5 35 43 20 80
67 67 67 67 67 67 67 67 67 67 67 67 67 67 67
r97 0.934968
76 52 56 14 28 79 97 31 39 37 30 49 60 5 74
14 14 14 14 14 14 14 14 14 14 14 14 14 14 14
r98 0.615743
58 23 25 99 7 25 31 46 40 8 10 27 8 81 75
57 57 57 57 57 57 57 57 57 57 57 57 57 57 57
r99 0.836611
36 88 27 67 22 49 17 74 46 83 80 9 62 38 25
83 83 83 83 83 83 83 83 83 83 83 83 83 83 83
r100 0.637574
8 61 65 41 64 70 63 65 52 35 22 39 28 50 24
50 50 50 50 50 50 50 50 50 50 50 50 50 50 50
r101 0.869481
91 27 13 38 10 88 42 67 24 59 47 53 82 51 11
44 44 44 44 44 44 44 44 44 44 44 44 44 44 44
r102 0.584799
15 47 33 59 75 47 90 98 92 15 45 7 48 36 29
53 53 53 53 53 53 53 53 53 53 53 53 53 53 53
r103 0.976362
39 9 94 55 63 38 8 42 84 12 82 65 75 89 10
8 8 8 8 8 8 8 8 8 8 8 8 8 8 8
r104 0.866803
50 38 75 39 45 20 42 86 48 63 36 15 90 70 16
81 81 81 81 81 81 81 81 81 81 81 81 81 81 81
r105 0.706075
19 26 14 96 33 88 61 8 77 66 8 22 43 53 52
18 18 18 18 18 18 18 18 18 18 18 18 18 18 18
r106 0.869095
30 26 76 71 85 12 81 72 78 92 53 95 63 64 21
69 69 69 69 69 69 69 69 69 69 69 69 69 69 69
r107 0.904898
57 19 49 31 77 49 48 21 97 93 31 82 86 54 8
59 59 59 59 59 59 59 59 59 59 59 59 59 59 59
r108 0.914065
66 98 57 41 87 7 37 47 67 53 17 24 95 66 38
41 41 41 41 41 41 41 41 41 41 41 41 41 41 41
r109 0.519784
86 38 26 80 31 52 59 14 98 63 68 20 45 32 18
98 98 98 98 98 98 98 98 98 98 98 98 98 98 98
r110 0.784785
97 5 45 64 51 57 81 43 20 16 76 10 24 59 41
45 45 45 45 45 45 45 45 45 45 45 45 45 45 45
r111 0.957026
90 94 74 88 54 39 9 92 63 19 87 32 17 84 29
57 57 57 57 57 57 57 57 57 57 57 57 57 57 57
r112 0.615701
11 27 15 26 38 84 32 58 43 65 98 75 29 85 67
95 95 95 95 95 95 95 95 95 95 95 95 95 95 95
r113 0.791514
32 75 10 90 86 92 19 98 74 41 52 20 13 58 42
21 21 21 21 21 21 21 21 21 21 21 21 21 21 21
r114 0.65745
5 6 30 40 66 26 16 90 11 75 86 77 88 18 52
91 91 91 91 91 91 91 91 91 91 91 91 91 91 91
r115 0.527252
83 20 34 54 56 82 69 64 37 8 77 14 76 77 15
98 98 98 98 98 98 98 98 98 98 98 98 98 98 98
r116 0.934927
24 26 64 28 96 47 5 81 60 50 72 60 84 53 72
15 15 15 15 15 15 15 15 15 15 15 15 15 15 15
r117 0.643313
92 72 85 27 72 62 36 48 40 44 47 50 17 63 68
73 73 73 73 73 73 73 73 73 73 73 73 73 73 73
r118 0.968441
20 84 42 72 34 15 30 15 63 97 22 62 26 12 31
8 8 8 8 8 8 8 8 8 8 8 8 8 8 8
r119 0.543236
65 65 47 97 6 86 44 19 50 12 87 33 68 8 14
8 8 8 8 8 8 8 8 8 8 8 8 8 8 8
r120 0.967018
18 5 47 73 95 65 35 18 72 59 21 6 58 81 63
5 5 5 5 5 5 5 5 5 5 5 5 5 5 5
r121 0.949209
87 20 79 34 28 63 59 88 63 69 91 36 9 9 33
52 52 52 52 52 52 52 52 52 52 52 52 52 52 52
r122 0.864742
17 7 41 81 61 57 82 19 36 45 16 12 10 95 27
81 81 81 81 81 81 81 81 81 81 81 81 81 81 81
r123 0.81223
42 84 36 5 53 27 36 54 29 65 6 95 88 15 97
27 27 27 27 27 27 27 27 27 27 27 27 27 27 27
r124 0.80721
76 70 66 12 16 78 19 18 73 42 92 95 84 34 76
20 20 20 20 20 20 20 20 20 20 20 20 20 20 20
r125 0.843502
43 63 75 64 28 77 59 13 84 57 35 73 9 12 43
71 71 71 71 71 71 71 71 71 71 71 71 71 71 71
r126 0.676837
46 31 65 16 65 54 11 46 83 79 62 14 5 97 72
76 76 76 76 76 76 76 76 76 76 76 76 76 76 76
r127 0.547213
50 17 6 34 66 33 7 71 37 43 39 49 89 80 72
51 51 51 51 51 51 51 51 51 51 51 51 51 51 51
r128 0.542909
5 95 75 83 71 34 90 72 28 62 48 81 55 90 94
56 56 56 56 56 56 56 56 56 56 56 56 56 56 56
r129 0.940539
81 24 28 19 62 62 63 48 39 32 95 28 61 95 20
33 33 33 33 33 33 33 33 33 33 33 33 33 33 33
r130 0.676149
63 66 55 83 25 98 65 75 88 56 28 10 13 10 26
34 34 34 34 34 34 34 34 34 34 34 34 34 34 34
r131 0.963798
88 79 28 28 8 23 48 64 16 60 89 87 43 52 50
94 94 94 94 94 94 94 94 94 94 94 94 94 94 94
r132 0.944478
92 93 46 78 49 66 80 54 71 6 83 87 81 72 63
6 6 6 6 6 6 6 6 6 6 6 6 6 6 6
r133 0.628169
22 40 27 30 95 17 17 38 61 59 32 89 29 22 79
67 67 67 67 67 67 67 67 67 67 67 67 67 67 67
r134 0.623598
34 72 75 97 73 55 82 51 27 42 49 19 6 63 51
25 25 25 25 25 25 25 25 25 25 25 25 25 25 25
r135 0.605061
37 97 74 91 56 98 77 81 17 57 48 9 77 74 76
52 52 52 52 52 52 52 52 52 52 52 52 52 52 52
r136 0.628405
5 51 89 27 88 36 39 86 94 82 12 83 26 41 80
92 92 92 92 92 92 92 92 92 92 92 92 92 92 92
r137 0.844258
90 10 15 8 59 55 12 36 30 81 81 91 27 81 42
14 14 14 14 14 14 14 14 14 14 14 14 14 14 14
r138 0.723165
45 36 14 39 19 21 19 37 57 92 29 82 29 19 84
36 36 36 36 36 36 36 36 36 36 36 36 36 36 36
r139 0.896972
86 27 71 13 8 49 99 27 30 41 36 28 61 73 59
67 67 67 67 67 67 67 67 67 67 67 67 67 67 67
r140 0.711261
80 21 10 34 13 34 16 34 46 92 65 60 32 52 82
99 99 99 99 99 99 99 99 99 99 99 99 99 99 99
r141 0.744252
48 60 10 71 93 38 94 54 12 50 18 14 24 93 30
26 26 26 26 26 26 26 26 26 26 26 26 26 26 26
r142 0.735
53 36 68 94 29 34 51 56 78 34 52 38 16 96 90
18 18 18 18 18 18 18 18 18 18 18 18 18 18 18
r143 0.714144
52 55 35 56 5 49 65 21 42 87 43 62 26 88 94
87 87 87 87 87 87 87 87 87 87 87 87 87 87 87
r144 0.738228
18 30 71 91 56 21 26 65 17 17 78 73 96 27 28
28 28 28 28 28 28 28 28 28 28 28 28 28 28 28
r145 0.899124
72 40 42 12 28 77 66 46 65 60 33 41 72 46 66
44 44 44 44 44 44 44 44 44 44 44 44 44 44 44
r146 0.602985
60 56 80 69 68 58 39 61 81 62 84 56 79 54 89
21 21 21 21 21 21 21 21 21 21 21 21 21 21 21
r147 0.67342
93 24 55 55 77 81 91 49 24 55 85 54 70 42 10
50 50 50 50 50 50 50 50 50 50 50 50 50 50 50
r148 0.581129
5 42 31 81 96 12 35 76 61 24 92 16 33 83 36
80 80 80 80 80 80 80 80 80 80 80 80 80 80 80
r149 0.920122
61 27 54 78 74 40 32 44 74 34 86 78 96 86 20
27 27 27 27 27 27 27 27 27 27 27 27 27 27 27
r150 0.635725
31 95 85 85 19 74 96 44 54 29 24 88 34 81 12
84 84 84 84 84 84 84 84 84 84 84 84 84 84 84
r151 0.982242
21 83 22 90 14 8 65 10 89 81 29 51 87 55 46
72 72 72 72 72 72 72 72 72 72 72 72 72 72 72
r152 0.855227
43 34 96 93 58 21 78 88 94 85 69 50 63 85 30
80 80 80 80 80 80 80 80 80 80 80 80 80 80 80
r153 0.896793
83 38 41 69 16 62 18 98 17 59 67 50 14 7 79
10 10 10 10 10 10 10 10 10 10 10 10 10 10 10
r154 0.991776
23 70 25 14 52 86 56 15 68 81 87 41 17 67 71
50 50 50 50 50 50 50 50 50 50 50 50 50 50 50
r155 0.581055
12 47 74 25 98 38 67 12 40 46 15 33 75 30 95
96 96 96 96 96 96 96 96 96 96 96 96 96 96 96
r156 0.753757
79 91 55 48 70 43 81 82 10 52 33 36 28 40 78
97 97 97 97 97 97 97 97 97 97 97 97 97 97 97
r157 0.845676
32 24 84 67 62 91 92 38 22 88 31 57 33 10 45
83 83 83 83 83 83 83 83 83 83 83 83 83 83 83
r158 0.946494
23 34 90 26 78 23 57 98 55 36 95 10 13 27 26
89 89 89 89 89 89 89 89 89 89 89 89 89 89 89
r159 0.861626
78 76 19 95 64 42 49 92 47 89 73 93 5 91 24
87 87 87 87 87 87 87 87 87 87 87 87 87 87 87
r160 0.615524
7 70 93 57 6 86 59 11 10 81 92 89 62 70 66
73 73 73 73 73 73 73 73 73 73 73 73 73 73 73
r161 0.989707
15 14 20 54 96 88 47 93 79 64 80 89 59 82 59
49 49 49 49 49 49 49 49 49 49 49 49 49 49 49
r162 0.625456
35 91 60 38 69 52 27 28 20 88 96 77 16 11 84
31 31 31 31 31 31 31 31 31 31 31 31 31 31 31
r163 0.881437
16 5 70 87 64 50 76 20 32 35 61 60 84 92 51
44 44 44 44 44 44 44 44 44 44 44 44 44 44 44
r164 0.554382
92 49 40 9 35 36 81 46 39 62 69 92 39 77 92
9 9 9 9 9 9 9 9 9 9 9 9 9 9 9
r165 0.731365
54 41 65 78 68 26 39 50 15 85 89 37 95 78 79
35 35 35 35 35 35 35 35 35 35 35 35 35 35 35
r166 0.906748
64 61 55 98 23 24 90 55 96 79 59 57 32 14 90
89 89 89 89 89 89 89 89 89 89 89 89 89 89 89
r167 0.980168
16 23 6 23 6 90 56 96 66 35 31 48 44 90 6
91 91 91 91 91 91 91 91 91 91 91 91 91 91 91
r168 0.565328
12 76 72 5 56 31 57 80 37 48 70 22 96 78 40
97 97 97 97 97 97 97 97 97 97 97 97 97 97 97
r169 0.73333
84 49 34 50 79 61 91 20 48 89 11 34 11 15 8
75 75 75 75 75 75 75 75 75 75 75 75 75 75 75
r170 0.650474
99 68 36 36 13 98 50 9 76 83 98 70 21 82 19
51 51 51 51 51 51 51 51 51 51 51 51 51 51 51
r171 0.756095
9 18 11 49 7 15 76 11 22 79 81 33 35 80 93
63 63 63 63 63 63 63 63 63 63 63 63 63 63 63
r172 0.876723
62 56 7 35 39 97 5 56 76 20 7 6 11 8 19
14 14 14 14 14 14 14 14 14 14 14 14 14 14 14
r173 0.690217
21 28 25 39 7 6 64 34 79 57 90 85 55 52 41
54 54 54 54 54 54 54 54 54 54 54 54 54 54 54
r174 0.556167
51 80 29 27 92 31 26 95 31 37 6 78 51 23 7
68 68 68 68 68 68 68 68 68 68 68 68 68 68 68
r175 0.847618
70 18 33 46 67 23 31 22 67 67 71 46 40 19 26
64 64 64 64 64 64 64 64 64 64 64 64 64 64 64
r176 0.725715
87 56 10 18 86 12 89 37 27 88 6 73 86 68 83
19 19 19 19 19 19 19 19 19 19 19 19 19 19 19
r177 0.982899
34 37 64 96 96 35 43 34 46 61 90 79 69 78 33
74 74 74 74 74 74 74 74 74 74 74 74 74 74 74
r178 0.904492
78 74 48 5 62 46 73 46 14 56 60 20 98 87 49
62 62 62 62 62 62 62 62 62 62 62 62 62 62 62
r179 0.894751
92 23 72 35 77 62 12 46 40 40 17 26 54 91 92
97 97 97 97 97 97 97 97 97 97 97 97 97 97 97
r180 0.524547
44 62 96 50 15 53 63 14 37 12 71 21 50 61 36
22 22 22 22 22 22 22 22 22 22 22 22 22 22 22
r181 0.898372
80 98 48 17 35 61 35 84 52 28 79 40 75 23 94
68 68 68 68 68 68 68 68 68 68 68 68 68 68 68
r182 0.600881
18 28 16 51 36 79 64 78 40 95 96 29 98 76 24
46 46 46 46 46 46 46 46 46 46 46 46 46 46 46
r183 0.583464
7 21 36 51 44 15 84 19 30 78 82 91 80 95 19
88 88 88 88 88 88 88 88 88 88 88 88 88 88 88
r184 0.521845
68 7 26 5 98 22 29 96 90 49 42 75 96 42 88
32 32 32 32 32 32 32 32 32 32 32 32 32 32 32
r185 0.799436
43 72 43 68 48 22 59 25 15 71 11 53 18 74 56
36 36 36 36 36 36 36 36 36 36 36 36 36 36 36
r186 0.751072
50 99 44 40 45 81 13 41 20 96 68 9 26 11 73
61 61 61 61 61 61 61 61 61 61 61 61 61 61 61
r187 0.6712
79 28 39 89 94 45 42 13 16 90 41 85 41 87 81
80 80 80 80 80 80 80 80 80 80 80 80 80 80 80
r188 0.554337
59 32 59 74 26 25 75 44 28 49 5 95 59 79 24
93 93 93 93 93 93 93 93 93 93 93 93 93 93 93
r189 0.95205
35 8 23 43 93 60 26 32 44 7 12 63 26 66 91
77 77 77 77 77 77 77 77 77 77 77 77 77 77 77
r190 0.916846
97 16 53 26 57 53 21 17 30 37 7 93 51 35 93
66 66 66 66 66 66 66 66 66 66 66 66 66 66 66
r191 0.764907
23 94 16 62 94 23 26 17 82 14 89 20 20 87 31
68 68 68 68 68 68 68 68 68 68 68 68 68 68 68
r192 0.574112
18 26 90 43 59 89 34 7 24 24 65 90 8 84 84
19 19 19 19 19 19 19 19 19 19 19 19 19 19 19
r193 0.70084
35 67 90 17 73 77 32 88 64 55 53 66 33 67 84
23 23 23 23 23 23 23 23 23 23 23 23 23 23 23
r194 0.854289
10 36 42 29 56 8 19 59 87 96 71 30 71 6 90
59 59 59 59 59 59 59 59 59 59 59 59 59 59 59
r195 0.784681
36 39 52 92 89 5 58 20 64 42 35 70 78 40 98
17 17 17 17 17 17 17 17 17 17 17 17 17 17 17
r196 0.510827
20 76 14 99 69 77 30 41 78 17 95 85 75 31 24
24 24 24 24 24 24 24 24 24 24 24 24 24 24 24
r197 0.905082
22 73 22 81 15 53 48 85 88 47 98 50 93 15 24
7 7 7 7 7 7 7 7 7 7 7 7 7 7 7
r198 0.891062
79 37 29 54 49 21 36 21 47 52 38 62 55 55 35
72 72 72 72 72 72 72 72 72 72 72 72 72 72 72
r199 0.758324
25 74 28 11 18 26 53 11 37 69 11 44 58 82 73
79 79 79 79 79 79 79 79 79 79 79 79 79 79 79
r200 0.980256
96 65 35 40 18 68 98 68 20 30 40 49 68 58 20
89 89 89 89 89 89 89 89 89 89 89 89 89 89 89
