200 15 3 1 15
0 0.25
38508 38508 38508 38508 38508 38508 38508 38508 38508 38508 38508 38508 38508 38508 38508
w1 0.5
1992 1992 1992 1992 1992 1992 1992 1992 1992 1992 1992 1992 1992 1992 1992
w2 0.5
3765 3765 3765 3765 3765 3765 3765 3765 3765 3765 3765 3765 3765 3765 3765
w3 0.5
1732 1732 1732 1732 1732 1732 1732 1732 1732 1732 1732 1732 1732 1732 1732
w4 0.5
2201 2201 2201 2201 2201 2201 2201 2201 2201 2201 2201 2201 2201 2201 2201
w5 0.5
1821 1821 1821 1821 1821 1821 1821 1821 1821 1821 1821 1821 1821 1821 1821
w6 0.5
3918 3918 3918 3918 3918 3918 3918 3918 3918 3918 3918 3918 3918 3918 3918
w7 0.5
3364 3364 3364 3364 3364 3364 3364 3364 3364 3364 3364 3364 3364 3364 3364
w8 0.5
3363 3363 3363 3363 3363 3363 3363 3363 3363 3363 3363 3363 3363 3363 3363
w9 0.5
4010 4010 4010 4010 4010 4010 4010 4010 4010 4010 4010 4010 4010 4010 4010
w10 0.5
4116 4116 4116 4116 4116 4116 4116 4116 4116 4116 4116 4116 4116 4116 4116
w11 0.5
2176 2176 2176 2176 2176 2176 2176 2176 2176 2176 2176 2176 2176 2176 2176
w12 0.5
3672 3672 3672 3672 3672 3672 3672 3672 3672 3672 3672 3672 3672 3672 3672
w13 0.5
2123 2123 2123 2123 2123 2123 2123 2123 2123 2123 2123 2123 2123 2123 2123
w14 0.5
4205 4205 4205 4205 4205 4205 4205 4205 4205 4205 4205 4205 4205 4205 4205
w15 0.5
2468 2468 2468 2468 2468 2468 2468 2468 2468 2468 2468 2468 2468 2468 2468
r1 0.672607
87 87 87 87 87 87 87 87 87 87 87 87 87 87 87
51 51 51 51 51 51 51 51 51 51 51 51 51 51 51
r2 0.833866
52 52 52 52 52 52 52 52 52 52 52 52 52 52 52
87 87 87 87 87 87 87 87 87 87 87 87 87 87 87
r3 0.674969
97 97 97 97 97 97 97 97 97 97 97 97 97 97 97
51 51 51 51 51 51 51 51 51 51 51 51 51 51 51
r4 0.634721
39 39 39 39 39 39 39 39 39 39 39 39 39 39 39
18 18 18 18 18 18 18 18 18 18 18 18 18 18 18
r5 0.728219
54 54 54 54 54 54 54 54 54 54 54 54 54 54 54
67 67 67 67 67 67 67 67 67 67 67 67 67 67 67
r6 0.664318
58 58 58 58 58 58 58 58 58 58 58 58 58 58 58
63 63 63 63 63 63 63 63 63 63 63 63 63 63 63
r7 0.699594
69 69 69 69 69 69 69 69 69 69 69 69 69 69 69
26 26 26 26 26 26 26 26 26 26 26 26 26 26 26
r8 0.992988
73 73 73 73 73 73 73 73 73 73 73 73 73 73 73
65 65 65 65 65 65 65 65 65 65 65 65 65 65 65
r9 0.872912
34 34 34 34 34 34 34 34 34 34 34 34 34 34 34
38 38 38 38 38 38 38 38 38 38 38 38 38 38 38
r10 0.950027
40 40 40 40 40 40 40 40 40 40 40 40 40 40 40
84 84 84 84 84 84 84 84 84 84 84 84 84 84 84
r11 0.632827
23 23 23 23 23 23 23 23 23 23 23 23 23 23 23
68 68 68 68 68 68 68 68 68 68 68 68 68 68 68
r12 0.860209
98 98 98 98 98 98 98 98 98 98 98 98 98 98 98
21 21 21 21 21 21 21 21 21 21 21 21 21 21 21
r13 0.849991
25 25 25 25 25 25 25 25 25 25 25 25 25 25 25
15 15 15 15 15 15 15 15 15 15 15 15 15 15 15
r14 0.802343
54 54 54 54 54 54 54 54 54 54 54 54 54 54 54
46 46 46 46 46 46 46 46 46 46 46 46 46 46 46
r15 0.925382
61 61 61 61 61 61 61 61 61 61 61 61 61 61 61
95 95 95 95 95 95 95 95 95 95 95 95 95 95 95
r16 0.92673
25 25 25 25 25 25 25 25 25 25 25 25 25 25 25
51 51 51 51 51 51 51 51 51 51 51 51 51 51 51
r17 0.797522
87 87 87 87 87 87 87 87 87 87 87 87 87 87 87
20 20 20 20 20 20 20 20 20 20 20 20 20 20 20
r18 0.880628
84 84 84 84 84 84 84 84 84 84 84 84 84 84 84
86 86 86 86 86 86 86 86 86 86 86 86 86 86 86
r19 0.796361
29 29 29 29 29 29 29 29 29 29 29 29 29 29 29
17 17 17 17 17 17 17 17 17 17 17 17 17 17 17
r20 0.584029
51 51 51 51 51 51 51 51 51 51 51 51 51 51 51
52 52 52 52 52 52 52 52 52 52 52 52 52 52 52
r21 0.515917
91 91 91 91 91 91 91 91 91 91 91 91 91 91 91
70 70 70 70 70 70 70 70 70 70 70 70 70 70 70
r22 0.79803
79 79 79 79 79 79 79 79 79 79 79 79 79 79 79
65 65 65 65 65 65 65 65 65 65 65 65 65 65 65
r23 0.669053
52 52 52 52 52 52 52 52 52 52 52 52 52 52 52
86 86 86 86 86 86 86 86 86 86 86 86 86 86 86
r24 0.874281
72 72 72 72 72 72 72 72 72 72 72 72 72 72 72
37 37 37 37 37 37 37 37 37 37 37 37 37 37 37
r25 0.969311
6 6 6 6 6 6 6 6 6 6 6 6 6 6 6
93 93 93 93 93 93 93 93 93 93 93 93 93 93 93
r26 0.931007
98 98 98 98 98 98 98 98 98 98 98 98 98 98 98
16 16 16 16 16 16 16 16 16 16 16 16 16 16 16
r27 0.99061
55 55 55 55 55 55 55 55 55 55 55 55 55 55 55
95 95 95 95 95 95 95 95 95 95 95 95 95 95 95
r28 0.815596
37 37 37 37 37 37 37 37 37 37 37 37 37 37 37
77 77 77 77 77 77 77 77 77 77 77 77 77 77 77
r29 0.502114
72 72 72 72 72 72 72 72 72 72 72 72 72 72 72
6 6 6 6 6 6 6 6 6 6 6 6 6 6 6
r30 0.667834
46 46 46 46 46 46 46 46 46 46 46 46 46 46 46
49 49 49 49 49 49 49 49 49 49 49 49 49 49 49
r31 0.914145
96 96 96 96 96 96 96 96 96 96 96 96 96 96 96
37 37 37 37 37 37 37 37 37 37 37 37 37 37 37
r32 0.913653
17 17 17 17 17 17 17 17 17 17 17 17 17 17 17
13 13 13 13 13 13 13 13 13 13 13 13 13 13 13
r33 0.500225
48 48 48 48 48 48 48 48 48 48 48 48 48 48 48
61 61 61 61 61 61 61 61 61 61 61 61 61 61 61
r34 0.848829
87 87 87 87 87 87 87 87 87 87 87 87 87 87 87
30 30 30 30 30 30 30 30 30 30 30 30 30 30 30
r35 0.594187
71 71 71 71 71 71 71 71 71 71 71 71 71 71 71
31 31 31 31 31 31 31 31 31 31 31 31 31 31 31
r36 0.964519
48 48 48 48 48 48 48 48 48 48 48 48 48 48 48
27 27 27 27 27 27 27 27 27 27 27 27 27 27 27
r37 0.624141
71 71 71 71 71 71 71 71 71 71 71 71 71 71 71
77 77 77 77 77 77 77 77 77 77 77 77 77 77 77
r38 0.772649
15 15 15 15 15 15 15 15 15 15 15 15 15 15 15
11 11 11 11 11 11 11 11 11 11 11 11 11 11 11
r39 0.903029
36 36 36 36 36 36 36 36 36 36 36 36 36 36 36
76 76 76 76 76 76 76 76 76 76 76 76 76 76 76
r40 0.888193
67 67 67 67 67 67 67 67 67 67 67 67 67 67 67
19 19 19 19 19 19 19 19 19 19 19 19 19 19 19
r41 0.67817
51 51 51 51 51 51 51 51 51 51 51 51 51 51 51
16 16 16 16 16 16 16 16 16 16 16 16 16 16 16
r42 0.905786
5 5 5 5 5 5 5 5 5 5 5 5 5 5 5
25 25 25 25 25 25 25 25 25 25 25 25 25 25 25
r43 0.931249
16 16 16 16 16 16 16 16 16 16 16 16 16 16 16
68 68 68 68 68 68 68 68 68 68 68 68 68 68 68
r44 0.604551
11 11 11 11 11 11 11 11 11 11 11 11 11 11 11
52 52 52 52 52 52 52 52 52 52 52 52 52 52 52
r45 0.728035
38 38 38 38 38 38 38 38 38 38 38 38 38 38 38
24 24 24 24 24 24 24 24 24 24 24 24 24 24 24
r46 0.727082
55 55 55 55 55 55 55 55 55 55 55 55 55 55 55
67 67 67 67 67 67 67 67 67 67 67 67 67 67 67
r47 0.528422
84 84 84 84 84 84 84 84 84 84 84 84 84 84 84
36 36 36 36 36 36 36 36 36 36 36 36 36 36 36
r48 0.929576
10 10 10 10 10 10 10 10 10 10 10 10 10 10 10
46 46 46 46 46 46 46 46 46 46 46 46 46 46 46
r49 0.811174
8 8 8 8 8 8 8 8 8 8 8 8 8 8 8
74 74 74 74 74 74 74 74 74 74 74 74 74 74 74
r50 0.969575
99 99 99 99 99 99 99 99 99 99 99 99 99 99 99
42 42 42 42 42 42 42 42 42 42 42 42 42 42 42
r51 0.988808
44 44 44 44 44 44 44 44 44 44 44 44 44 44 44
85 85 85 85 85 85 85 85 85 85 85 85 85 85 85
r52 0.884792
18 18 18 18 18 18 18 18 18 18 18 18 18 18 18
85 85 85 85 85 85 85 85 85 85 85 85 85 85 85
r53 0.955555
95 95 95 95 95 95 95 95 95 95 95 95 95 95 95
93 93 93 93 93 93 93 93 93 93 93 93 93 93 93
r54 0.870151
39 39 39 39 39 39 39 39 39 39 39 39 39 39 39
96 96 96 96 96 96 96 96 96 96 96 96 96 96 96
r55 0.502861
7 7 7 7 7 7 7 7 7 7 7 7 7 7 7
34 34 34 34 34 34 34 34 34 34 34 34 34 34 34
r56 0.822996
91 91 91 91 91 91 91 91 91 91 91 91 91 91 91
82 82 82 82 82 82 82 82 82 82 82 82 82 82 82
r57 0.761562
7 7 7 7 7 7 7 7 7 7 7 7 7 7 7
63 63 63 63 63 63 63 63 63 63 63 63 63 63 63
r58 0.809172
88 88 88 88 88 88 88 88 88 88 88 88 88 88 88
68 68 68 68 68 68 68 68 68 68 68 68 68 68 68
r59 0.781419
80 80 80 80 80 80 80 80 80 80 80 80 80 80 80
68 68 68 68 68 68 68 68 68 68 68 68 68 68 68
r60 0.68042
45 45 45 45 45 45 45 45 45 45 45 45 45 45 45
67 67 67 67 67 67 67 67 67 67 67 67 67 67 67
r61 0.674006
24 24 24 24 24 24 24 24 24 24 24 24 24 24 24
11 11 11 11 11 11 11 11 11 11 11 11 11 11 11
r62 0.676324
12 12 12 12 12 12 12 12 12 12 12 12 12 12 12
24 24 24 24 24 24 24 24 24 24 24 24 24 24 24
r63 0.601025
19 19 19 19 19 19 19 19 19 19 19 19 19 19 19
19 19 19 19 19 19 19 19 19 19 19 19 19 19 19
r64 0.948335
87 87 87 87 87 87 87 87 87 87 87 87 87 87 87
50 50 50 50 50 50 50 50 50 50 50 50 50 50 50
r65 0.567082
13 13 13 13 13 13 13 13 13 13 13 13 13 13 13
53 53 53 53 53 53 53 53 53 53 53 53 53 53 53
r66 0.551454
52 52 52 52 52 52 52 52 52 52 52 52 52 52 52
41 41 41 41 41 41 41 41 41 41 41 41 41 41 41
r67 0.865969
53 53 53 53 53 53 53 53 53 53 53 53 53 53 53
44 44 44 44 44 44 44 44 44 44 44 44 44 44 44
r68 0.634768
88 88 88 88 88 88 88 88 88 88 88 88 88 88 88
32 32 32 32 32 32 32 32 32 32 32 32 32 32 32
r69 0.630501
63 63 63 63 63 63 63 63 63 63 63 63 63 63 63
9 9 9 9 9 9 9 9 9 9 9 9 9 9 9
r70 0.756194
13 13 13 13 13 13 13 13 13 13 13 13 13 13 13
49 49 49 49 49 49 49 49 49 49 49 49 49 49 49
r71 0.900043
88 88 88 88 88 88 88 88 88 88 88 88 88 88 88
65 65 65 65 65 65 65 65 65 65 65 65 65 65 65
r72 0.740216
57 57 57 57 57 57 57 57 57 57 57 57 57 57 57
72 72 72 72 72 72 72 72 72 72 72 72 72 72 72
r73 0.6825
7 7 7 7 7 7 7 7 7 7 7 7 7 7 7
84 84 84 84 84 84 84 84 84 84 84 84 84 84 84
r74 0.658143
43 43 43 43 43 43 43 43 43 43 43 43 43 43 43
71 71 71 71 71 71 71 71 71 71 71 71 71 71 71
r75 0.771697
76 76 76 76 76 76 76 76 76 76 76 76 76 76 76
79 79 79 79 79 79 79 79 79 79 79 79 79 79 79
r76 0.751197
40 40 40 40 40 40 40 40 40 40 40 40 40 40 40
29 29 29 29 29 29 29 29 29 29 29 29 29 29 29
r77 0.823725
78 78 78 78 78 78 78 78 78 78 78 78 78 78 78
77 77 77 77 77 77 77 77 77 77 77 77 77 77 77
r78 0.517702
79 79 79 79 79 79 79 79 79 79 79 79 79 79 79
63 63 63 63 63 63 63 63 63 63 63 63 63 63 63
r79 0.762705
42 42 42 42 42 42 42 42 42 42 42 42 42 42 42
26 26 26 26 26 26 26 26 26 26 26 26 26 26 26
r80 0.869908
71 71 71 71 71 71 71 71 71 71 71 71 71 71 71
31 31 31 31 31 31 31 31 31 31 31 31 31 31 31
r81 0.808884
64 64 64 64 64 64 64 64 64 64 64 64 64 64 64
20 20 20 20 20 20 20 20 20 20 20 20 20 20 20
r82 0.568442
63 63 63 63 63 63 63 63 63 63 63 63 63 63 63
72 72 72 72 72 72 72 72 72 72 72 72 72 72 72
r83 0.533375
75 75 75 75 75 75 75 75 75 75 75 75 75 75 75
71 71 71 71 71 71 71 71 71 71 71 71 71 71 71
r84 0.659236
6 6 6 6 6 6 6 6 6 6 6 6 6 6 6
12 12 12 12 12 12 12 12 12 12 12 12 12 12 12
r85 0.816177
75 75 75 75 75 75 75 75 75 75 75 75 75 75 75
83 83 83 83 83 83 83 83 83 83 83 83 83 83 83
r86 0.507059
97 97 97 97 97 97 97 97 97 97 97 97 97 97 97
20 20 20 20 20 20 20 20 20 20 20 20 20 20 20
r87 0.554877
58 58 58 58 58 58 58 58 58 58 58 58 58 58 58
90 90 90 90 90 90 90 90 90 90 90 90 90 90 90
r88 0.721194
57 57 57 57 57 57 57 57 57 57 57 57 57 57 57
66 66 66 66 66 66 66 66 66 66 66 66 66 66 66
r89 0.815181
84 84 84 84 84 84 84 84 84 84 84 84 84 84 84
8 8 8 8 8 8 8 8 8 8 8 8 8 8 8
r90 0.618259
16 16 16 16 16 16 16 16 16 16 16 16 16 16 16
74 74 74 74 74 74 74 74 74 74 74 74 74 74 74
r91 0.810846
85 85 85 85 85 85 85 85 85 85 85 85 85 85 85
35 35 35 35 35 35 35 35 35 35 35 35 35 35 35
r92 0.566948
24 24 24 24 24 24 24 24 24 24 24 24 24 24 24
90 90 90 90 90 90 90 90 90 90 90 90 90 90 90
r93 0.562891
27 27 27 27 27 27 27 27 27 27 27 27 27 27 27
65 65 65 65 65 65 65 65 65 65 65 65 65 65 65
r94 0.899699
15 15 15 15 15 15 15 15 15 15 15 15 15 15 15
66 66 66 66 66 66 66 66 66 66 66 66 66 66 66
r95 0.525707
66 66 66 66 66 66 66 66 66 66 66 66 66 66 66
42 42 42 42 42 42 42 42 42 42 42 42 42 42 42
r96 0.507998
96 96 96 96 96 96 96 96 96 96 96 96 96 96 96
36 36 36 36 36 36 36 36 36 36 36 36 36 36 36
r97 0.898025
56 56 56 56 56 56 56 56 56 56 56 56 56 56 56
89 89 89 89 89 89 89 89 89 89 89 89 89 89 89
r98 0.561757
88 88 88 88 88 88 88 88 88 88 88 88 88 88 88
44 44 44 44 44 44 44 44 44 44 44 44 44 44 44
r99 0.633963
80 80 80 80 80 80 80 80 80 80 80 80 80 80 80
28 28 28 28 28 28 28 28 28 28 28 28 28 28 28
r100 0.745143
93 93 93 93 93 93 93 93 93 93 93 93 93 93 93
36 36 36 36 36 36 36 36 36 36 36 36 36 36 36
r101 0.651492
35 35 35 35 35 35 35 35 35 35 35 35 35 35 35
21 21 21 21 21 21 21 21 21 21 21 21 21 21 21
r102 0.753052
87 87 87 87 87 87 87 87 87 87 87 87 87 87 87
40 40 40 40 40 40 40 40 40 40 40 40 40 40 40
r103 0.790041
13 13 13 13 13 13 13 13 13 13 13 13 13 13 13
60 60 60 60 60 60 60 60 60 60 60 60 60 60 60
r104 0.944958
98 98 98 98 98 98 98 98 98 98 98 98 98 98 98
70 70 70 70 70 70 70 70 70 70 70 70 70 70 70
r105 0.875946
94 94 94 94 94 94 94 94 94 94 94 94 94 94 94
33 33 33 33 33 33 33 33 33 33 33 33 33 33 33
r106 0.854703
71 71 71 71 71 71 71 71 71 71 71 71 71 71 71
29 29 29 29 29 29 29 29 29 29 29 29 29 29 29
r107 0.632426
59 59 59 59 59 59 59 59 59 59 59 59 59 59 59
77 77 77 77 77 77 77 77 77 77 77 77 77 77 77
r108 0.532839
38 38 38 38 38 38 38 38 38 38 38 38 38 38 38
65 65 65 65 65 65 65 65 65 65 65 65 65 65 65
r109 0.573645
77 77 77 77 77 77 77 77 77 77 77 77 77 77 77
42 42 42 42 42 42 42 42 42 42 42 42 42 42 42
r110 0.517549
22 22 22 22 22 22 22 22 22 22 22 22 22 22 22
33 33 33 33 33 33 33 33 33 33 33 33 33 33 33
r111 0.734459
35 35 35 35 35 35 35 35 35 35 35 35 35 35 35
63 63 63 63 63 63 63 63 63 63 63 63 63 63 63
r112 0.53326
79 79 79 79 79 79 79 79 79 79 79 79 79 79 79
48 48 48 48 48 48 48 48 48 48 48 48 48 48 48
r113 0.982393
14 14 14 14 14 14 14 14 14 14 14 14 14 14 14
56 56 56 56 56 56 56 56 56 56 56 56 56 56 56
r114 0.615233
10 10 10 10 10 10 10 10 10 10 10 10 10 10 10
51 51 51 51 51 51 51 51 51 51 51 51 51 51 51
r115 0.591017
64 64 64 64 64 64 64 64 64 64 64 64 64 64 64
46 46 46 46 46 46 46 46 46 46 46 46 46 46 46
r116 0.725921
60 60 60 60 60 60 60 60 60 60 60 60 60 60 60
14 14 14 14 14 14 14 14 14 14 14 14 14 14 14
r117 0.527004
81 81 81 81 81 81 81 81 81 81 81 81 81 81 81
68 68 68 68 68 68 68 68 68 68 68 68 68 68 68
r118 0.549143
92 92 92 92 92 92 92 92 92 92 92 92 92 92 92
6 6 6 6 6 6 6 6 6 6 6 6 6 6 6
r119 0.513532
47 47 47 47 47 47 47 47 47 47 47 47 47 47 47
76 76 76 76 76 76 76 76 76 76 76 76 76 76 76
r120 0.735353
22 22 22 22 22 22 22 22 22 22 22 22 22 22 22
93 93 93 93 93 93 93 93 93 93 93 93 93 93 93
r121 0.832863
29 29 29 29 29 29 29 29 29 29 29 29 29 29 29
25 25 25 25 25 25 25 25 25 25 25 25 25 25 25
r122 0.616909
49 49 49 49 49 49 49 49 49 49 49 49 49 49 49
96 96 96 96 96 96 96 96 96 96 96 96 96 96 96
r123 0.65444
6 6 6 6 6 6 6 6 6 6 6 6 6 6 6
11 11 11 11 11 11 11 11 11 11 11 11 11 11 11
r124 0.508345
16 16 16 16 16 16 16 16 16 16 16 16 16 16 16
13 13 13 13 13 13 13 13 13 13 13 13 13 13 13
r125 0.578324
90 90 90 90 90 90 90 90 90 90 90 90 90 90 90
72 72 72 72 72 72 72 72 72 72 72 72 72 72 72
r126 0.890084
98 98 98 98 98 98 98 98 98 98 98 98 98 98 98
29 29 29 29 29 29 29 29 29 29 29 29 29 29 29
r127 0.951622
32 32 32 32 32 32 32 32 32 32 32 32 32 32 32
10 10 10 10 10 10 10 10 10 10 10 10 10 10 10
r128 0.660963
38 38 38 38 38 38 38 38 38 38 38 38 38 38 38
98 98 98 98 98 98 98 98 98 98 98 98 98 98 98
r129 0.579865
7 7 7 7 7 7 7 7 7 7 7 7 7 7 7
42 42 42 42 42 42 42 42 42 42 42 42 42 42 42
r130 0.84229
11 11 11 11 11 11 11 11 11 11 11 11 11 11 11
60 60 60 60 60 60 60 60 60 60 60 60 60 60 60
r131 0.693382
42 42 42 42 42 42 42 42 42 42 42 42 42 42 42
81 81 81 81 81 81 81 81 81 81 81 81 81 81 81
r132 0.784632
37 37 37 37 37 37 37 37 37 37 37 37 37 37 37
27 27 27 27 27 27 27 27 27 27 27 27 27 27 27
r133 0.869093
75 75 75 75 75 75 75 75 75 75 75 75 75 75 75
25 25 25 25 25 25 25 25 25 25 25 25 25 25 25
r134 0.736805
67 67 67 67 67 67 67 67 67 67 67 67 67 67 67
36 36 36 36 36 36 36 36 36 36 36 36 36 36 36
r135 0.832726
10 10 10 10 10 10 10 10 10 10 10 10 10 10 10
27 27 27 27 27 27 27 27 27 27 27 27 27 27 27
r136 0.532802
86 86 86 86 86 86 86 86 86 86 86 86 86 86 86
22 22 22 22 22 22 22 22 22 22 22 22 22 22 22
r137 0.691735
76 76 76 76 76 76 76 76 76 76 76 76 76 76 76
46 46 46 46 46 46 46 46 46 46 46 46 46 46 46
r138 0.941952
34 34 34 34 34 34 34 34 34 34 34 34 34 34 34
76 76 76 76 76 76 76 76 76 76 76 76 76 76 76
r139 0.816291
86 86 86 86 86 86 86 86 86 86 86 86 86 86 86
76 76 76 76 76 76 76 76 76 76 76 76 76 76 76
r140 0.888397
16 16 16 16 16 16 16 16 16 16 16 16 16 16 16
82 82 82 82 82 82 82 82 82 82 82 82 82 82 82
r141 0.675819
31 31 31 31 31 31 31 31 31 31 31 31 31 31 31
24 24 24 24 24 24 24 24 24 24 24 24 24 24 24
r142 0.913016
70 70 70 70 70 70 70 70 70 70 70 70 70 70 70
54 54 54 54 54 54 54 54 54 54 54 54 54 54 54
r143 0.633247
7 7 7 7 7 7 7 7 7 7 7 7 7 7 7
29 29 29 29 29 29 29 29 29 29 29 29 29 29 29
r144 0.818905
45 45 45 45 45 45 45 45 45 45 45 45 45 45 45
88 88 88 88 88 88 88 88 88 88 88 88 88 88 88
r145 0.585223
88 88 88 88 88 88 88 88 88 88 88 88 88 88 88
90 90 90 90 90 90 90 90 90 90 90 90 90 90 90
r146 0.523219
8 8 8 8 8 8 8 8 8 8 8 8 8 8 8
73 73 73 73 73 73 73 73 73 73 73 73 73 73 73
r147 0.858813
47 47 47 47 47 47 47 47 47 47 47 47 47 47 47
49 49 49 49 49 49 49 49 49 49 49 49 49 49 49
r148 0.619008
88 88 88 88 88 88 88 88 88 88 88 88 88 88 88
76 76 76 76 76 76 76 76 76 76 76 76 76 76 76
r149 0.852949
30 30 30 30 30 30 30 30 30 30 30 30 30 30 30
59 59 59 59 59 59 59 59 59 59 59 59 59 59 59
r150 0.574167
9 9 9 9 9 9 9 9 9 9 9 9 9 9 9
68 68 68 68 68 68 68 68 68 68 68 68 68 68 68
r151 0.518015
43 43 43 43 43 43 43 43 43 43 43 43 43 43 43
94 94 94 94 94 94 94 94 94 94 94 94 94 94 94
r152 0.517355
55 55 55 55 55 55 55 55 55 55 55 55 55 55 55
64 64 64 64 64 64 64 64 64 64 64 64 64 64 64
r153 0.689098
89 89 89 89 89 89 89 89 89 89 89 89 89 89 89
63 63 63 63 63 63 63 63 63 63 63 63 63 63 63
r154 0.687682
45 45 45 45 45 45 45 45 45 45 45 45 45 45 45
5 5 5 5 5 5 5 5 5 5 5 5 5 5 5
r155 0.521453
33 33 33 33 33 33 33 33 33 33 33 33 33 33 33
88 88 88 88 88 88 88 88 88 88 88 88 88 88 88
r156 0.768734
40 40 40 40 40 40 40 40 40 40 40 40 40 40 40
88 88 88 88 88 88 88 88 88 88 88 88 88 88 88
r157 0.819611
61 61 61 61 61 61 61 61 61 61 61 61 61 61 61
32 32 32 32 32 32 32 32 32 32 32 32 32 32 32
r158 0.625703
28 28 28 28 28 28 28 28 28 28 28 28 28 28 28
21 21 21 21 21 21 21 21 21 21 21 21 21 21 21
r159 0.847976
64 64 64 64 64 64 64 64 64 64 64 64 64 64 64
43 43 43 43 43 43 43 43 43 43 43 43 43 43 43
r160 0.566294
75 75 75 75 75 75 75 75 75 75 75 75 75 75 75
47 47 47 47 47 47 47 47 47 47 47 47 47 47 47
r161 0.622947
66 66 66 66 66 66 66 66 66 66 66 66 66 66 66
82 82 82 82 82 82 82 82 82 82 82 82 82 82 82
r162 0.711318
73 73 73 73 73 73 73 73 73 73 73 73 73 73 73
37 37 37 37 37 37 37 37 37 37 37 37 37 37 37
r163 0.616037
34 34 34 34 34 34 34 34 34 34 34 34 34 34 34
23 23 23 23 23 23 23 23 23 23 23 23 23 23 23
r164 0.7062
13 13 13 13 13 13 13 13 13 13 13 13 13 13 13
63 63 63 63 63 63 63 63 63 63 63 63 63 63 63
r165 0.71861
76 76 76 76 76 76 76 76 76 76 76 76 76 76 76
89 89 89 89 89 89 89 89 89 89 89 89 89 89 89
r166 0.985993
35 35 35 35 35 35 35 35 35 35 35 35 35 35 35
29 29 29 29 29 29 29 29 29 29 29 29 29 29 29
r167 0.541151
59 59 59 59 59 59 59 59 59 59 59 59 59 59 59
83 83 83 83 83 83 83 83 83 83 83 83 83 83 83
r168 0.575819
32 32 32 32 32 32 32 32 32 32 32 32 32 32 32
11 11 11 11 11 11 11 11 11 11 11 11 11 11 11
r169 0.531949
74 74 74 74 74 74 74 74 74 74 74 74 74 74 74
70 70 70 70 70 70 70 70 70 70 70 70 70 70 70
r170 0.725833
75 75 75 75 75 75 75 75 75 75 75 75 75 75 75
43 43 43 43 43 43 43 43 43 43 43 43 43 43 43
r171 0.545868
44 44 44 44 44 44 44 44 44 44 44 44 44 44 44
9 9 9 9 9 9 9 9 9 9 9 9 9 9 9
r172 0.667873
99 99 99 99 99 99 99 99 99 99 99 99 99 99 99
77 77 77 77 77 77 77 77 77 77 77 77 77 77 77
r173 0.504864
24 24 24 24 24 24 24 24 24 24 24 24 24 24 24
8 8 8 8 8 8 8 8 8 8 8 8 8 8 8
r174 0.690088
8 8 8 8 8 8 8 8 8 8 8 8 8 8 8
16 16 16 16 16 16 16 16 16 16 16 16 16 16 16
r175 0.542449
84 84 84 84 84 84 84 84 84 84 84 84 84 84 84
85 85 85 85 85 85 85 85 85 85 85 85 85 85 85
r176 0.647172
53 53 53 53 53 53 53 53 53 53 53 53 53 53 53
20 20 20 20 20 20 20 20 20 20 20 20 20 20 20
r177 0.527476
11 11 11 11 11 11 11 11 11 11 11 11 11 11 11
71 71 71 71 71 71 71 71 71 71 71 71 71 71 71
r178 0.542172
92 92 92 92 92 92 92 92 92 92 92 92 92 92 92
98 98 98 98 98 98 98 98 98 98 98 98 98 98 98
r179 0.81027
90 90 90 90 90 90 90 90 90 90 90 90 90 90 90
69 69 69 69 69 69 69 69 69 69 69 69 69 69 69
r180 0.684719
32 32 32 32 32 32 32 32 32 32 32 32 32 32 32
44 44 44 44 44 44 44 44 44 44 44 44 44 44 44
r181 0.739685
9 9 9 9 9 9 9 9 9 9 9 9 9 9 9
80 80 80 80 80 80 80 80 80 80 80 80 80 80 80
r182 0.993184
67 67 67 67 67 67 67 67 67 67 67 67 67 67 67
80 80 80 80 80 80 80 80 80 80 80 80 80 80 80
r183 0.962572
58 58 58 58 58 58 58 58 58 58 58 58 58 58 58
96 96 96 96 96 96 96 96 96 96 96 96 96 96 96
r184 0.836945
68 68 68 68 68 68 68 68 68 68 68 68 68 68 68
99 99 99 99 99 99 99 99 99 99 99 99 99 99 99
r185 0.803987
38 38 38 38 38 38 38 38 38 38 38 38 38 38 38
80 80 80 80 80 80 80 80 80 80 80 80 80 80 80
r186 0.88515
89 89 89 89 89 89 89 89 89 89 89 89 89 89 89
34 34 34 34 34 34 34 34 34 34 34 34 34 34 34
r187 0.849169
69 69 69 69 69 69 69 69 69 69 69 69 69 69 69
40 40 40 40 40 40 40 40 40 40 40 40 40 40 40
r188 0.515654
33 33 33 33 33 33 33 33 33 33 33 33 33 33 33
29 29 29 29 29 29 29 29 29 29 29 29 29 29 29
r189 0.510309
98 98 98 98 98 98 98 98 98 98 98 98 98 98 98
20 20 20 20 20 20 20 20 20 20 20 20 20 20 20
r190 0.68111
32 32 32 32 32 32 32 32 32 32 32 32 32 32 32
44 44 44 44 44 44 44 44 44 44 44 44 44 44 44
r191 0.59435
8 8 8 8 8 8 8 8 8 8 8 8 8 8 8
48 48 48 48 48 48 48 48 48 48 48 48 48 48 48
r192 0.872978
79 79 79 79 79 79 79 79 79 79 79 79 79 79 79
15 15 15 15 15 15 15 15 15 15 15 15 15 15 15
r193 0.72831
30 30 30 30 30 30 30 30 30 30 30 30 30 30 30
66 66 66 66 66 66 66 66 66 66 66 66 66 66 66
r194 0.776385
75 75 75 75 75 75 75 75 75 75 75 75 75 75 75
31 31 31 31 31 31 31 31 31 31 31 31 31 31 31
r195 0.723402
37 37 37 37 37 37 37 37 37 37 37 37 37 37 37
64 64 64 64 64 64 64 64 64 64 64 64 64 64 64
r196 0.787971
76 76 76 76 76 76 76 76 76 76 76 76 76 76 76
50 50 50 50 50 50 50 50 50 50 50 50 50 50 50
r197 0.956084
32 32 32 32 32 32 32 32 32 32 32 32 32 32 32
19 19 19 19 19 19 19 19 19 19 19 19 19 19 19
r198 0.768893
54 54 54 54 54 54 54 54 54 54 54 54 54 54 54
47 47 47 47 47 47 47 47 47 47 47 47 47 47 47
r199 0.802217
72 72 72 72 72 72 72 72 72 72 72 72 72 72 72
42 42 42 42 42 42 42 42 42 42 42 42 42 42 42
r200 0.588004
59 59 59 59 59 59 59 59 59 59 59 59 59 59 59
70 70 70 70 70 70 70 70 70 70 70 70 70 70 70
