100 30 1 1 20
0 0.25
30226 39856 38243 38752 33557 38593 30632 41160 34370 32793 40167 34458 32482 39739 35598 35240 41403 32894 42702 41623 32745 43477 33912 32443 42386 34953 41047 31642 36871 36214
w1 0.5
2597 2922 4283 2702 3831 4228 3686 2992 2598 3479 4159 4056 3313 2250 4007 2553 1653 3901 3608 4276 3647 2085 2540 3090 2823 1846 2489 4466 2717 2704
w2 0.5
4167 4478 2494 2721 3810 2222 1907 2302 3321 4238 1961 3229 3051 2711 2736 4457 3216 2490 3565 3344 1637 4150 4385 3579 2826 2083 1920 2792 3300 3124
w3 0.5
3319 3103 1644 1540 2413 2719 2299 3567 1892 2389 4028 3621 4293 2591 2210 4250 1659 3200 3667 3503 3689 3317 3740 3120 1643 4323 3540 3287 3476 2517
w4 0.5
2295 4472 2934 2688 2737 4153 3839 1804 1545 2081 4332 4019 1874 2775 2081 1976 2934 4133 4143 2289 3322 3312 1882 2294 3808 1705 4334 2595 4033 2351
w5 0.5
2181 2675 2672 3721 3912 2677 3060 4216 3075 3993 4400 2594 1719 2675 3527 2547 4461 3160 2190 2603 1982 4355 2985 2776 3663 3542 2962 2110 3428 4166
w6 0.5
4109 2341 3372 3330 1754 1549 2242 4470 3124 2088 4371 1570 2307 2898 3597 3355 3212 2257 4397 1667 3091 4252 3504 1719 3767 2898 3182 1730 1826 2848
w7 0.5
1787 3689 4302 3969 4295 1703 2064 4266 3328 2652 4489 3750 3811 3239 3200 2666 2303 4309 2916 2470 2901 3020 1826 3472 2640 3225 2506 3222 3903 3854
w8 0.5
4191 3396 4306 3660 3191 1509 4224 3309 3689 2728 3298 3292 2040 2390 1992 3206 3193 1801 1974 1516 3554 3495 1842 2879 1635 3919 3885 3357 3323 3240
w9 0.5
3366 2488 3167 2526 1531 3528 2603 3341 2718 3831 2491 1862 4371 3381 2354 3430 2427 3007 3904 2795 2414 3251 3137 3793 3738 2909 3178 2595 2084 2270
w10 0.5
3950 3258 3827 1976 3290 2856 3431 2483 4426 2763 3474 1788 2986 2708 2994 2268 3987 1501 1673 2282 2415 3776 4271 1708 3015 2680 3387 4462 3264 1509
w11 0.5
2714 3268 4098 3543 2410 2454 2826 3393 2732 4089 2719 3020 2928 3927 1866 3696 3414 1868 4221 4196 3135 3498 4320 3344 2365 2500 2583 2327 1617 2592
w12 0.5
2831 1712 2197 2226 2622 3503 3553 1867 1736 3494 3087 3608 2274 2866 4327 4471 2133 1695 1544 2181 3330 3894 2001 2526 1759 3354 3961 2587 3471 2054
w13 0.5
2154 2618 1734 2881 4093 3738 2286 4460 4326 1632 3399 3786 2407 2118 3613 2730 2751 4160 2774 3432 3343 2521 4286 4369 2780 3140 3831 4219 2111 1737
w14 0.5
3117 2855 3991 1850 2448 3581 2636 2761 3759 2769 1660 3398 4028 2630 2863 2258 3881 2524 3884 3166 4367 1905 2952 1588 3538 1592 4271 3609 2555 1508
w15 0.5
4172 3216 2358 1523 1516 1791 3011 2777 4051 1632 3290 3301 4160 4420 1664 2270 4154 2688 1655 2820 2907 2412 1624 3348 1802 1716 3119 3912 3123 3480
w16 0.5
3147 2548 3488 3170 2564 4132 2034 4194 4035 2166 3336 2836 2179 3608 3000 2949 3262 1541 3456 1934 3300 4369 2058 2148 2023 2626 4120 4435 1601 3452
w17 0.5
3249 1500 1906 2271 2916 1538 2805 2962 4073 3824 2150 2761 1503 4259 1614 3304 3373 2007 2261 4160 3807 2482 1718 1808 3005 3197 4428 2941 3298 3732
w18 0.5
2047 3732 1765 2819 2148 2156 4476 3963 2081 4152 1613 3695 1507 4372 3809 3312 3598 4316 4073 3258 3623 2407 3828 4283 3912 2877 1563 2705 1676 3795
w19 0.5
2575 3027 3182 4246 4028 4190 1575 3491 2123 4227 3956 4318 4235 4181 3627 3047 3279 3795 2972 2389 3271 4231 2069 3054 3643 3447 3470 1849 3975 2765
w20 0.5
2050 1645 2299 2149 4173 2341 2224 3516 2965 1951 2972 3135 2038 2653 2615 3937 1784 1910 2409 3025 4033 2140 3595 2940 1636 2894 1910 2337 2369 3175
r1 0.646986
15 51 40 95 92 71 6 14 70 61 42 53 31 57 26 26 44 97 36 88 90 58 85 51 32 45 85 46 30 99
15 15 15 15 15 15 15 15 15 15 15 15 15 15 15 15 15 15 15 15 15 15 15 15 15 15 15 15 15 15
r2 0.640266
50 33 40 19 32 49 84 88 83 37 16 40 55 37 77 53 66 62 43 24 47 86 49 87 71 90 14 67 5 47
15 15 15 15 15 15 15 15 15 15 15 15 15 15 15 15 15 15 15 15 15 15 15 15 15 15 15 15 15 15
r3 0.882207
50 62 5 91 43 85 75 72 96 12 28 31 84 73 89 43 16 10 82 94 54 66 62 42 76 26 39 20 36 79
85 85 85 85 85 85 85 85 85 85 85 85 85 85 85 85 85 85 85 85 85 85 85 85 85 85 85 85 85 85
r4 0.742627
82 73 76 67 45 49 61 52 72 84 34 45 73 72 53 78 52 44 30 18 98 64 89 24 98 7 56 78 87 34
13 13 13 13 13 13 13 13 13 13 13 13 13 13 13 13 13 13 13 13 13 13 13 13 13 13 13 13 13 13
r5 0.886077
85 34 44 31 90 92 95 74 23 40 44 87 85 20 39 26 42 53 24 6 39 40 99 41 88 74 26 23 83 88
22 22 22 22 22 22 22 22 22 22 22 22 22 22 22 22 22 22 22 22 22 22 22 22 22 22 22 22 22 22
r6 0.642869
62 91 10 51 86 76 69 23 18 56 5 33 88 26 70 41 42 71 75 74 67 14 63 39 35 81 22 20 98 79
37 37 37 37 37 37 37 37 37 37 37 37 37 37 37 37 37 37 37 37 37 37 37 37 37 37 37 37 37 37
r7 0.7891
39 11 56 16 72 71 29 29 71 54 14 89 24 50 28 87 22 97 54 28 60 88 58 38 7 70 37 81 8 89
51 51 51 51 51 51 51 51 51 51 51 51 51 51 51 51 51 51 51 51 51 51 51 51 51 51 51 51 51 51
r8 0.914989
99 50 68 70 71 89 38 25 98 27 44 45 47 31 60 45 78 83 97 66 39 36 66 9 65 47 9 54 91 44
50 50 50 50 50 50 50 50 50 50 50 50 50 50 50 50 50 50 50 50 50 50 50 50 50 50 50 50 50 50
r9 0.765579
16 58 61 97 91 81 93 16 23 35 55 46 90 95 24 71 90 83 10 23 49 11 83 88 16 37 79 55 80 70
41 41 41 41 41 41 41 41 41 41 41 41 41 41 41 41 41 41 41 41 41 41 41 41 41 41 41 41 41 41
r10 0.501331
97 85 13 76 75 24 91 11 75 37 93 67 54 64 57 34 66 72 75 73 55 63 81 88 40 33 68 10 69 56
27 27 27 27 27 27 27 27 27 27 27 27 27 27 27 27 27 27 27 27 27 27 27 27 27 27 27 27 27 27
r11 0.515376
35 40 14 55 31 20 27 60 10 86 11 70 41 37 33 13 12 98 64 68 79 49 8 12 14 10 77 65 32 41
95 95 95 95 95 95 95 95 95 95 95 95 95 95 95 95 95 95 95 95 95 95 95 95 95 95 95 95 95 95
r12 0.521773
9 11 96 21 33 53 27 17 60 89 53 92 22 61 97 21 22 65 92 66 65 5 75 67 74 37 91 12 30 50
80 80 80 80 80 80 80 80 80 80 80 80 80 80 80 80 80 80 80 80 80 80 80 80 80 80 80 80 80 80
r13 0.908298
73 48 85 26 67 94 78 56 47 68 70 6 65 83 20 27 76 79 84 73 54 51 47 84 42 51 14 87 31 40
44 44 44 44 44 44 44 44 44 44 44 44 44 44 44 44 44 44 44 44 44 44 44 44 44 44 44 44 44 44
r14 0.601892
27 22 47 18 93 95 61 61 66 59 26 49 74 45 22 53 29 90 5 72 34 81 14 80 87 93 8 27 35 99
5 5 5 5 5 5 5 5 5 5 5 5 5 5 5 5 5 5 5 5 5 5 5 5 5 5 5 5 5 5
r15 0.569031
47 67 12 43 28 68 6 79 86 47 51 31 65 96 55 52 93 24 82 74 33 62 58 23 66 78 53 62 78 7
76 76 76 76 76 76 76 76 76 76 76 76 76 76 76 76 76 76 76 76 76 76 76 76 76 76 76 76 76 76
r16 0.847075
83 60 90 51 61 67 37 9 18 60 66 14 12 18 5 31 92 71 59 52 30 78 15 8 28 72 78 31 49 98
93 93 93 93 93 93 93 93 93 93 93 93 93 93 93 93 93 93 93 93 93 93 93 93 93 93 93 93 93 93
r17 0.955455
83 76 17 50 10 18 60 66 76 67 73 87 67 5 79 38 56 31 60 31 41 60 55 11 38 78 55 37 71 79
85 85 85 85 85 85 85 85 85 85 85 85 85 85 85 85 85 85 85 85 85 85 85 85 85 85 85 85 85 85
r18 0.609939
97 94 58 13 54 24 84 18 89 71 80 86 48 16 43 71 71 69 10 32 21 16 65 94 63 94 62 39 79 14
87 87 87 87 87 87 87 87 87 87 87 87 87 87 87 87 87 87 87 87 87 87 87 87 87 87 87 87 87 87
r19 0.728386
45 82 54 61 63 68 47 32 48 34 72 56 69 43 28 35 45 52 52 53 14 43 16 6 6 51 80 15 35 51
18 18 18 18 18 18 18 18 18 18 18 18 18 18 18 18 18 18 18 18 18 18 18 18 18 18 18 18 18 18
r20 0.640043
64 30 89 32 72 18 73 6 85 29 67 25 49 98 66 93 50 19 8 88 28 9 86 71 81 96 6 33 11 73
58 58 58 58 58 58 58 58 58 58 58 58 58 58 58 58 58 58 58 58 58 58 58 58 58 58 58 58 58 58
r21 0.946427
47 95 67 60 68 66 42 90 33 63 39 31 29 33 73 40 33 59 63 37 45 34 18 39 32 46 45 97 97 13
92 92 92 92 92 92 92 92 92 92 92 92 92 92 92 92 92 92 92 92 92 92 92 92 92 92 92 92 92 92
r22 0.526193
60 97 69 26 36 59 51 94 91 78 20 21 48 56 49 7 19 81 48 46 91 82 73 35 24 71 32 30 60 68
31 31 31 31 31 31 31 31 31 31 31 31 31 31 31 31 31 31 31 31 31 31 31 31 31 31 31 31 31 31
r23 0.768715
92 38 94 49 85 85 40 60 6 53 8 57 97 8 68 75 51 11 66 30 77 93 46 45 25 68 5 89 91 21
48 48 48 48 48 48 48 48 48 48 48 48 48 48 48 48 48 48 48 48 48 48 48 48 48 48 48 48 48 48
r24 0.832411
39 30 36 25 65 88 26 15 89 75 12 92 43 79 40 50 45 65 27 39 8 67 56 72 67 42 60 80 86 44
32 32 32 32 32 32 32 32 32 32 32 32 32 32 32 32 32 32 32 32 32 32 32 32 32 32 32 32 32 32
r25 0.993968
60 42 31 49 63 41 35 38 45 27 74 24 62 24 62 24 43 93 24 7 49 88 66 87 49 47 70 88 71 87
55 55 55 55 55 55 55 55 55 55 55 55 55 55 55 55 55 55 55 55 55 55 55 55 55 55 55 55 55 55
r26 0.7008
78 72 85 17 7 21 57 29 90 77 83 11 36 7 46 29 24 48 73 12 14 57 56 53 24 42 24 9 92 51
31 31 31 31 31 31 31 31 31 31 31 31 31 31 31 31 31 31 31 31 31 31 31 31 31 31 31 31 31 31
r27 0.97354
16 79 23 29 37 44 16 11 28 22 42 27 63 63 46 8 33 54 15 86 7 63 7 44 80 11 36 31 37 99
46 46 46 46 46 46 46 46 46 46 46 46 46 46 46 46 46 46 46 46 46 46 46 46 46 46 46 46 46 46
r28 0.928753
61 67 12 6 79 18 26 96 52 48 57 15 87 57 44 41 67 27 40 28 26 80 8 30 13 31 59 9 69 97
83 83 83 83 83 83 83 83 83 83 83 83 83 83 83 83 83 83 83 83 83 83 83 83 83 83 83 83 83 83
r29 0.74791
87 32 44 98 53 37 50 93 86 58 80 44 94 18 11 18 54 34 36 31 34 61 39 60 21 44 30 18 24 56
75 75 75 75 75 75 75 75 75 75 75 75 75 75 75 75 75 75 75 75 75 75 75 75 75 75 75 75 75 75
r30 0.777745
19 9 30 49 52 20 35 7 93 74 96 11 78 11 57 9 42 83 39 99 20 94 17 59 21 27 78 69 98 81
46 46 46 46 46 46 46 46 46 46 46 46 46 46 46 46 46 46 46 46 46 46 46 46 46 46 46 46 46 46
r31 0.893504
71 58 35 84 86 37 77 60 30 80 38 36 35 40 73 18 74 69 30 68 78 84 82 6 59 51 96 41 93 7
24 24 24 24 24 24 24 24 24 24 24 24 24 24 24 24 24 24 24 24 24 24 24 24 24 24 24 24 24 24
r32 0.581961
51 45 44 83 19 96 13 95 35 44 30 70 14 40 41 79 66 6 54 47 83 55 7 35 48 40 28 51 59 84
9 9 9 9 9 9 9 9 9 9 9 9 9 9 9 9 9 9 9 9 9 9 9 9 9 9 9 9 9 9
r33 0.928388
45 85 41 41 90 33 68 31 55 35 40 91 71 16 54 73 66 96 53 18 95 83 62 35 8 10 89 85 11 91
12 12 12 12 12 12 12 12 12 12 12 12 12 12 12 12 12 12 12 12 12 12 12 12 12 12 12 12 12 12
r34 0.691989
45 87 63 71 53 89 26 83 30 17 52 38 63 25 96 60 70 15 55 54 72 83 54 74 69 39 80 61 43 31
31 31 31 31 31 31 31 31 31 31 31 31 31 31 31 31 31 31 31 31 31 31 31 31 31 31 31 31 31 31
r35 0.80161
90 52 63 79 73 47 6 83 91 37 46 16 33 98 78 40 51 29 12 34 79 78 98 15 58 56 51 84 83 32
95 95 95 95 95 95 95 95 95 95 95 95 95 95 95 95 95 95 95 95 95 95 95 95 95 95 95 95 95 95
r36 0.732771
55 46 46 94 45 29 85 77 68 93 7 63 72 43 14 96 47 40 75 26 36 83 79 84 34 64 64 58 56 34
31 31 31 31 31 31 31 31 31 31 31 31 31 31 31 31 31 31 31 31 31 31 31 31 31 31 31 31 31 31
r37 0.894547
72 6 18 94 83 87 59 77 89 22 49 32 29 42 75 61 15 96 92 93 72 74 24 33 38 74 84 65 5 88
35 35 35 35 35 35 35 35 35 35 35 35 35 35 35 35 35 35 35 35 35 35 35 35 35 35 35 35 35 35
r38 0.636282
48 63 69 35 22 43 24 37 84 49 61 27 21 19 37 17 9 27 81 78 43 15 13 17 94 70 14 79 5 78
65 65 65 65 65 65 65 65 65 65 65 65 65 65 65 65 65 65 65 65 65 65 65 65 65 65 65 65 65 65
r39 0.529534
35 75 53 70 92 85 55 41 43 77 57 58 11 66 62 30 44 40 68 54 45 77 49 16 86 28 16 64 86 57
98 98 98 98 98 98 98 98 98 98 98 98 98 98 98 98 98 98 98 98 98 98 98 98 98 98 98 98 98 98
r40 0.600227
49 83 18 34 38 51 73 12 5 28 18 63 85 40 8 22 8 57 62 80 98 73 63 27 82 28 10 36 23 23
57 57 57 57 57 57 57 57 57 57 57 57 57 57 57 57 57 57 57 57 57 57 57 57 57 57 57 57 57 57
r41 0.990667
71 94 37 22 64 44 23 87 55 78 72 90 81 89 91 39 48 68 37 22 32 56 96 52 61 32 67 79 81 32
78 78 78 78 78 78 78 78 78 78 78 78 78 78 78 78 78 78 78 78 78 78 78 78 78 78 78 78 78 78
r42 0.827305
15 67 82 51 82 69 6 60 38 89 42 24 77 76 67 45 10 84 69 62 77 18 23 6 78 95 83 10 70 32
28 28 28 28 28 28 28 28 28 28 28 28 28 28 28 28 28 28 28 28 28 28 28 28 28 28 28 28 28 28
r43 0.824267
7 31 76 71 30 34 6 16 71 25 88 44 87 30 49 69 92 8 46 10 24 48 80 19 28 85 84 55 10 61
47 47 47 47 47 47 47 47 47 47 47 47 47 47 47 47 47 47 47 47 47 47 47 47 47 47 47 47 47 47
r44 0.924207
23 75 11 52 76 22 20 96 7 59 84 33 6 53 22 9 91 24 28 36 5 39 59 82 20 12 88 73 54 92
58 58 58 58 58 58 58 58 58 58 58 58 58 58 58 58 58 58 58 58 58 58 58 58 58 58 58 58 58 58
r45 0.937326
64 22 38 79 34 35 81 86 16 11 87 61 28 88 52 45 14 81 45 45 40 27 58 47 12 31 96 97 81 66
59 59 59 59 59 59 59 59 59 59 59 59 59 59 59 59 59 59 59 59 59 59 59 59 59 59 59 59 59 59
r46 0.982831
92 22 14 27 98 92 35 7 79 88 27 65 38 67 74 19 12 16 54 32 69 94 36 96 87 30 77 53 84 20
30 30 30 30 30 30 30 30 30 30 30 30 30 30 30 30 30 30 30 30 30 30 30 30 30 30 30 30 30 30
r47 0.768595
40 96 33 32 32 35 9 17 57 66 50 22 37 64 29 48 19 53 18 10 82 11 92 12 83 43 92 96 68 66
30 30 30 30 30 30 30 30 30 30 30 30 30 30 30 30 30 30 30 30 30 30 30 30 30 30 30 30 30 30
r48 0.635774
55 30 86 82 34 99 37 92 49 54 29 11 75 72 22 26 82 27 8 88 16 12 69 54 96 62 23 62 87 20
22 22 22 22 22 22 22 22 22 22 22 22 22 22 22 22 22 22 22 22 22 22 22 22 22 22 22 22 22 22
r49 0.630369
5 22 71 96 51 63 43 5 87 49 73 57 66 94 39 85 94 28 96 6 89 51 98 51 66 57 35 81 74 70
27 27 27 27 27 27 27 27 27 27 27 27 27 27 27 27 27 27 27 27 27 27 27 27 27 27 27 27 27 27
r50 0.654535
90 68 36 54 8 37 38 49 7 90 15 96 30 92 90 50 89 91 36 37 86 82 98 44 14 76 18 80 95 82
65 65 65 65 65 65 65 65 65 65 65 65 65 65 65 65 65 65 65 65 65 65 65 65 65 65 65 65 65 65
r51 0.76648
93 37 51 27 70 96 29 61 8 25 83 96 15 30 85 99 61 19 85 40 14 29 49 85 40 26 78 22 83 64
65 65 65 65 65 65 65 65 65 65 65 65 65 65 65 65 65 65 65 65 65 65 65 65 65 65 65 65 65 65
r52 0.670543
17 99 63 10 29 24 13 46 99 9 57 29 86 53 82 97 35 22 11 60 64 89 92 85 67 14 69 28 72 43
21 21 21 21 21 21 21 21 21 21 21 21 21 21 21 21 21 21 21 21 21 21 21 21 21 21 21 21 21 21
r53 0.662037
79 86 63 96 91 10 95 96 59 22 79 12 99 77 42 19 80 94 75 69 83 57 33 93 23 53 62 61 66 43
96 96 96 96 96 96 96 96 96 96 96 96 96 96 96 96 96 96 96 96 96 96 96 96 96 96 96 96 96 96
r54 0.917052
59 39 17 64 34 10 23 48 82 27 45 56 62 59 36 53 31 98 37 83 28 27 7 77 84 63 43 24 59 81
45 45 45 45 45 45 45 45 45 45 45 45 45 45 45 45 45 45 45 45 45 45 45 45 45 45 45 45 45 45
r55 0.822719
57 75 47 60 94 90 42 18 35 93 75 86 29 29 17 24 61 96 48 83 98 25 64 58 60 83 18 42 28 29
54 54 54 54 54 54 54 54 54 54 54 54 54 54 54 54 54 54 54 54 54 54 54 54 54 54 54 54 54 54
r56 0.799749
96 37 90 84 74 9 16 64 79 95 89 5 12 13 58 5 56 38 95 73 97 54 34 80 64 68 5 85 22 75
84 84 84 84 84 84 84 84 84 84 84 84 84 84 84 84 84 84 84 84 84 84 84 84 84 84 84 84 84 84
r57 0.764758
75 92 79 76 8 43 52 95 29 53 5 35 11 97 83 45 93 57 39 44 83 20 5 51 17 85 65 87 69 76
92 92 92 92 92 92 92 92 92 92 92 92 92 92 92 92 92 92 92 92 92 92 92 92 92 92 92 92 92 92
r58 0.823513
71 17 69 11 65 61 33 15 61 63 18 59 46 55 49 95 90 88 78 7 85 26 19 70 87 99 36 60 91 70
26 26 26 26 26 26 26 26 26 26 26 26 26 26 26 26 26 26 26 26 26 26 26 26 26 26 26 26 26 26
r59 0.850598
87 62 44 48 90 51 10 50 65 61 89 20 10 84 7 90 60 9 75 81 21 42 68 17 70 26 8 40 47 59
20 20 20 20 20 20 20 20 20 20 20 20 20 20 20 20 20 20 20 20 20 20 20 20 20 20 20 20 20 20
r60 0.590656
56 77 9 8 79 51 65 40 40 77 42 22 80 32 77 81 99 58 94 38 24 11 9 45 11 44 87 62 59 18
76 76 76 76 76 76 76 76 76 76 76 76 76 76 76 76 76 76 76 76 76 76 76 76 76 76 76 76 76 76
r61 0.531702
77 16 70 28 76 7 64 53 45 81 30 69 55 9 66 10 98 99 29 7 8 66 13 45 50 68 99 63 44 12
51 51 51 51 51 51 51 51 51 51 51 51 51 51 51 51 51 51 51 51 51 51 51 51 51 51 51 51 51 51
r62 0.777979
18 41 88 20 5 39 57 78 61 27 30 65 88 36 64 84 57 63 88 24 68 33 66 36 29 27 75 34 73 91
46 46 46 46 46 46 46 46 46 46 46 46 46 46 46 46 46 46 46 46 46 46 46 46 46 46 46 46 46 46
r63 0.836935
35 98 30 69 56 6 30 75 28 88 60 59 52 44 17 12 29 33 75 57 94 12 79 18 82 10 86 71 51 69
96 96 96 96 96 96 96 96 96 96 96 96 96 96 96 96 96 96 96 96 96 96 96 96 96 96 96 96 96 96
r64 0.792814
23 47 21 21 70 91 45 58 51 99 7 87 13 14 17 41 84 66 33 91 42 46 71 47 30 42 94 94 35 72
59 59 59 59 59 59 59 59 59 59 59 59 59 59 59 59 59 59 59 59 59 59 59 59 59 59 59 59 59 59
r65 0.958224
75 67 85 63 12 40 11 8 42 94 17 51 8 50 32 66 78 24 9 22 87 51 47 26 42 38 56 15 90 6
30 30 30 30 30 30 30 30 30 30 30 30 30 30 30 30 30 30 30 30 30 30 30 30 30 30 30 30 30 30
r66 0.934619
12 26 72 47 32 76 84 23 85 32 26 35 59 85 14 75 89 28 59 37 67 80 75 5 36 82 90 35 9 53
95 95 95 95 95 95 95 95 95 95 95 95 95 95 95 95 95 95 95 95 95 95 95 95 95 95 95 95 95 95
r67 0.818925
68 55 98 41 36 22 26 63 40 56 19 22 62 87 11 85 46 41 52 27 13 50 55 90 37 85 94 82 81 7
53 53 53 53 53 53 53 53 53 53 53 53 53 53 53 53 53 53 53 53 53 53 53 53 53 53 53 53 53 53
r68 0.691518
52 82 88 66 8 48 98 59 62 21 22 49 24 99 88 60 52 15 65 94 62 55 31 45 46 14 23 45 62 64
97 97 97 97 97 97 97 97 97 97 97 97 97 97 97 97 97 97 97 97 97 97 97 97 97 97 97 97 97 97
r69 0.640244
82 72 46 30 68 97 85 84 16 31 5 16 19 61 60 26 23 54 84 74 80 26 17 86 44 58 49 5 52 52
43 43 43 43 43 43 43 43 43 43 43 43 43 43 43 43 43 43 43 43 43 43 43 43 43 43 43 43 43 43
r70 0.820681
84 57 85 78 42 66 90 69 66 6 80 24 58 7 43 12 83 14 84 9 26 71 45 76 17 45 29 64 83 56
81 81 81 81 81 81 81 81 81 81 81 81 81 81 81 81 81 81 81 81 81 81 81 81 81 81 81 81 81 81
r71 0.880305
66 42 48 32 29 17 91 27 92 15 80 91 53 84 71 62 69 72 81 37 17 54 49 54 78 13 34 31 87 90
40 40 40 40 40 40 40 40 40 40 40 40 40 40 40 40 40 40 40 40 40 40 40 40 40 40 40 40 40 40
r72 0.817592
83 78 54 92 69 77 81 79 54 70 30 39 41 84 8 14 62 40 23 17 81 73 87 89 7 19 73 90 51 27
20 20 20 20 20 20 20 20 20 20 20 20 20 20 20 20 20 20 20 20 20 20 20 20 20 20 20 20 20 20
r73 0.590291
69 23 66 43 96 42 93 66 67 32 8 49 32 14 11 64 32 20 45 97 8 31 97 19 5 87 65 24 7 91
21 21 21 21 21 21 21 21 21 21 21 21 21 21 21 21 21 21 21 21 21 21 21 21 21 21 21 21 21 21
r74 0.959917
82 15 7 24 5 66 84 32 69 30 59 75 36 20 7 49 60 97 52 86 94 66 83 78 28 7 80 16 23 48
22 22 22 22 22 22 22 22 22 22 22 22 22 22 22 22 22 22 22 22 22 22 22 22 22 22 22 22 22 22
r75 0.99033
21 22 55 82 98 79 48 28 35 23 56 50 23 5 7 20 49 89 11 12 69 84 32 72 61 43 87 9 60 85
57 57 57 57 57 57 57 57 57 57 57 57 57 57 57 57 57 57 57 57 57 57 57 57 57 57 57 57 57 57
r76 0.667239
9 56 97 84 5 22 19 20 70 62 38 71 64 53 17 50 59 22 20 40 49 84 96 88 71 98 45 56 55 19
55 55 55 55 55 55 55 55 55 55 55 55 55 55 55 55 55 55 55 55 55 55 55 55 55 55 55 55 55 55
r77 0.923107
49 40 65 66 52 80 37 14 19 5 70 64 14 21 24 31 33 56 76 14 53 61 80 51 6 34 98 18 84 54
78 78 78 78 78 78 78 78 78 78 78 78 78 78 78 78 78 78 78 78 78 78 78 78 78 78 78 78 78 78
r78 0.558275
43 92 39 23 26 48 34 26 15 94 36 28 15 62 53 66 35 62 19 91 40 62 90 69 60 8 50 15 81 76
97 97 97 97 97 97 97 97 97 97 97 97 97 97 97 97 97 97 97 97 97 97 97 97 97 97 97 97 97 97
r79 0.975471
36 39 87 76 66 11 86 60 42 12 70 96 60 33 29 23 45 20 58 7 10 24 60 10 66 67 86 43 64 7
6 6 6 6 6 6 6 6 6 6 6 6 6 6 6 6 6 6 6 6 6 6 6 6 6 6 6 6 6 6
r80 0.631027
88 68 5 94 51 60 33 58 27 30 16 55 54 34 92 66 84 95 72 5 52 74 66 19 61 6 75 60 7 67
94 94 94 94 94 94 94 94 94 94 94 94 94 94 94 94 94 94 94 94 94 94 94 94 94 94 94 94 94 94
r81 0.902172
91 82 78 51 16 34 70 38 45 23 84 71 15 50 52 7 19 52 54 89 15 65 47 17 40 99 19 99 94 7
31 31 31 31 31 31 31 31 31 31 31 31 31 31 31 31 31 31 31 31 31 31 31 31 31 31 31 31 31 31
r82 0.912343
7 34 93 36 96 31 73 19 12 41 30 54 88 29 69 37 79 55 47 44 94 56 80 93 71 76 84 70 8 67
55 55 55 55 55 55 55 55 55 55 55 55 55 55 55 55 55 55 55 55 55 55 55 55 55 55 55 55 55 55
r83 0.909135
45 38 92 71 8 9 75 44 31 30 29 55 91 58 34 46 97 71 37 54 48 30 25 24 15 87 24 77 43 29
70 70 70 70 70 70 70 70 70 70 70 70 70 70 70 70 70 70 70 70 70 70 70 70 70 70 70 70 70 70
r84 0.500922
59 52 59 63 24 95 86 49 21 42 40 74 68 78 72 36 15 23 79 38 40 96 45 27 20 22 65 42 84 46
96 96 96 96 96 96 96 96 96 96 96 96 96 96 96 96 96 96 96 96 96 96 96 96 96 96 96 96 96 96
r85 0.550415
53 96 11 48 82 56 65 24 91 39 85 67 8 21 77 26 93 15 61 89 55 84 6 69 46 43 50 84 37 86
71 71 71 71 71 71 71 71 71 71 71 71 71 71 71 71 71 71 71 71 71 71 71 71 71 71 71 71 71 71
r86 0.605101
78 33 64 34 93 81 22 30 63 81 30 76 59 49 69 66 10 55 19 86 57 80 30 92 28 14 29 14 78 14
88 88 88 88 88 88 88 88 88 88 88 88 88 88 88 88 88 88 88 88 88 88 88 88 88 88 88 88 88 88
r87 0.859118
49 82 33 27 96 55 85 78 81 59 34 27 28 92 29 76 11 16 30 84 38 22 12 44 47 18 22 53 6 70
88 88 88 88 88 88 88 88 88 88 88 88 88 88 88 88 88 88 88 88 88 88 88 88 88 88 88 88 88 88
r88 0.929789
22 73 46 69 55 24 47 14 50 69 35 42 94 8 46 7 33 30 37 47 34 76 89 47 91 40 45 61 28 87
11 11 11 11 11 11 11 11 11 11 11 11 11 11 11 11 11 11 11 11 11 11 11 11 11 11 11 11 11 11
r89 0.510481
49 12 13 65 54 19 15 21 49 52 12 49 90 11 77 20 43 25 46 16 11 85 7 46 30 61 70 18 67 12
70 70 70 70 70 70 70 70 70 70 70 70 70 70 70 70 70 70 70 70 70 70 70 70 70 70 70 70 70 70
r90 0.612478
75 73 63 90 83 79 36 32 83 81 23 89 55 35 32 72 74 43 76 59 43 22 85 99 84 95 63 89 65 71
97 97 97 97 97 97 97 97 97 97 97 97 97 97 97 97 97 97 97 97 97 97 97 97 97 97 97 97 97 97
r91 0.606105
60 25 24 36 56 48 19 34 63 8 82 91 35 54 65 71 30 24 14 45 6 13 26 96 71 15 62 39 13 92
75 75 75 75 75 75 75 75 75 75 75 75 75 75 75 75 75 75 75 75 75 75 75 75 75 75 75 75 75 75
r92 0.660536
94 97 68 39 16 95 98 20 77 86 47 31 51 18 54 67 24 94 69 32 20 65 95 28 24 31 33 16 6 93
28 28 28 28 28 28 28 28 28 28 28 28 28 28 28 28 28 28 28 28 28 28 28 28 28 28 28 28 28 28
r93 0.712079
89 32 99 81 27 16 58 13 58 81 56 69 35 23 88 26 84 18 42 50 10 62 66 37 90 78 38 80 98 28
68 68 68 68 68 68 68 68 68 68 68 68 68 68 68 68 68 68 68 68 68 68 68 68 68 68 68 68 68 68
r94 0.864931
67 62 71 75 20 79 33 94 32 94 26 47 83 48 32 93 82 74 98 44 40 35 31 15 66 11 11 86 71 87
38 38 38 38 38 38 38 38 38 38 38 38 38 38 38 38 38 38 38 38 38 38 38 38 38 38 38 38 38 38
r95 0.588673
9 10 65 80 39 56 9 33 78 51 13 23 78 6 5 49 97 41 85 29 64 92 87 67 98 73 39 86 11 69
36 36 36 36 36 36 36 36 36 36 36 36 36 36 36 36 36 36 36 36 36 36 36 36 36 36 36 36 36 36
r96 0.745687
93 87 11 47 88 36 25 40 42 40 15 40 37 60 34 73 42 59 34 34 46 96 30 17 32 13 20 94 44 28
66 66 66 66 66 66 66 66 66 66 66 66 66 66 66 66 66 66 66 66 66 66 66 66 66 66 66 66 66 66
r97 0.888822
69 73 96 97 93 33 39 30 43 72 62 95 6 32 37 60 61 64 99 55 89 16 82 97 31 76 38 51 42 64
56 56 56 56 56 56 56 56 56 56 56 56 56 56 56 56 56 56 56 56 56 56 56 56 56 56 56 56 56 56
r98 0.846599
49 9 28 77 40 54 20 12 16 13 14 44 42 66 97 6 62 52 90 73 35 84 97 8 19 45 46 79 96 49
17 17 17 17 17 17 17 17 17 17 17 17 17 17 17 17 17 17 17 17 17 17 17 17 17 17 17 17 17 17
r99 0.815703
37 22 86 86 35 90 95 40 96 39 77 60 33 79 22 81 66 91 13 48 85 16 62 30 54 38 24 99 50 64
49 49 49 49 49 49 49 49 49 49 49 49 49 49 49 49 49 49 49 49 49 49 49 49 49 49 49 49 49 49
r100 0.996748
32 66 11 23 61 43 16 92 20 71 26 91 89 99 58 77 12 98 62 23 60 84 73 94 8 69 41 65 18 21
44 44 44 44 44 44 44 44 44 44 44 44 44 44 44 44 44 44 44 44 44 44 44 44 44 44 44 44 44 44
