100 30 4 1 10
0 0.25
38693 44813 34138 38879 39661 34815 44799 39562 37608 37580 39145 32036 30287 36777 39406 39273 39419 36636 39567 36411 37023 39966 41892 33635 36113 43948 38148 42085 41114 36234
w1 0.5
3307 1899 3886 3538 2560 2701 3338 3475 1661 1918 3620 3697 2557 4397 4103 2830 2168 2091 3749 2580 3466 1716 2824 4101 1829 1772 3601 1914 3886 3836
w2 0.5
3045 4235 2196 2084 2648 3749 3922 1975 4262 1692 4447 3811 3102 4345 3414 4432 2365 4358 3682 3445 3324 3898 2121 3278 1579 2393 2379 1993 2131 1715
w3 0.5
4029 1803 4351 1613 3303 3952 4387 4130 3714 1931 4077 3025 3533 4274 2292 3818 2140 2150 3000 4437 4326 2750 2059 3104 2829 3304 4336 3322 3936 1903
w4 0.5
3465 2558 2681 3930 4361 2134 4169 3991 1700 1600 3921 3578 3986 3695 4370 3304 4335 2372 2156 1625 2550 3406 2184 1507 2087 3988 4343 4261 3776 1746
w5 0.5
3093 2805 3773 2523 3018 1759 2544 2862 2311 2645 2283 4389 2131 4478 4259 4287 1666 2483 1943 1791 3534 3849 2827 3541 1788 2315 3736 1549 1944 3982
w6 0.5
3537 2639 2266 1913 4158 2877 2957 2872 4040 4454 3655 3930 2437 3985 4041 2224 1503 2025 2667 1794 4411 2368 3121 3804 2656 4289 3040 3058 2085 2874
w7 0.5
4122 4014 2669 1887 4024 4398 3345 2396 3938 3651 1551 3368 1589 4388 3262 2665 4392 3787 3833 1686 4050 2053 3660 3354 3210 3801 2246 2120 4386 3620
w8 0.5
4008 3134 3340 1748 2658 3238 3945 3554 3028 3096 3957 1897 3537 3846 3659 1703 3738 3298 4036 4276 2848 1589 3436 2054 3651 2737 2800 4271 2975 1920
w9 0.5
2836 3907 4486 3084 2065 3224 2529 4472 1753 4125 3929 2502 3163 3275 2013 3718 2513 3811 3606 2290 2511 4047 1578 3417 3199 3168 1717 3322 1643 2489
w10 0.5
2979 1896 4103 1563 2814 3180 2944 2786 3785 2922 2215 2139 1937 3991 2652 4155 2356 2315 3261 3498 3326 2808 3577 2595 1859 2597 3164 3682 2740 4153
r1 0.648135
32 9 40 93 41 72 74 33 54 54 27 86 77 49 36 91 44 94 71 57 42 23 62 22 50 83 86 43 57 92
65 81 93 97 74 32 69 45 60 23 91 83 9 69 29 37 57 69 31 28 23 66 44 78 80 86 61 66 29 15
r2 0.908191
88 45 84 62 69 53 99 30 69 91 10 70 57 34 8 14 95 31 34 16 92 73 89 72 57 47 35 81 58 82
65 46 25 49 6 89 94 5 16 63 91 21 34 48 48 34 54 43 60 84 54 50 54 40 19 11 83 50 85 38
r3 0.678549
79 49 94 77 39 85 75 47 49 66 64 75 12 12 9 58 47 61 42 94 11 89 34 23 95 14 68 80 47 89
27 24 39 18 96 70 99 68 17 45 35 73 20 39 80 21 92 25 74 32 19 78 21 45 96 13 52 61 86 94
r4 0.840545
15 81 27 9 48 23 72 58 63 99 31 75 38 9 88 28 29 62 55 40 37 68 80 33 76 32 86 62 24 34
68 34 15 90 35 59 10 8 14 68 7 40 40 38 41 28 61 65 82 16 97 20 76 78 45 52 7 29 12 23
r5 0.537604
53 68 62 80 24 67 83 33 32 86 66 67 21 7 90 77 65 69 85 62 84 61 37 27 10 40 51 17 55 9
87 5 69 49 81 89 16 64 19 43 47 80 7 63 80 92 37 45 59 22 7 40 78 37 62 84 69 10 93 24
r6 0.545717
25 76 27 6 62 36 62 76 71 10 54 74 65 34 63 98 71 22 17 70 58 88 7 17 72 71 23 62 91 29
43 16 97 63 14 59 94 71 33 62 73 79 36 36 13 95 31 76 14 43 46 67 31 49 77 95 20 95 58 11
r7 0.584016
19 19 56 28 73 47 92 98 10 62 77 38 93 85 30 24 58 40 63 5 99 86 49 76 82 64 68 40 68 85
30 82 99 79 8 69 23 92 68 25 54 45 59 48 28 84 67 81 21 27 81 18 14 30 86 88 87 55 25 52
r8 0.848125
31 36 29 34 5 45 26 65 65 73 11 24 21 34 6 80 12 19 5 89 32 11 16 19 94 95 66 19 47 6
64 74 34 86 5 34 31 24 95 88 92 98 13 10 29 11 82 36 22 82 22 50 88 31 61 82 23 27 96 63
r9 0.803969
34 54 44 34 80 67 50 72 55 39 67 60 44 91 63 24 25 81 6 39 28 90 65 81 69 81 8 63 44 25
21 73 71 57 99 51 21 47 21 68 81 83 29 23 72 84 42 92 65 43 31 88 30 89 69 92 70 69 55 11
r10 0.739086
79 57 22 75 6 38 22 19 6 96 97 27 19 69 12 56 61 72 91 85 58 19 74 24 8 41 86 58 47 69
23 23 27 40 93 25 70 13 39 71 9 33 94 23 95 98 71 53 67 59 38 25 73 9 42 76 45 25 31 87
r11 0.543377
10 16 81 96 33 48 9 64 20 13 93 11 28 88 9 94 41 68 53 75 89 24 76 28 92 22 48 21 9 37
62 12 46 41 5 74 84 9 39 96 14 29 7 37 17 8 28 50 72 73 22 58 92 94 81 85 16 29 98 17
r12 0.649221
21 99 96 21 71 78 22 7 74 31 31 74 60 40 77 83 85 46 57 5 96 49 94 77 31 7 98 29 16 57
82 30 53 75 46 24 53 61 23 25 87 49 94 48 81 68 28 64 15 80 64 11 27 55 81 50 54 76 75 65
r13 0.512736
87 79 29 31 95 75 87 19 95 74 60 89 19 42 57 43 6 64 20 65 68 39 17 49 85 66 25 57 28 51
11 16 27 32 42 22 7 29 33 97 95 89 83 12 31 38 47 32 97 62 89 65 97 6 11 79 67 29 36 90
r14 0.986438
98 94 66 40 16 69 61 42 63 57 31 47 61 57 80 8 84 74 62 73 37 56 74 40 35 38 64 66 25 36
5 24 30 64 59 39 33 18 76 88 70 7 35 31 56 12 31 40 79 88 10 13 45 76 48 75 11 13 39 31
r15 0.650832
50 67 95 7 98 28 20 71 14 82 73 44 10 29 49 36 61 25 21 63 33 61 39 73 34 45 78 68 68 20
99 19 79 92 18 77 20 30 45 29 9 18 66 14 39 12 42 92 29 58 55 54 17 86 27 46 28 6 11 91
r16 0.647374
7 92 94 20 66 12 45 11 33 49 21 91 55 52 95 89 41 24 45 91 73 57 74 93 95 97 91 6 88 9
5 91 93 95 8 59 7 49 62 35 90 75 27 43 24 22 32 60 39 72 51 12 26 25 97 18 19 88 19 99
r17 0.506767
90 82 12 91 38 14 37 92 41 27 67 63 62 86 78 87 43 17 56 89 21 78 11 19 91 22 99 8 22 89
20 9 71 27 95 10 33 32 97 69 52 62 33 14 45 8 96 84 20 53 70 36 28 74 47 19 91 47 19 13
r18 0.937057
18 99 53 13 9 81 38 99 51 85 58 76 94 98 76 88 82 91 41 53 24 64 24 64 75 15 8 87 21 39
21 34 35 67 39 37 45 72 36 91 54 89 64 49 84 40 37 67 28 70 17 45 31 36 9 98 43 12 85 59
r19 0.835019
85 73 66 25 7 11 89 38 95 44 24 56 85 6 92 19 65 17 84 77 57 12 10 58 10 45 62 91 5 5
90 85 71 53 7 73 59 89 9 54 33 25 11 15 26 95 29 86 9 10 60 59 14 62 17 19 8 75 7 8
r20 0.917336
85 40 42 88 11 97 77 12 48 7 32 51 14 51 46 35 37 48 37 90 7 46 52 19 57 52 86 60 52 56
49 38 88 87 23 94 81 92 98 29 94 31 76 5 74 19 35 8 62 67 93 64 10 43 76 62 87 59 19 40
r21 0.781598
70 96 45 88 87 26 80 86 47 71 14 23 71 83 35 98 83 92 62 77 54 67 17 27 26 99 78 38 36 83
94 6 76 39 89 63 57 66 46 99 37 52 20 5 32 50 95 16 39 57 85 85 21 97 12 43 93 83 76 30
r22 0.935676
31 39 6 18 94 55 79 41 54 14 85 69 14 18 19 10 26 51 59 8 36 76 5 41 16 90 24 84 17 82
51 44 21 49 57 15 99 33 48 53 42 31 20 52 41 31 54 62 77 10 65 14 78 62 47 89 49 63 73 62
r23 0.974754
6 58 65 55 65 64 83 11 15 23 37 27 67 73 53 18 32 28 23 89 34 97 51 76 86 92 39 57 54 76
73 52 31 39 99 91 95 80 94 10 98 31 32 65 96 78 78 28 6 96 17 35 90 60 8 77 50 39 31 99
r24 0.83521
49 38 38 48 26 34 28 21 36 26 44 61 86 41 39 61 61 37 58 71 64 45 28 67 22 73 6 45 73 13
45 19 46 75 62 67 6 86 83 35 9 28 91 88 61 30 49 22 59 99 88 23 45 17 82 59 85 80 5 55
r25 0.979538
69 31 17 29 90 16 15 71 46 16 94 37 99 52 59 49 69 18 48 55 33 88 64 12 48 46 87 48 94 72
85 63 95 94 84 85 10 91 56 48 8 47 80 7 94 36 51 61 46 92 16 71 80 72 78 25 18 65 65 12
r26 0.762823
68 29 42 52 15 44 44 63 88 47 11 65 46 97 94 90 58 40 82 66 12 59 38 85 80 52 48 45 56 74
88 24 99 27 69 11 66 10 66 51 49 72 14 90 70 8 80 25 43 59 87 47 19 22 30 94 66 70 36 23
r27 0.757109
39 40 43 8 43 10 13 10 53 57 74 62 45 41 62 25 62 98 80 46 45 91 63 67 82 30 37 18 45 77
35 79 14 70 80 53 75 88 55 26 43 29 80 83 63 43 8 25 41 80 63 78 68 23 46 50 48 75 61 85
r28 0.996662
65 59 58 45 9 31 30 59 52 68 80 29 51 43 67 52 60 5 29 23 79 93 42 22 43 82 92 96 65 42
84 30 93 43 67 97 66 89 56 15 58 33 39 6 69 7 50 29 99 75 45 75 65 79 92 5 61 82 97 26
r29 0.563524
48 14 21 12 11 79 97 59 89 52 87 29 53 53 28 96 78 24 71 20 95 36 94 84 36 52 66 30 71 82
12 16 88 25 24 94 97 18 53 86 65 38 12 15 86 32 11 61 52 74 73 47 7 67 28 39 20 90 64 86
r30 0.860514
94 58 86 18 49 83 28 95 66 88 33 74 96 16 98 99 70 50 71 43 89 73 8 18 9 23 5 66 6 66
31 95 21 17 11 66 92 34 61 56 20 86 27 13 94 25 12 61 71 75 5 57 49 8 67 50 23 64 16 21
r31 0.518755
13 44 52 19 10 42 49 63 93 61 49 20 69 41 37 73 97 5 49 97 58 90 97 22 37 17 82 49 33 10
84 42 46 33 53 49 67 97 12 57 55 54 69 21 90 7 90 87 7 36 82 57 23 79 75 55 89 54 96 22
r32 0.668118
56 97 11 10 46 70 99 51 28 55 5 92 68 90 94 58 77 94 86 59 51 6 36 26 57 22 75 50 36 28
28 88 26 31 90 64 96 89 15 21 41 15 11 10 97 97 60 75 91 44 31 43 45 59 61 94 76 34 45 13
r33 0.774861
93 75 91 83 37 84 69 47 98 11 55 9 13 52 98 65 24 90 9 48 30 50 7 86 41 76 17 81 81 70
43 71 42 34 54 74 16 23 22 11 26 69 12 31 21 10 92 38 92 96 81 22 43 80 6 80 56 18 58 34
r34 0.612096
5 23 28 51 92 39 67 11 42 85 75 49 17 89 55 6 27 44 97 8 59 38 83 60 18 37 70 68 63 51
65 61 66 89 12 58 25 74 65 63 60 40 9 69 29 56 70 48 96 64 51 55 94 32 12 9 61 74 73 24
r35 0.65683
80 83 24 85 42 42 56 99 97 13 36 6 77 58 58 44 6 51 6 50 98 95 77 10 5 35 76 70 51 94
8 29 74 25 14 16 62 65 12 59 71 44 57 48 97 15 85 95 61 86 45 56 78 19 61 78 49 35 48 96
r36 0.571085
25 95 66 31 9 25 88 16 76 59 52 33 5 46 41 85 42 94 68 82 51 46 97 9 22 43 39 62 39 60
11 56 53 69 79 57 89 68 68 65 27 18 91 24 59 32 6 96 26 69 79 72 13 73 74 30 16 13 87 48
r37 0.731556
99 19 60 79 71 47 44 36 12 63 49 98 83 6 27 84 97 49 51 73 18 59 46 87 81 55 93 65 98 59
56 94 70 14 70 38 56 14 66 60 73 13 56 53 14 78 34 11 24 80 77 35 36 20 22 17 70 12 78 68
r38 0.665894
60 33 40 30 63 91 40 30 49 10 38 5 58 47 75 84 50 95 65 27 30 96 43 44 11 13 49 84 74 12
15 31 38 48 56 96 36 88 26 80 93 59 80 48 98 53 33 49 48 90 71 70 83 11 11 89 17 55 73 83
r39 0.733233
14 93 29 65 86 60 51 13 38 44 64 15 85 63 63 15 9 11 5 72 73 83 79 80 73 88 32 43 71 84
21 77 74 42 42 61 95 88 66 33 30 30 43 12 85 7 22 86 10 19 59 79 97 35 56 67 23 80 8 86
r40 0.87903
63 39 59 97 92 54 86 58 79 13 81 22 20 63 21 34 50 27 48 6 98 42 36 51 10 54 31 10 37 88
26 95 25 80 92 17 31 75 68 10 83 49 28 95 9 41 26 54 63 69 55 61 9 83 12 11 34 36 16 66
r41 0.972834
61 41 15 54 54 41 29 22 44 10 63 67 97 67 8 24 19 64 85 66 22 86 50 27 92 79 58 8 46 74
38 99 13 45 53 62 81 75 76 22 77 36 81 74 98 85 90 14 46 73 76 63 59 23 82 52 97 37 52 40
r42 0.958221
40 20 27 85 74 6 60 47 23 37 78 5 9 73 82 94 83 28 64 56 83 24 74 63 68 68 95 20 6 99
98 41 19 22 23 85 23 76 32 39 13 7 39 14 76 18 9 56 38 68 12 21 84 78 79 52 43 75 68 44
r43 0.9872
77 86 80 96 68 96 72 93 35 77 95 66 87 68 79 88 24 17 53 28 30 38 98 10 82 42 77 47 78 48
10 56 31 83 49 92 76 21 85 11 90 77 69 77 43 48 62 62 60 16 83 85 46 78 87 25 20 61 68 94
r44 0.801599
47 30 50 91 22 26 9 99 29 94 74 93 69 17 38 31 71 93 39 54 76 77 33 60 98 45 22 66 36 21
36 78 46 79 69 61 5 73 57 27 65 31 20 34 43 51 57 12 44 92 61 17 66 86 73 64 29 90 27 60
r45 0.510488
39 49 35 5 7 35 71 60 57 33 83 70 62 24 18 16 31 57 8 84 70 70 68 43 31 92 30 54 52 33
10 83 74 40 81 77 70 49 34 25 77 17 87 36 33 5 47 59 54 48 44 21 15 9 56 41 96 81 90 45
r46 0.996992
26 81 35 99 58 98 48 84 20 22 93 99 50 27 96 89 81 50 37 22 64 47 26 20 81 19 97 68 60 8
61 78 84 91 77 39 86 22 20 98 39 14 97 81 36 90 70 14 38 5 32 97 44 50 17 25 65 11 89 25
r47 0.98791
95 91 38 72 28 22 89 40 20 25 49 15 6 77 97 71 87 35 71 19 32 16 61 42 33 26 48 19 43 55
64 38 44 95 10 64 14 91 99 26 16 46 33 14 23 31 81 10 61 49 21 86 57 78 25 83 96 65 97 37
r48 0.968424
70 57 54 73 18 60 61 17 81 73 58 15 82 74 41 60 79 94 7 96 77 56 71 97 39 67 60 37 99 73
91 67 30 42 37 43 97 93 52 75 66 8 85 46 77 23 6 53 15 5 46 84 57 17 79 91 77 39 28 73
r49 0.654926
40 34 50 69 72 44 63 21 20 29 21 5 67 90 21 66 44 31 66 82 15 20 95 86 12 69 25 32 42 32
41 75 61 86 44 30 31 7 44 46 29 60 43 88 48 59 54 84 82 18 66 90 33 58 76 37 27 97 65 62
r50 0.700798
37 83 84 73 10 12 73 49 53 94 7 89 82 47 45 34 31 28 47 92 15 72 51 83 10 70 80 67 32 99
65 61 79 46 35 84 54 5 31 99 94 30 88 73 72 34 7 98 54 46 87 64 19 38 47 21 9 25 83 33
r51 0.562423
90 95 86 22 76 40 22 99 40 13 29 25 78 93 54 78 88 5 24 76 61 35 11 9 48 12 26 28 41 42
68 31 34 55 48 10 87 62 10 24 67 31 45 45 25 94 23 13 92 40 81 53 67 88 54 16 95 75 39 33
r52 0.950029
56 40 55 99 46 42 58 48 62 25 74 99 63 91 90 81 97 82 18 78 36 81 63 85 89 56 58 25 84 64
25 41 5 75 37 43 15 88 83 69 10 54 65 68 46 55 47 40 38 57 15 66 38 74 51 24 27 6 45 8
r53 0.987933
41 63 35 71 98 42 59 81 11 61 32 71 30 73 23 69 10 56 26 21 22 57 87 66 73 14 67 18 14 30
73 51 85 8 22 80 45 73 61 48 34 89 16 56 59 34 22 62 86 44 78 5 93 65 66 66 71 31 77 80
r54 0.718744
28 39 53 42 16 93 15 73 38 42 59 49 93 15 78 13 72 61 52 47 62 42 12 25 5 75 48 77 53 97
24 76 33 69 19 44 59 29 14 92 63 65 41 54 73 20 62 45 76 11 88 35 48 92 53 48 65 96 23 18
r55 0.809779
89 20 9 8 57 63 30 66 56 88 29 89 39 97 6 96 39 75 7 24 10 47 17 55 88 77 52 11 90 39
45 76 55 49 77 9 10 7 67 58 87 91 47 27 85 49 20 25 24 20 44 26 62 53 77 47 27 26 53 17
r56 0.942116
86 12 37 63 13 42 65 76 95 49 64 40 68 50 84 81 67 5 96 11 26 55 57 98 98 79 21 48 89 74
39 75 81 72 38 87 11 95 63 7 41 27 39 7 72 23 83 36 20 79 43 41 31 95 37 29 71 53 70 60
r57 0.500498
35 6 73 65 85 80 57 48 79 94 67 18 96 37 33 79 68 48 55 11 81 78 98 15 5 67 61 70 27 80
74 55 78 45 20 63 25 73 11 96 64 74 11 60 11 36 36 74 76 83 78 57 61 73 65 61 40 26 28 60
r58 0.67407
15 80 40 27 43 60 92 47 53 56 18 59 13 21 90 41 87 63 21 62 20 78 36 80 36 68 98 60 25 5
55 35 80 90 55 20 47 44 59 92 93 72 51 98 88 38 40 73 93 56 35 13 31 63 86 60 29 84 17 49
r59 0.63501
77 58 51 32 74 93 68 30 85 61 98 33 60 83 63 92 56 56 48 84 61 72 47 44 29 71 26 41 21 7
97 93 61 48 22 32 38 85 57 20 44 52 45 99 36 8 91 84 56 36 68 14 5 16 51 29 79 72 62 95
r60 0.703206
85 29 99 99 53 37 82 11 52 26 55 92 22 83 92 13 68 45 41 33 52 42 41 98 63 21 67 23 13 38
74 94 63 74 90 16 11 72 19 56 90 70 48 12 50 38 17 18 78 54 44 30 88 80 25 51 96 87 69 7
r61 0.962256
93 81 15 83 89 18 53 6 69 43 68 15 51 18 45 63 29 23 14 68 46 97 48 66 49 42 51 15 44 69
51 37 47 58 17 36 72 65 37 38 9 97 45 52 16 85 15 40 6 22 8 47 19 48 10 60 82 53 68 26
r62 0.814287
55 64 70 68 93 39 30 27 72 34 25 18 81 36 95 89 68 96 11 68 40 22 16 43 75 91 91 43 14 11
54 65 67 21 30 60 55 55 83 28 82 5 38 60 36 30 49 96 27 52 64 59 67 72 97 42 63 86 80 70
r63 0.567562
35 56 48 57 17 98 9 92 23 86 92 53 47 25 79 88 21 98 38 77 57 5 49 52 42 10 35 19 75 24
45 7 75 88 56 84 84 60 76 7 44 65 53 83 85 32 71 98 30 9 75 79 6 22 31 43 24 61 54 91
r64 0.769508
90 56 80 46 37 61 98 14 64 39 74 17 22 57 41 86 55 66 90 28 45 92 42 69 32 58 30 82 49 8
74 39 56 51 77 88 13 72 94 69 12 69 78 29 23 19 15 70 77 98 90 19 87 32 83 16 85 11 90 31
r65 0.704257
62 65 16 36 53 24 9 48 85 16 14 63 37 29 77 48 94 54 43 85 68 30 14 49 38 92 55 29 23 64
88 78 26 96 14 71 17 18 16 97 26 22 60 59 46 34 99 38 83 42 23 49 64 29 93 97 21 45 26 37
r66 0.541412
15 27 8 24 93 21 38 7 15 59 24 71 15 66 5 14 99 81 48 19 27 12 43 17 7 57 57 25 89 58
32 99 80 36 23 70 49 53 69 56 10 89 27 20 52 25 27 48 98 70 59 25 75 94 37 74 51 86 94 40
r67 0.726292
36 21 55 52 83 96 5 53 52 7 42 72 23 86 92 42 34 87 9 88 12 79 82 41 53 34 27 45 66 66
67 98 79 19 50 62 15 47 15 59 50 49 31 65 35 20 7 61 7 11 49 11 83 29 47 33 55 66 73 21
r68 0.652778
16 8 51 58 63 58 98 70 18 48 20 41 10 47 57 9 9 56 12 50 63 87 71 7 21 26 66 89 40 90
24 48 91 70 7 54 26 5 24 36 45 36 72 47 76 26 51 80 78 55 27 38 43 94 37 59 17 98 45 52
r69 0.739691
96 77 32 98 28 50 95 47 81 37 76 53 76 52 75 27 29 50 74 51 80 17 42 17 68 55 13 14 7 91
70 98 68 94 93 91 44 85 35 25 19 11 71 90 55 43 14 79 88 84 31 68 96 65 77 65 20 82 71 20
r70 0.706509
15 38 33 6 26 69 83 57 90 98 60 58 85 16 96 95 90 84 76 18 49 69 76 23 31 91 6 97 8 71
33 19 10 61 17 31 30 95 80 17 90 38 70 76 46 66 68 33 47 44 44 88 13 20 9 40 8 7 34 12
r71 0.811831
23 75 20 35 7 43 27 79 55 18 14 23 89 55 81 54 81 26 93 25 11 98 40 15 35 43 17 62 47 83
21 62 58 37 89 57 75 17 34 27 27 43 45 13 91 24 62 72 45 52 92 51 50 29 59 78 64 68 37 12
r72 0.869004
66 7 85 56 56 57 65 85 77 87 29 19 95 17 38 57 84 75 9 73 27 51 97 81 26 61 46 58 65 93
12 32 92 89 80 48 44 45 34 21 32 55 32 27 64 66 76 48 41 77 21 60 25 15 38 47 71 80 97 34
r73 0.715278
61 62 91 41 7 32 81 33 45 10 83 72 29 47 35 5 87 72 74 5 29 94 15 63 41 79 40 36 13 10
37 69 64 25 7 66 52 80 95 89 85 75 62 11 20 92 11 99 61 77 5 83 71 12 46 10 86 81 41 94
r74 0.55707
60 47 94 59 13 43 39 5 33 21 73 90 24 88 79 27 87 38 99 84 21 71 92 59 73 78 40 14 70 20
79 27 62 73 82 67 14 18 68 42 32 41 29 51 26 5 74 10 38 70 90 51 41 82 10 11 57 42 20 24
r75 0.79472
47 19 65 26 79 74 36 44 13 60 80 37 9 98 38 75 8 68 45 93 20 79 72 22 85 27 60 6 46 14
93 85 26 55 8 5 27 40 44 35 92 21 68 96 19 6 71 19 66 17 13 81 91 77 99 76 99 56 74 46
r76 0.603916
28 83 20 32 80 39 64 21 69 56 37 37 53 48 35 24 60 97 36 68 75 24 42 71 93 42 27 67 80 82
29 8 65 41 32 43 75 91 59 44 45 89 74 93 34 9 14 89 98 43 57 74 62 95 42 55 34 62 20 14
r77 0.621672
17 6 77 42 44 52 33 99 91 73 88 65 63 22 67 73 9 62 16 58 33 70 50 71 26 79 33 38 88 72
74 98 73 51 40 18 98 65 14 86 36 94 49 94 13 13 67 17 70 75 71 99 46 21 70 64 96 95 97 81
r78 0.936586
76 37 19 16 47 14 74 53 95 10 47 44 99 56 49 64 65 20 36 36 19 77 50 81 41 46 73 35 24 40
98 96 69 14 9 17 23 78 65 16 83 10 52 80 58 97 41 23 17 72 52 28 50 97 6 83 40 74 16 59
r79 0.753529
55 75 18 60 84 36 35 47 44 19 49 89 91 7 86 32 25 95 99 72 20 46 66 18 27 6 84 38 61 90
41 13 62 54 65 44 83 96 83 27 12 32 16 95 31 94 27 51 86 23 21 98 65 79 16 87 81 95 25 39
r80 0.688143
47 45 13 13 81 91 6 64 18 10 91 27 5 22 18 24 65 97 42 78 95 7 58 9 89 36 96 11 70 79
65 17 21 73 22 97 61 20 58 74 25 46 93 22 60 9 41 22 6 79 96 93 78 51 94 65 79 91 71 49
r81 0.94651
58 80 98 73 74 59 88 29 31 11 70 21 28 30 25 65 47 23 41 40 17 19 83 11 79 62 94 48 8 58
73 62 35 72 35 6 28 20 30 51 26 95 68 47 22 88 12 65 12 45 97 21 59 81 24 36 40 16 79 44
r82 0.542063
98 97 21 30 98 42 45 29 88 64 21 53 11 39 42 15 96 46 55 93 59 11 71 78 42 9 86 18 45 53
63 43 50 76 65 45 18 7 66 99 66 83 52 69 19 86 79 12 29 34 5 83 38 69 62 75 73 48 86 18
r83 0.52253
53 43 22 15 81 36 17 47 32 76 27 79 45 41 63 25 48 87 51 46 71 84 12 30 57 77 70 40 87 64
84 40 99 6 47 80 34 59 28 58 35 47 35 76 84 93 93 29 80 41 67 48 26 74 70 75 51 41 15 35
r84 0.852372
70 93 89 17 74 24 69 94 77 96 41 12 69 22 97 62 47 75 99 11 23 22 78 86 92 26 24 99 57 21
90 24 14 76 34 80 92 98 74 70 94 13 74 64 30 69 23 69 44 19 76 59 36 54 45 25 72 64 24 29
r85 0.761362
49 84 80 75 64 72 73 36 39 64 44 11 25 66 75 41 36 19 55 12 70 87 58 16 9 30 72 29 52 50
32 93 31 12 68 87 77 41 23 16 97 59 22 23 26 92 59 54 8 11 61 74 93 16 82 98 38 54 24 85
r86 0.98068
78 27 53 43 15 30 76 30 38 74 82 56 89 8 45 45 54 49 51 15 20 42 23 97 40 56 51 56 39 48
99 14 70 49 53 80 74 29 8 13 95 85 61 84 85 6 26 39 47 73 46 62 15 64 59 47 17 8 98 48
r87 0.783898
55 18 44 5 91 15 26 94 20 22 79 76 98 61 75 25 95 22 93 41 80 5 97 36 47 11 39 45 52 85
39 7 99 75 7 87 86 28 81 6 42 57 75 41 18 50 61 13 67 51 46 44 51 40 76 93 46 15 35 90
r88 0.697368
92 89 45 91 76 28 17 54 26 51 11 96 87 24 46 45 29 11 91 67 50 39 7 23 32 45 34 62 36 24
29 25 13 66 14 81 86 26 35 12 72 41 9 57 57 47 97 78 50 86 45 93 25 44 16 50 84 42 9 17
r89 0.861418
38 66 88 47 47 74 65 77 82 34 15 83 86 64 27 81 42 73 67 79 66 84 23 74 34 8 17 39 20 70
61 50 37 50 89 76 24 54 51 98 84 58 81 67 23 6 48 57 74 12 34 37 92 52 8 23 52 20 54 65
r90 0.765911
15 17 61 97 85 80 51 36 79 32 87 57 92 7 58 37 59 29 45 85 61 34 38 65 52 82 77 99 47 57
15 55 69 71 52 52 48 95 83 24 28 67 77 20 69 32 52 26 57 89 11 15 20 44 72 68 27 47 64 66
r91 0.98224
18 66 42 65 18 85 61 93 7 81 61 76 93 30 8 42 48 57 29 55 65 44 94 37 9 18 76 68 77 73
42 90 36 79 53 46 62 11 36 64 87 92 40 77 20 40 16 60 93 40 15 58 80 7 87 81 17 61 50 89
r92 0.87582
77 62 61 30 8 23 36 39 79 20 29 16 89 41 51 5 96 41 41 12 91 18 14 79 94 26 37 44 13 66
29 82 25 85 12 28 5 40 62 76 52 83 87 41 24 38 41 18 75 74 22 66 87 28 42 82 46 74 23 54
r93 0.81572
36 57 26 40 77 26 75 37 97 24 20 81 60 37 20 97 50 87 71 64 53 56 87 88 38 33 62 53 83 92
93 16 46 19 49 24 38 24 56 32 44 71 14 96 5 29 90 47 13 59 11 61 15 93 46 45 27 6 93 7
r94 0.890906
15 36 6 59 55 36 76 11 63 17 75 72 13 72 93 99 20 6 58 23 60 65 17 6 10 36 99 98 35 92
82 42 29 80 97 76 16 73 80 74 82 55 44 90 27 37 86 39 36 41 58 88 6 67 86 8 95 86 7 27
r95 0.520004
64 99 61 61 73 72 31 53 43 13 5 82 96 24 17 79 59 45 21 14 33 19 76 19 23 68 5 22 90 76
98 54 72 56 13 45 28 39 90 63 48 90 46 41 15 55 20 69 95 33 78 28 48 51 42 63 16 40 77 6
r96 0.981667
52 80 28 60 23 48 95 13 11 40 99 52 76 14 99 88 75 94 22 50 22 65 93 57 25 9 92 97 7 5
66 54 80 89 15 95 37 7 9 40 42 5 85 15 14 84 95 84 79 17 31 96 74 24 53 91 28 42 88 30
r97 0.848957
79 20 40 86 15 72 88 16 10 27 16 90 34 22 74 30 98 53 39 29 50 14 48 95 5 71 38 86 93 72
37 70 84 73 56 92 42 45 8 47 64 17 37 94 34 12 21 33 60 55 57 7 61 6 95 62 69 33 45 60
r98 0.628701
30 82 47 81 74 85 23 77 29 83 86 59 74 21 63 87 46 20 42 98 23 99 96 15 58 63 43 98 23 37
72 48 19 20 29 88 97 45 63 23 25 46 77 94 62 40 81 8 56 20 99 71 16 95 81 69 55 21 64 73
r99 0.673235
21 68 49 43 53 43 83 13 61 5 55 39 94 14 74 72 18 27 84 14 93 96 6 71 62 57 87 27 30 41
56 44 6 5 82 51 43 62 60 99 62 12 35 53 21 7 22 31 29 6 40 20 94 42 86 57 94 74 79 21
r100 0.794422
60 10 32 39 56 70 93 16 66 52 23 97 97 37 99 19 63 25 18 99 40 9 38 24 61 29 90 37 45 97
64 98 7 91 34 55 58 25 64 25 72 79 19 70 16 15 81 75 35 91 71 68 96 9 87 54 33 74 87 70
