100 30 8 1 10
0 0.25
39219 30841 44222 40225 41129 33662 41665 31531 36633 34408 33969 44684 41002 42809 37282 38166 33966 31783 42419 32892 37918 42356 39895 32107 40036 38110 39956 31247 30004 40171
w1 0.5
2075 3512 2435 3300 2641 3097 3317 1524 3730 2078 2493 3766 4080 3654 2048 3598 1620 3832 4017 1513 3102 1726 2760 2562 2762 1870 3518 4361 2226 1689
w2 0.5
2802 4053 4008 1954 2546 2957 4124 2923 2539 1702 3916 1805 1634 3423 2354 3732 3543 2038 3249 3908 3992 3475 2168 2054 2089 2890 4424 2302 3617 1613
w3 0.5
1919 1518 3736 2725 2565 2546 2349 3988 3585 2551 3756 4243 3037 2679 2449 2269 2075 3339 4371 4483 2831 3698 2152 3386 4288 3542 3310 2442 2659 3776
w4 0.5
3430 3794 4407 2008 2211 2453 2857 1699 1890 4261 4308 1633 2798 2487 2582 3568 3062 1773 3791 3398 3105 2989 4050 1991 3129 3092 4153 4072 1604 3429
w5 0.5
3886 3076 2001 4394 4139 3306 2752 4339 3697 2865 4499 4182 1515 2486 2617 3935 4401 2890 3226 3299 4495 1716 3201 2338 3697 2145 1992 3269 2249 4273
w6 0.5
1988 3201 4365 1882 2841 3172 3486 3032 2721 1851 3031 2403 1867 4369 3520 4302 4270 2263 3381 3421 2258 3597 2122 3097 2794 3120 3941 1916 3869 4066
w7 0.5
4357 2768 4497 2092 4109 3169 4078 2641 1742 1782 4172 2646 2501 4393 2018 2655 1516 2781 1536 3437 3892 3985 4412 2841 2632 3032 2282 3048 2753 1848
w8 0.5
2963 3468 3177 3907 3077 2199 3485 1570 2441 4119 1594 3939 2472 4488 4458 3980 1504 3091 4016 3793 2483 3854 4057 3824 1986 2941 1958 3886 4195 2659
w9 0.5
3010 1627 1595 2417 3205 2294 1754 3627 3588 1726 3722 3379 2698 3710 3337 2178 3714 2281 2047 3007 3616 4401 2917 3293 2239 4358 3751 1625 4053 2262
w10 0.5
2915 2390 3490 3832 4447 1637 4439 3574 3725 1665 2796 2604 2863 2358 1794 3894 1924 2927 4441 3784 2043 1694 2201 3836 2785 2059 3440 3262 1965 4202
r1 0.942759
94 35 70 88 49 29 88 89 89 31 91 34 62 82 63 21 39 96 80 9 42 81 11 67 91 11 11 71 95 28
38 38 38 38 38 38 38 38 38 38 38 38 38 38 38 38 38 38 38 38 38 38 38 38 38 38 38 38 38 38
r2 0.932667
8 78 5 32 63 90 18 87 78 48 49 60 8 65 91 97 46 95 36 24 98 99 12 6 7 78 97 31 14 84
82 82 82 82 82 82 82 82 82 82 82 82 82 82 82 82 82 82 82 82 82 82 82 82 82 82 82 82 82 82
r3 0.76183
82 42 23 69 55 7 47 95 51 99 99 13 87 93 51 83 29 68 81 25 75 83 28 54 77 54 60 61 36 72
17 17 17 17 17 17 17 17 17 17 17 17 17 17 17 17 17 17 17 17 17 17 17 17 17 17 17 17 17 17
r4 0.879924
32 83 62 34 27 57 77 24 53 83 11 46 31 86 71 94 68 88 70 48 16 21 22 65 76 75 93 48 87 9
55 55 55 55 55 55 55 55 55 55 55 55 55 55 55 55 55 55 55 55 55 55 55 55 55 55 55 55 55 55
r5 0.813859
17 46 11 66 24 30 20 99 37 58 30 23 26 25 83 15 90 28 26 11 45 84 82 17 74 27 5 78 77 17
62 62 62 62 62 62 62 62 62 62 62 62 62 62 62 62 62 62 62 62 62 62 62 62 62 62 62 62 62 62
r6 0.844114
66 53 74 91 65 73 25 23 99 41 45 21 21 52 11 42 73 14 79 54 88 92 29 12 92 99 85 6 62 68
59 59 59 59 59 59 59 59 59 59 59 59 59 59 59 59 59 59 59 59 59 59 59 59 59 59 59 59 59 59
r7 0.926246
31 16 75 99 34 94 95 70 36 13 83 83 16 25 53 25 5 8 10 92 29 18 81 28 95 82 85 63 38 10
74 74 74 74 74 74 74 74 74 74 74 74 74 74 74 74 74 74 74 74 74 74 74 74 74 74 74 74 74 74
r8 0.890771
49 61 48 40 53 15 68 62 90 51 73 16 97 91 16 5 96 5 26 11 81 49 6 60 32 62 90 34 36 55
48 48 48 48 48 48 48 48 48 48 48 48 48 48 48 48 48 48 48 48 48 48 48 48 48 48 48 48 48 48
r9 0.624065
88 18 58 95 81 20 86 30 86 97 27 77 10 24 70 10 45 77 83 86 75 40 18 37 30 48 68 77 88 43
85 85 85 85 85 85 85 85 85 85 85 85 85 85 85 85 85 85 85 85 85 85 85 85 85 85 85 85 85 85
r10 0.888911
44 69 34 56 55 56 42 49 75 16 54 94 79 56 36 53 36 23 28 71 33 61 97 73 26 74 62 64 57 36
17 17 17 17 17 17 17 17 17 17 17 17 17 17 17 17 17 17 17 17 17 17 17 17 17 17 17 17 17 17
r11 0.834382
44 52 56 95 87 5 71 95 52 62 74 8 91 27 37 14 48 8 39 9 5 13 27 72 70 87 29 98 96 25
98 98 98 98 98 98 98 98 98 98 98 98 98 98 98 98 98 98 98 98 98 98 98 98 98 98 98 98 98 98
r12 0.573084
51 36 53 52 99 49 96 61 20 96 52 40 33 58 83 37 90 84 34 98 11 6 65 90 30 63 87 47 58 27
17 17 17 17 17 17 17 17 17 17 17 17 17 17 17 17 17 17 17 17 17 17 17 17 17 17 17 17 17 17
r13 0.703277
62 54 54 11 50 16 24 43 60 59 72 16 39 6 6 23 35 99 26 34 61 17 59 21 99 7 74 23 16 79
74 74 74 74 74 74 74 74 74 74 74 74 74 74 74 74 74 74 74 74 74 74 74 74 74 74 74 74 74 74
r14 0.79282
28 77 72 36 93 16 92 52 80 8 83 81 6 98 13 97 24 42 58 33 97 74 29 96 45 48 12 25 19 77
47 47 47 47 47 47 47 47 47 47 47 47 47 47 47 47 47 47 47 47 47 47 47 47 47 47 47 47 47 47
r15 0.713586
20 74 47 31 63 91 8 63 71 84 64 69 89 61 86 32 16 16 26 85 41 22 30 81 26 47 95 95 87 34
50 50 50 50 50 50 50 50 50 50 50 50 50 50 50 50 50 50 50 50 50 50 50 50 50 50 50 50 50 50
r16 0.68972
89 30 63 78 33 26 46 14 85 16 98 43 94 27 54 7 48 36 40 62 59 21 80 6 13 76 88 43 23 87
43 43 43 43 43 43 43 43 43 43 43 43 43 43 43 43 43 43 43 43 43 43 43 43 43 43 43 43 43 43
r17 0.958846
7 82 45 25 29 54 8 37 50 46 28 72 93 30 21 29 66 75 83 79 56 82 85 32 67 28 50 55 63 54
67 67 67 67 67 67 67 67 67 67 67 67 67 67 67 67 67 67 67 67 67 67 67 67 67 67 67 67 67 67
r18 0.672399
10 83 58 56 86 87 6 29 15 74 19 37 87 44 98 62 24 75 18 6 60 42 66 80 84 21 43 39 80 98
65 65 65 65 65 65 65 65 65 65 65 65 65 65 65 65 65 65 65 65 65 65 65 65 65 65 65 65 65 65
r19 0.699762
20 39 64 7 37 85 14 11 5 46 93 41 42 53 60 17 66 59 69 6 25 49 85 38 84 21 15 82 81 93
60 60 60 60 60 60 60 60 60 60 60 60 60 60 60 60 60 60 60 60 60 60 60 60 60 60 60 60 60 60
r20 0.699117
21 98 61 7 9 65 99 51 55 40 88 8 92 97 67 48 66 68 68 15 53 98 91 70 14 74 48 7 31 45
28 28 28 28 28 28 28 28 28 28 28 28 28 28 28 28 28 28 28 28 28 28 28 28 28 28 28 28 28 28
r21 0.938272
84 47 45 46 43 88 97 75 76 5 67 70 67 16 36 35 76 43 81 75 34 48 81 5 91 80 32 36 8 72
69 69 69 69 69 69 69 69 69 69 69 69 69 69 69 69 69 69 69 69 69 69 69 69 69 69 69 69 69 69
r22 0.600142
14 31 54 97 28 26 70 25 88 40 88 96 68 20 70 11 96 42 40 44 23 38 33 98 62 61 6 34 30 82
42 42 42 42 42 42 42 42 42 42 42 42 42 42 42 42 42 42 42 42 42 42 42 42 42 42 42 42 42 42
r23 0.59944
88 30 33 14 95 54 94 32 42 88 95 54 58 98 51 95 39 87 15 69 20 10 31 77 11 60 7 85 94 36
94 94 94 94 94 94 94 94 94 94 94 94 94 94 94 94 94 94 94 94 94 94 94 94 94 94 94 94 94 94
r24 0.619252
27 91 54 76 85 81 15 73 74 65 28 72 13 20 8 95 30 72 13 35 98 82 38 55 81 24 49 17 15 31
74 74 74 74 74 74 74 74 74 74 74 74 74 74 74 74 74 74 74 74 74 74 74 74 74 74 74 74 74 74
r25 0.951981
28 11 97 6 18 70 75 78 91 48 83 11 51 79 34 24 84 61 19 66 92 70 47 16 16 57 23 40 31 52
54 54 54 54 54 54 54 54 54 54 54 54 54 54 54 54 54 54 54 54 54 54 54 54 54 54 54 54 54 54
r26 0.745629
51 52 72 19 28 47 7 68 31 13 19 7 39 35 83 96 50 49 88 17 88 96 25 45 19 60 68 66 12 19
22 22 22 22 22 22 22 22 22 22 22 22 22 22 22 22 22 22 22 22 22 22 22 22 22 22 22 22 22 22
r27 0.619099
86 69 84 30 68 52 56 77 63 55 13 94 38 9 41 79 89 50 68 82 70 10 96 28 71 60 35 82 74 85
46 46 46 46 46 46 46 46 46 46 46 46 46 46 46 46 46 46 46 46 46 46 46 46 46 46 46 46 46 46
r28 0.508352
27 82 20 74 36 89 35 86 98 29 22 99 62 93 86 12 61 68 74 64 62 97 35 19 29 17 88 12 56 45
56 56 56 56 56 56 56 56 56 56 56 56 56 56 56 56 56 56 56 56 56 56 56 56 56 56 56 56 56 56
r29 0.82097
68 50 55 55 80 42 53 6 56 49 63 49 32 67 8 96 38 64 58 33 94 72 57 8 57 64 56 97 17 35
21 21 21 21 21 21 21 21 21 21 21 21 21 21 21 21 21 21 21 21 21 21 21 21 21 21 21 21 21 21
r30 0.695987
72 36 57 11 81 58 59 27 18 8 55 77 8 51 15 67 6 40 61 70 93 62 27 54 18 21 64 45 34 45
22 22 22 22 22 22 22 22 22 22 22 22 22 22 22 22 22 22 22 22 22 22 22 22 22 22 22 22 22 22
r31 0.908035
74 9 54 29 63 76 39 64 31 16 67 74 24 35 75 56 88 45 49 50 64 96 64 80 60 9 15 97 24 13
73 73 73 73 73 73 73 73 73 73 73 73 73 73 73 73 73 73 73 73 73 73 73 73 73 73 73 73 73 73
r32 0.879379
24 20 73 95 54 37 27 63 5 93 79 32 69 35 20 11 77 66 71 70 27 48 30 28 58 24 47 64 92 38
74 74 74 74 74 74 74 74 74 74 74 74 74 74 74 74 74 74 74 74 74 74 74 74 74 74 74 74 74 74
r33 0.507515
47 8 99 77 27 59 74 21 38 6 85 66 21 88 40 79 59 10 98 8 32 24 58 51 63 22 40 93 88 48
43 43 43 43 43 43 43 43 43 43 43 43 43 43 43 43 43 43 43 43 43 43 43 43 43 43 43 43 43 43
r34 0.526452
40 10 71 94 79 87 30 77 69 88 90 57 28 67 14 33 62 14 57 81 67 8 42 82 40 35 70 83 71 98
31 31 31 31 31 31 31 31 31 31 31 31 31 31 31 31 31 31 31 31 31 31 31 31 31 31 31 31 31 31
r35 0.900147
97 97 76 81 24 53 50 12 44 5 35 8 14 60 65 23 17 44 82 17 81 64 49 13 32 32 76 27 56 79
28 28 28 28 28 28 28 28 28 28 28 28 28 28 28 28 28 28 28 28 28 28 28 28 28 28 28 28 28 28
r36 0.539714
96 32 96 50 74 9 86 74 36 89 83 89 51 98 98 90 81 13 68 42 57 77 66 85 50 89 38 30 14 83
7 7 7 7 7 7 7 7 7 7 7 7 7 7 7 7 7 7 7 7 7 7 7 7 7 7 7 7 7 7
r37 0.80925
95 52 85 96 38 59 33 24 40 19 68 35 17 58 13 25 27 51 78 96 17 60 43 98 93 68 9 76 67 15
84 84 84 84 84 84 84 84 84 84 84 84 84 84 84 84 84 84 84 84 84 84 84 84 84 84 84 84 84 84
r38 0.836953
66 59 90 25 84 14 57 95 74 85 13 33 93 30 52 44 8 45 54 60 83 49 53 49 54 27 16 61 8 74
20 20 20 20 20 20 20 20 20 20 20 20 20 20 20 20 20 20 20 20 20 20 20 20 20 20 20 20 20 20
r39 0.680844
10 86 12 17 41 5 86 26 13 19 19 35 63 59 39 5 10 91 84 54 42 33 5 64 41 61 64 13 77 33
36 36 36 36 36 36 36 36 36 36 36 36 36 36 36 36 36 36 36 36 36 36 36 36 36 36 36 36 36 36
r40 0.72137
43 94 55 40 81 76 48 92 88 79 53 44 15 53 49 6 37 95 43 62 96 99 99 57 63 12 34 88 43 14
5 5 5 5 5 5 5 5 5 5 5 5 5 5 5 5 5 5 5 5 5 5 5 5 5 5 5 5 5 5
r41 0.920235
55 19 81 29 59 74 17 35 24 56 42 72 97 41 7 92 76 61 85 73 60 43 33 64 69 22 99 78 22 75
82 82 82 82 82 82 82 82 82 82 82 82 82 82 82 82 82 82 82 82 82 82 82 82 82 82 82 82 82 82
r42 0.648605
60 90 42 31 99 70 50 52 12 23 49 45 25 39 22 78 24 87 39 62 20 95 29 37 92 7 51 67 81 21
50 50 50 50 50 50 50 50 50 50 50 50 50 50 50 50 50 50 50 50 50 50 50 50 50 50 50 50 50 50
r43 0.649658
87 68 11 57 19 58 62 34 5 7 51 39 21 29 55 8 60 15 21 56 39 53 45 41 97 12 23 18 54 60
21 21 21 21 21 21 21 21 21 21 21 21 21 21 21 21 21 21 21 21 21 21 21 21 21 21 21 21 21 21
r44 0.897023
27 91 39 78 53 65 78 52 16 14 66 41 64 66 96 74 82 49 13 33 89 47 30 93 65 43 47 22 56 81
42 42 42 42 42 42 42 42 42 42 42 42 42 42 42 42 42 42 42 42 42 42 42 42 42 42 42 42 42 42
r45 0.979539
74 54 22 39 29 66 51 35 32 84 91 94 80 66 73 30 71 6 16 15 31 10 75 66 49 89 23 27 32 94
91 91 91 91 91 91 91 91 91 91 91 91 91 91 91 91 91 91 91 91 91 91 91 91 91 91 91 91 91 91
r46 0.564676
10 37 69 72 80 99 96 64 90 90 45 53 64 67 22 62 75 29 89 77 5 52 27 86 67 46 15 61 38 13
98 98 98 98 98 98 98 98 98 98 98 98 98 98 98 98 98 98 98 98 98 98 98 98 98 98 98 98 98 98
r47 0.769704
67 12 26 63 9 86 51 94 28 96 55 87 15 18 62 40 99 40 37 51 59 23 16 5 34 72 35 42 71 74
80 80 80 80 80 80 80 80 80 80 80 80 80 80 80 80 80 80 80 80 80 80 80 80 80 80 80 80 80 80
r48 0.91862
99 91 85 85 39 77 10 35 29 92 43 39 51 78 38 86 12 82 42 30 93 43 56 62 73 94 30 44 71 58
26 26 26 26 26 26 26 26 26 26 26 26 26 26 26 26 26 26 26 26 26 26 26 26 26 26 26 26 26 26
r49 0.721695
8 52 80 77 57 15 7 46 50 41 93 28 75 76 32 54 19 58 47 54 14 6 24 5 32 64 69 85 82 39
31 31 31 31 31 31 31 31 31 31 31 31 31 31 31 31 31 31 31 31 31 31 31 31 31 31 31 31 31 31
r50 0.808134
11 63 41 18 62 80 64 98 70 84 70 43 17 24 57 67 63 8 73 65 28 74 89 87 43 71 69 74 97 51
58 58 58 58 58 58 58 58 58 58 58 58 58 58 58 58 58 58 58 58 58 58 58 58 58 58 58 58 58 58
r51 0.55261
92 18 68 72 74 67 39 56 37 77 68 54 32 32 14 35 5 71 55 71 60 42 14 31 8 81 25 55 39 25
58 58 58 58 58 58 58 58 58 58 58 58 58 58 58 58 58 58 58 58 58 58 58 58 58 58 58 58 58 58
r52 0.844787
27 95 10 89 34 61 23 9 26 69 36 53 79 63 54 50 19 25 8 53 32 34 57 13 55 9 44 72 62 68
8 8 8 8 8 8 8 8 8 8 8 8 8 8 8 8 8 8 8 8 8 8 8 8 8 8 8 8 8 8
r53 0.886843
14 70 90 70 86 94 92 55 27 42 31 85 91 74 99 14 77 53 41 8 7 46 55 11 85 28 65 50 31 50
14 14 14 14 14 14 14 14 14 14 14 14 14 14 14 14 14 14 14 14 14 14 14 14 14 14 14 14 14 14
r54 0.89395
99 8 98 90 92 51 17 34 77 97 26 51 94 32 28 44 68 29 46 11 79 52 88 7 14 39 31 56 45 63
69 69 69 69 69 69 69 69 69 69 69 69 69 69 69 69 69 69 69 69 69 69 69 69 69 69 69 69 69 69
r55 0.506775
64 31 58 15 43 88 85 37 11 36 28 38 57 67 98 78 13 9 57 57 89 57 67 28 83 23 68 46 84 9
13 13 13 13 13 13 13 13 13 13 13 13 13 13 13 13 13 13 13 13 13 13 13 13 13 13 13 13 13 13
r56 0.718427
63 56 67 48 41 5 51 70 25 81 24 88 79 97 93 80 54 51 70 8 15 93 86 33 59 30 18 60 35 59
88 88 88 88 88 88 88 88 88 88 88 88 88 88 88 88 88 88 88 88 88 88 88 88 88 88 88 88 88 88
r57 0.947703
55 39 52 52 85 19 73 67 38 61 43 35 54 24 81 97 86 82 12 79 68 38 35 90 48 91 25 7 79 16
17 17 17 17 17 17 17 17 17 17 17 17 17 17 17 17 17 17 17 17 17 17 17 17 17 17 17 17 17 17
r58 0.950623
61 82 32 75 52 91 10 13 35 37 59 51 19 54 37 96 61 13 61 91 44 52 39 32 69 41 11 80 51 37
30 30 30 30 30 30 30 30 30 30 30 30 30 30 30 30 30 30 30 30 30 30 30 30 30 30 30 30 30 30
r59 0.692439
55 77 63 46 82 68 73 20 25 24 31 74 56 24 32 65 80 21 6 29 55 33 94 89 36 74 37 65 97 41
77 77 77 77 77 77 77 77 77 77 77 77 77 77 77 77 77 77 77 77 77 77 77 77 77 77 77 77 77 77
r60 0.564214
37 90 93 98 64 13 20 83 39 86 37 58 15 97 35 31 95 57 82 28 51 68 59 22 5 24 16 38 93 60
49 49 49 49 49 49 49 49 49 49 49 49 49 49 49 49 49 49 49 49 49 49 49 49 49 49 49 49 49 49
r61 0.7929
42 23 12 47 38 87 81 24 21 36 34 15 63 61 10 20 40 30 63 5 84 81 97 6 89 35 91 50 76 16
90 90 90 90 90 90 90 90 90 90 90 90 90 90 90 90 90 90 90 90 90 90 90 90 90 90 90 90 90 90
r62 0.543581
94 57 67 78 35 83 95 66 15 10 30 68 13 45 8 38 9 5 20 82 97 18 71 29 6 18 6 18 8 16
44 44 44 44 44 44 44 44 44 44 44 44 44 44 44 44 44 44 44 44 44 44 44 44 44 44 44 44 44 44
r63 0.969007
9 76 99 87 68 63 97 70 85 65 78 27 65 17 28 65 32 10 59 42 74 84 43 84 85 56 85 93 96 79
59 59 59 59 59 59 59 59 59 59 59 59 59 59 59 59 59 59 59 59 59 59 59 59 59 59 59 59 59 59
r64 0.833777
56 84 20 19 82 86 96 44 64 23 7 73 47 64 5 52 24 42 23 8 81 8 85 34 88 78 27 67 35 27
20 20 20 20 20 20 20 20 20 20 20 20 20 20 20 20 20 20 20 20 20 20 20 20 20 20 20 20 20 20
r65 0.827307
32 97 83 18 93 27 75 16 26 48 58 86 46 8 10 80 23 10 58 26 90 88 11 65 15 71 95 35 83 78
39 39 39 39 39 39 39 39 39 39 39 39 39 39 39 39 39 39 39 39 39 39 39 39 39 39 39 39 39 39
r66 0.714565
22 26 65 41 96 74 60 44 29 46 85 29 48 66 48 53 24 66 40 9 73 97 17 41 93 47 24 68 78 31
41 41 41 41 41 41 41 41 41 41 41 41 41 41 41 41 41 41 41 41 41 41 41 41 41 41 41 41 41 41
r67 0.665953
98 30 48 72 85 88 94 31 70 23 74 33 66 24 50 33 59 54 98 57 66 39 47 10 55 12 80 81 45 72
34 34 34 34 34 34 34 34 34 34 34 34 34 34 34 34 34 34 34 34 34 34 34 34 34 34 34 34 34 34
r68 0.701272
77 13 83 62 7 12 30 26 81 58 87 98 8 17 54 55 15 8 18 46 50 24 93 55 99 75 95 69 6 39
67 67 67 67 67 67 67 67 67 67 67 67 67 67 67 67 67 67 67 67 67 67 67 67 67 67 67 67 67 67
r69 0.542671
47 38 47 54 60 68 33 18 56 31 19 65 77 69 76 81 79 19 28 98 13 78 95 80 74 61 81 10 25 56
50 50 50 50 50 50 50 50 50 50 50 50 50 50 50 50 50 50 50 50 50 50 50 50 50 50 50 50 50 50
r70 0.949041
93 19 46 61 47 57 14 70 71 72 47 37 45 25 16 59 49 12 64 27 99 44 93 60 25 96 77 74 46 41
60 60 60 60 60 60 60 60 60 60 60 60 60 60 60 60 60 60 60 60 60 60 60 60 60 60 60 60 60 60
r71 0.762011
99 90 94 56 96 61 27 68 6 56 13 26 67 65 70 71 29 90 70 66 80 27 83 76 99 57 20 38 15 48
88 88 88 88 88 88 88 88 88 88 88 88 88 88 88 88 88 88 88 88 88 88 88 88 88 88 88 88 88 88
r72 0.871371
80 62 32 41 84 95 39 37 6 61 99 66 28 68 87 15 38 53 91 58 37 64 54 86 79 87 93 28 73 7
58 58 58 58 58 58 58 58 58 58 58 58 58 58 58 58 58 58 58 58 58 58 58 58 58 58 58 58 58 58
r73 0.969336
85 86 45 78 26 77 79 79 74 42 99 42 29 15 72 75 98 27 9 62 77 90 39 61 84 59 31 83 14 76
45 45 45 45 45 45 45 45 45 45 45 45 45 45 45 45 45 45 45 45 45 45 45 45 45 45 45 45 45 45
r74 0.856473
85 73 81 60 49 57 31 86 56 68 12 63 37 82 61 60 86 21 34 74 55 87 58 11 19 38 20 90 78 12
50 50 50 50 50 50 50 50 50 50 50 50 50 50 50 50 50 50 50 50 50 50 50 50 50 50 50 50 50 50
r75 0.52872
31 21 26 80 47 9 34 12 17 92 44 91 51 96 78 64 30 52 16 18 7 22 29 40 34 19 19 42 65 75
16 16 16 16 16 16 16 16 16 16 16 16 16 16 16 16 16 16 16 16 16 16 16 16 16 16 16 16 16 16
r76 0.702659
38 69 35 39 95 39 51 84 78 43 32 72 18 91 97 62 7 12 64 21 36 99 51 48 15 85 13 85 96 93
73 73 73 73 73 73 73 73 73 73 73 73 73 73 73 73 73 73 73 73 73 73 73 73 73 73 73 73 73 73
r77 0.711576
5 66 54 39 14 39 15 49 66 82 62 55 76 24 57 84 83 71 17 80 19 57 90 99 62 73 92 56 46 24
15 15 15 15 15 15 15 15 15 15 15 15 15 15 15 15 15 15 15 15 15 15 15 15 15 15 15 15 15 15
r78 0.538795
62 78 91 96 88 41 59 70 95 14 47 20 64 28 95 35 37 72 49 87 63 45 49 36 37 97 74 53 13 18
35 35 35 35 35 35 35 35 35 35 35 35 35 35 35 35 35 35 35 35 35 35 35 35 35 35 35 35 35 35
r79 0.945641
24 63 77 57 19 45 52 26 84 64 85 9 57 17 38 29 58 25 84 95 67 17 32 64 87 78 72 97 10 39
86 86 86 86 86 86 86 86 86 86 86 86 86 86 86 86 86 86 86 86 86 86 86 86 86 86 86 86 86 86
r80 0.534993
61 78 14 6 28 32 82 87 14 86 41 26 24 66 76 42 47 71 9 60 95 68 44 73 38 38 76 69 25 97
64 64 64 64 64 64 64 64 64 64 64 64 64 64 64 64 64 64 64 64 64 64 64 64 64 64 64 64 64 64
r81 0.997494
70 79 99 97 61 83 8 44 25 29 60 83 97 97 27 68 98 79 60 67 23 31 5 54 7 66 74 96 30 52
69 69 69 69 69 69 69 69 69 69 69 69 69 69 69 69 69 69 69 69 69 69 69 69 69 69 69 69 69 69
r82 0.682091
65 86 81 49 89 25 66 15 77 46 12 75 68 72 73 48 33 37 63 56 34 17 58 96 83 51 23 32 21 16
55 55 55 55 55 55 55 55 55 55 55 55 55 55 55 55 55 55 55 55 55 55 55 55 55 55 55 55 55 55
r83 0.99656
36 27 87 53 85 94 31 28 7 98 92 71 71 37 96 6 95 52 35 10 7 31 88 54 50 21 67 58 68 45
55 55 55 55 55 55 55 55 55 55 55 55 55 55 55 55 55 55 55 55 55 55 55 55 55 55 55 55 55 55
r84 0.609092
39 50 47 34 73 71 33 68 63 96 37 92 93 38 84 42 68 89 45 92 78 91 42 91 55 92 59 95 47 53
57 57 57 57 57 57 57 57 57 57 57 57 57 57 57 57 57 57 57 57 57 57 57 57 57 57 57 57 57 57
r85 0.691772
5 10 69 71 35 38 31 31 67 23 21 5 7 59 65 89 96 57 64 84 91 55 39 83 11 31 28 60 84 7
56 56 56 56 56 56 56 56 56 56 56 56 56 56 56 56 56 56 56 56 56 56 56 56 56 56 56 56 56 56
r86 0.691174
22 55 39 52 78 65 19 93 79 19 95 38 80 84 31 37 45 15 26 95 49 9 99 75 32 59 59 31 15 40
35 35 35 35 35 35 35 35 35 35 35 35 35 35 35 35 35 35 35 35 35 35 35 35 35 35 35 35 35 35
r87 0.502989
69 77 65 32 91 58 11 11 51 44 83 32 67 17 73 77 38 65 23 40 64 90 64 23 47 91 30 82 23 55
70 70 70 70 70 70 70 70 70 70 70 70 70 70 70 70 70 70 70 70 70 70 70 70 70 70 70 70 70 70
r88 0.778879
32 20 23 86 26 26 34 62 9 61 29 19 31 98 52 92 21 84 56 8 49 72 50 37 97 33 55 49 95 40
76 76 76 76 76 76 76 76 76 76 76 76 76 76 76 76 76 76 76 76 76 76 76 76 76 76 76 76 76 76
r89 0.959392
92 10 73 18 39 32 20 93 56 34 24 51 78 16 64 63 65 68 12 37 15 41 34 40 91 79 35 32 52 55
79 79 79 79 79 79 79 79 79 79 79 79 79 79 79 79 79 79 79 79 79 79 79 79 79 79 79 79 79 79
r90 0.534536
53 52 89 80 67 82 34 93 98 77 71 12 42 31 72 7 35 9 17 71 35 53 60 11 80 87 59 32 63 92
85 85 85 85 85 85 85 85 85 85 85 85 85 85 85 85 85 85 85 85 85 85 85 85 85 85 85 85 85 85
r91 0.924737
71 89 11 53 20 96 48 92 65 55 31 91 27 33 27 28 46 93 56 91 53 62 68 37 18 96 96 11 81 9
50 50 50 50 50 50 50 50 50 50 50 50 50 50 50 50 50 50 50 50 50 50 50 50 50 50 50 50 50 50
r92 0.501217
54 97 10 50 42 95 15 93 26 7 17 55 26 38 93 16 89 81 62 51 49 94 62 45 87 68 23 92 18 67
79 79 79 79 79 79 79 79 79 79 79 79 79 79 79 79 79 79 79 79 79 79 79 79 79 79 79 79 79 79
r93 0.558919
85 15 99 80 22 89 98 21 98 50 42 36 43 54 25 21 16 69 66 7 31 8 90 91 27 79 6 86 58 66
48 48 48 48 48 48 48 48 48 48 48 48 48 48 48 48 48 48 48 48 48 48 48 48 48 48 48 48 48 48
r94 0.596659
44 17 93 33 16 15 28 61 49 60 97 95 77 18 11 43 79 11 66 83 96 57 7 72 59 88 30 25 33 66
93 93 93 93 93 93 93 93 93 93 93 93 93 93 93 93 93 93 93 93 93 93 93 93 93 93 93 93 93 93
r95 0.782638
83 97 86 90 26 48 40 78 45 35 52 55 39 91 35 45 54 15 38 12 14 10 63 94 32 80 28 90 73 95
66 66 66 66 66 66 66 66 66 66 66 66 66 66 66 66 66 66 66 66 66 66 66 66 66 66 66 66 66 66
r96 0.545764
52 44 13 95 76 86 37 8 38 88 39 26 20 79 76 27 14 80 36 19 43 27 44 23 50 34 88 43 95 41
30 30 30 30 30 30 30 30 30 30 30 30 30 30 30 30 30 30 30 30 30 30 30 30 30 30 30 30 30 30
r97 0.507153
38 37 53 24 70 54 54 55 88 73 67 68 49 89 74 26 22 89 61 44 33 79 87 59 64 30 55 5 55 95
78 78 78 78 78 78 78 78 78 78 78 78 78 78 78 78 78 78 78 78 78 78 78 78 78 78 78 78 78 78
r98 0.989585
28 9 94 77 58 49 66 28 16 31 72 97 5 90 16 86 51 56 19 27 40 71 86 62 26 84 14 18 59 94
42 42 42 42 42 42 42 42 42 42 42 42 42 42 42 42 42 42 42 42 42 42 42 42 42 42 42 42 42 42
r99 0.814473
37 60 53 78 23 77 87 49 46 81 49 34 93 36 80 46 47 5 81 15 83 43 36 64 52 46 23 46 84 6
41 41 41 41 41 41 41 41 41 41 41 41 41 41 41 41 41 41 41 41 41 41 41 41 41 41 41 41 41 41
r100 0.814313
86 88 73 63 75 22 7 54 63 36 47 91 13 88 36 13 66 46 89 9 75 53 53 21 72 91 97 70 29 12
25 25 25 25 25 25 25 25 25 25 25 25 25 25 25 25 25 25 25 25 25 25 25 25 25 25 25 25 25 25
