50 30 4 1 20
0 0.25
43974 32577 34309 38608 40940 32035 38946 38060 35731 41451 34363 39508 35825 44880 32353 39293 30486 32868 44127 36945 31038 37037 31268 41072 44433 36985 42307 37841 39437 32585
w1 0.5
3911 3662 3423 3871 2602 2811 3818 2014 2542 3621 3377 3050 3798 3609 2403 4092 4447 2624 3219 2392 3662 1608 3661 3087 4394 1998 3746 3235 2788 3331
w2 0.5
2199 2493 3125 1923 3947 1788 1593 4462 2830 3714 3691 1733 3012 2801 2988 2956 3100 4464 2028 3993 3979 2488 3506 2566 2382 4356 2164 4118 2644 3995
w3 0.5
3696 2340 2797 4119 1787 3086 4212 2101 1768 3778 1645 2001 2290 3298 3842 4099 1898 3806 1627 1743 3285 2615 3749 1703 3498 3958 2367 3468 2102 2214
w4 0.5
4298 3054 1789 4269 3694 3375 3981 4295 3996 3259 1792 4497 4402 3590 3839 4353 3989 3498 4480 4232 2283 2947 3834 2487 2297 3292 3706 1617 4246 4421
w5 0.5
4397 3327 3899 4166 2521 2774 3648 2669 2270 2759 3313 2620 2661 2404 2311 2514 2245 4309 2846 2329 2445 1646 2015 3784 2795 4159 2990 2913 3906 3263
w6 0.5
3803 2443 4421 3469 3816 3048 2969 2337 4170 4229 4151 2642 2742 2055 3454 4109 3152 3615 2455 4333 1560 2953 1849 3844 4249 1508 2687 3014 3914 1802
w7 0.5
3569 2745 3810 2891 2414 2710 4360 3251 2380 4441 2902 3875 2684 3809 2829 2645 2813 2296 3952 2647 2709 2406 2996 2053 2507 3356 3592 4373 2771 4247
w8 0.5
2192 2844 3423 3583 3758 1633 3796 2510 2866 3737 4264 2241 2273 3926 3570 3770 2239 1718 3223 3386 2927 4129 1882 3833 2488 3739 2925 2361 2362 3024
w9 0.5
3406 4369 3546 2842 3627 4031 2138 1989 2397 1727 2106 3138 2853 1532 2560 2123 2271 2779 3846 4158 4206 3827 1892 3891 2167 4483 2669 3380 2697 4193
w10 0.5
1604 4062 2901 2946 3542 2432 3936 4383 3682 1515 1989 2320 2868 2021 3381 3844 2793 2012 3542 2803 2070 3222 3195 4462 3889 3531 2631 2770 1728 2324
w11 0.5
2184 2239 3878 3630 4281 2162 3418 4164 4344 3434 2006 2517 2154 2527 1750 4498 4172 2262 3893 2475 3184 2615 1523 3146 2356 3906 1629 3978 4134 2806
w12 0.5
1819 3545 4333 4301 3678 1996 3572 3694 2192 2506 4200 3209 3512 2228 3459 3863 2252 4221 3256 3228 2906 1723 3603 1904 2579 3009 2034 2058 2995 3340
w13 0.5
3314 2737 2699 3468 1915 3195 2540 4109 3887 3898 3810 2597 2910 1890 1556 2273 2642 1630 4381 1722 3388 1604 4177 3792 2684 3038 1678 3594 1534 3870
w14 0.5
3700 2107 3158 2668 2874 2205 4060 2836 1945 3458 2498 3394 2221 3240 3802 3346 4382 3932 3228 1957 3172 3332 1986 2817 1868 3525 2995 4314 3559 2718
w15 0.5
2759 3325 3784 4280 2052 1842 3840 3388 2287 3151 1738 4181 3872 3478 3835 2718 3712 3268 1798 4169 2292 3631 1656 3609 4351 3681 2105 4166 3092 3323
w16 0.5
4351 2500 4428 4483 3404 1770 3824 2644 2909 2827 2882 2942 2199 1860 2278 3769 4073 4398 4068 4094 2190 3551 1602 4300 3402 4135 2257 3420 2727 4432
w17 0.5
2931 2784 3641 2914 2041 4263 2590 3185 2673 3917 1920 4115 1968 2280 2245 4238 2205 2143 4158 2152 3186 3561 2254 2986 2463 2242 4095 4384 3821 4379
w18 0.5
2252 3015 3089 4019 3556 3205 2109 2594 4378 1879 3014 4345 2347 4146 2091 2437 2204 2734 2095 2856 4420 1508 3962 3258 2824 1704 3205 2708 4026 3436
w19 0.5
2130 1952 4450 1649 4360 3155 2611 2454 3033 2990 3968 3230 4189 3615 3821 2127 1671 2056 3074 3027 2328 3083 2489 4439 4407 3046 3144 2967 2572 2081
w20 0.5
3202 2885 3925 3704 2745 2932 2167 3700 4465 3657 3520 3196 3346 2987 2869 4325 3158 3777 2900 1685 1606 4483 3027 1897 1742 1573 3541 3209 2997 4474
r1 0.719724
64 89 57 47 46 79 77 84 66 22 22 75 67 66 10 5 69 7 53 17 82 30 79 9 65 52 30 67 77 77
10 10 10 10 10 10 10 10 10 10 10 10 10 10 10 10 10 10 10 10 10 10 10 10 10 10 10 10 10 10
r2 0.874872
63 80 9 42 54 88 6 69 10 73 36 69 75 33 38 78 81 50 60 8 29 62 68 76 84 32 50 58 38 81
21 21 21 21 21 21 21 21 21 21 21 21 21 21 21 21 21 21 21 21 21 21 21 21 21 21 21 21 21 21
r3 0.679831
26 32 10 11 33 74 14 6 7 78 74 35 13 52 14 58 9 17 79 63 81 52 48 10 95 6 40 76 20 33
34 34 34 34 34 34 34 34 34 34 34 34 34 34 34 34 34 34 34 34 34 34 34 34 34 34 34 34 34 34
r4 0.987158
39 44 86 10 50 85 9 25 59 37 33 11 46 83 12 58 59 71 36 12 16 39 99 17 74 75 32 8 6 65
61 61 61 61 61 61 61 61 61 61 61 61 61 61 61 61 61 61 61 61 61 61 61 61 61 61 61 61 61 61
r5 0.682359
47 40 52 32 45 70 86 77 98 89 20 79 94 70 38 65 99 42 73 38 41 85 12 13 15 12 15 72 68 48
74 74 74 74 74 74 74 74 74 74 74 74 74 74 74 74 74 74 74 74 74 74 74 74 74 74 74 74 74 74
r6 0.793226
24 37 25 89 21 94 84 10 14 60 96 80 94 58 79 33 31 14 67 14 21 75 24 26 82 91 86 27 63 94
8 8 8 8 8 8 8 8 8 8 8 8 8 8 8 8 8 8 8 8 8 8 8 8 8 8 8 8 8 8
r7 0.758474
28 65 45 20 46 47 29 7 44 6 93 97 77 26 29 86 85 38 5 61 54 26 43 42 9 66 5 99 69 76
28 28 28 28 28 28 28 28 28 28 28 28 28 28 28 28 28 28 28 28 28 28 28 28 28 28 28 28 28 28
r8 0.780143
65 9 80 12 31 82 51 32 75 46 7 93 70 85 79 5 85 37 54 8 75 91 13 38 89 9 99 65 29 89
99 99 99 99 99 99 99 99 99 99 99 99 99 99 99 99 99 99 99 99 99 99 99 99 99 99 99 99 99 99
r9 0.839932
79 93 21 61 45 46 33 86 45 23 53 30 97 53 13 31 7 16 7 90 21 37 79 22 37 42 46 23 41 32
13 13 13 13 13 13 13 13 13 13 13 13 13 13 13 13 13 13 13 13 13 13 13 13 13 13 13 13 13 13
r10 0.543302
27 70 63 65 98 46 10 21 94 35 16 44 40 39 43 49 41 33 65 71 13 80 8 50 26 26 83 51 31 95
72 72 72 72 72 72 72 72 72 72 72 72 72 72 72 72 72 72 72 72 72 72 72 72 72 72 72 72 72 72
r11 0.952708
35 15 60 76 20 73 67 48 81 11 83 21 49 32 54 74 90 25 82 70 28 29 88 46 9 39 70 99 8 20
61 61 61 61 61 61 61 61 61 61 61 61 61 61 61 61 61 61 61 61 61 61 61 61 61 61 61 61 61 61
r12 0.634129
21 8 46 87 70 89 68 73 70 84 22 94 39 92 81 59 71 48 80 93 37 23 97 68 88 94 69 9 52 99
35 35 35 35 35 35 35 35 35 35 35 35 35 35 35 35 35 35 35 35 35 35 35 35 35 35 35 35 35 35
r13 0.690976
76 53 70 63 21 44 30 98 58 24 37 47 6 88 16 49 68 9 78 87 98 44 75 89 13 79 42 12 11 5
12 12 12 12 12 12 12 12 12 12 12 12 12 12 12 12 12 12 12 12 12 12 12 12 12 12 12 12 12 12
r14 0.617165
78 43 66 19 65 64 72 84 93 20 82 82 31 29 50 32 7 34 30 46 7 17 51 78 51 59 85 51 63 65
96 96 96 96 96 96 96 96 96 96 96 96 96 96 96 96 96 96 96 96 96 96 96 96 96 96 96 96 96 96
r15 0.509643
59 52 65 24 25 46 14 40 29 91 63 50 39 90 52 65 17 91 67 29 42 46 75 93 28 23 57 88 19 90
85 85 85 85 85 85 85 85 85 85 85 85 85 85 85 85 85 85 85 85 85 85 85 85 85 85 85 85 85 85
r16 0.988052
47 90 60 85 96 92 11 88 55 56 24 42 9 84 54 92 49 76 34 90 48 28 18 67 77 98 78 64 80 49
99 99 99 99 99 99 99 99 99 99 99 99 99 99 99 99 99 99 99 99 99 99 99 99 99 99 99 99 99 99
r17 0.9686
59 9 33 51 16 18 98 67 34 40 68 18 90 60 59 63 90 49 11 15 59 70 84 54 46 48 31 87 45 53
24 24 24 24 24 24 24 24 24 24 24 24 24 24 24 24 24 24 24 24 24 24 24 24 24 24 24 24 24 24
r18 0.822898
49 48 66 62 46 33 91 82 97 6 69 54 61 32 44 7 35 51 59 98 35 13 44 76 40 31 21 85 47 17
40 40 40 40 40 40 40 40 40 40 40 40 40 40 40 40 40 40 40 40 40 40 40 40 40 40 40 40 40 40
r19 0.689983
98 50 7 29 41 81 23 40 47 72 93 74 14 95 6 60 51 99 88 57 40 61 89 67 74 74 14 86 12 6
44 44 44 44 44 44 44 44 44 44 44 44 44 44 44 44 44 44 44 44 44 44 44 44 44 44 44 44 44 44
r20 0.59709
43 31 82 24 49 22 66 22 12 37 31 7 35 83 54 35 68 11 70 29 95 34 98 66 44 85 70 42 26 73
85 85 85 85 85 85 85 85 85 85 85 85 85 85 85 85 85 85 85 85 85 85 85 85 85 85 85 85 85 85
r21 0.540386
67 83 46 81 46 60 88 78 86 88 10 66 39 40 35 42 8 59 34 34 55 92 73 37 60 12 58 30 90 22
26 26 26 26 26 26 26 26 26 26 26 26 26 26 26 26 26 26 26 26 26 26 26 26 26 26 26 26 26 26
r22 0.75465
67 33 43 24 21 18 10 6 23 69 40 56 99 74 56 55 8 85 10 93 59 39 53 63 92 78 50 14 99 5
11 11 11 11 11 11 11 11 11 11 11 11 11 11 11 11 11 11 11 11 11 11 11 11 11 11 11 11 11 11
r23 0.858354
46 83 46 59 86 45 75 55 77 31 51 52 82 98 52 67 6 45 23 40 93 79 33 71 29 39 68 29 43 29
54 54 54 54 54 54 54 54 54 54 54 54 54 54 54 54 54 54 54 54 54 54 54 54 54 54 54 54 54 54
r24 0.884094
93 41 90 38 16 42 15 42 85 59 21 84 12 83 85 52 99 22 43 78 47 14 99 79 74 26 22 98 75 98
8 8 8 8 8 8 8 8 8 8 8 8 8 8 8 8 8 8 8 8 8 8 8 8 8 8 8 8 8 8
r25 0.685267
90 95 47 30 11 84 15 62 97 91 69 78 73 19 77 91 57 52 35 63 51 14 38 72 31 33 45 27 33 10
58 58 58 58 58 58 58 58 58 58 58 58 58 58 58 58 58 58 58 58 58 58 58 58 58 58 58 58 58 58
r26 0.996128
6 46 9 82 53 66 80 45 33 58 18 47 32 6 99 79 34 62 30 43 92 95 67 26 40 89 51 42 44 67
40 40 40 40 40 40 40 40 40 40 40 40 40 40 40 40 40 40 40 40 40 40 40 40 40 40 40 40 40 40
r27 0.64738
44 28 62 8 8 99 33 58 14 75 85 13 71 64 42 30 86 80 23 78 47 41 18 33 84 53 73 52 88 15
60 60 60 60 60 60 60 60 60 60 60 60 60 60 60 60 60 60 60 60 60 60 60 60 60 60 60 60 60 60
r28 0.98761
19 33 38 18 61 91 25 33 76 33 99 37 70 26 21 47 44 94 87 77 10 20 62 58 85 11 46 96 63 71
31 31 31 31 31 31 31 31 31 31 31 31 31 31 31 31 31 31 31 31 31 31 31 31 31 31 31 31 31 31
r29 0.857377
65 88 57 53 13 82 30 38 81 59 8 5 75 48 41 67 35 19 72 50 73 30 33 79 71 26 42 43 52 17
39 39 39 39 39 39 39 39 39 39 39 39 39 39 39 39 39 39 39 39 39 39 39 39 39 39 39 39 39 39
r30 0.625118
89 63 8 71 85 42 50 44 42 50 17 85 86 79 20 97 51 63 70 73 88 46 44 14 81 79 58 93 19 68
88 88 88 88 88 88 88 88 88 88 88 88 88 88 88 88 88 88 88 88 88 88 88 88 88 88 88 88 88 88
r31 0.635012
92 71 13 34 18 52 71 63 61 54 47 37 69 44 80 32 12 53 20 50 93 26 31 69 80 22 80 48 10 80
71 71 71 71 71 71 71 71 71 71 71 71 71 71 71 71 71 71 71 71 71 71 71 71 71 71 71 71 71 71
r32 0.901404
79 28 62 28 92 26 85 46 68 19 12 9 95 37 16 48 49 62 38 71 85 8 51 7 83 91 10 61 59 7
10 10 10 10 10 10 10 10 10 10 10 10 10 10 10 10 10 10 10 10 10 10 10 10 10 10 10 10 10 10
r33 0.9741
67 58 20 88 40 58 53 55 65 58 50 97 69 90 47 28 29 18 14 29 61 16 9 49 21 65 8 21 70 38
41 41 41 41 41 41 41 41 41 41 41 41 41 41 41 41 41 41 41 41 41 41 41 41 41 41 41 41 41 41
r34 0.654149
56 23 29 11 72 76 71 30 23 69 91 13 16 20 34 26 26 58 82 37 63 28 51 28 31 64 94 61 97 29
49 49 49 49 49 49 49 49 49 49 49 49 49 49 49 49 49 49 49 49 49 49 49 49 49 49 49 49 49 49
r35 0.526998
73 56 19 46 27 41 64 91 30 73 99 45 99 25 63 58 99 95 18 27 43 38 50 99 29 11 96 53 53 46
96 96 96 96 96 96 96 96 96 96 96 96 96 96 96 96 96 96 96 96 96 96 96 96 96 96 96 96 96 96
r36 0.564105
12 65 22 46 29 10 71 97 10 13 97 30 71 52 27 63 62 49 99 95 95 98 22 98 92 70 51 35 63 70
30 30 30 30 30 30 30 30 30 30 30 30 30 30 30 30 30 30 30 30 30 30 30 30 30 30 30 30 30 30
r37 0.612701
47 14 56 52 80 51 54 85 45 77 56 92 99 19 51 45 15 46 37 14 63 36 98 31 79 30 89 49 55 54
76 76 76 76 76 76 76 76 76 76 76 76 76 76 76 76 76 76 76 76 76 76 76 76 76 76 76 76 76 76
r38 0.828244
33 44 40 79 90 25 21 67 73 13 63 85 59 9 95 97 41 6 58 72 99 84 49 30 70 93 77 25 67 69
80 80 80 80 80 80 80 80 80 80 80 80 80 80 80 80 80 80 80 80 80 80 80 80 80 80 80 80 80 80
r39 0.633974
21 68 95 38 84 63 12 89 26 92 48 30 87 42 64 89 95 33 85 76 77 12 44 68 85 64 35 51 41 27
56 56 56 56 56 56 56 56 56 56 56 56 56 56 56 56 56 56 56 56 56 56 56 56 56 56 56 56 56 56
r40 0.863237
51 88 71 14 95 60 33 84 5 55 71 42 19 57 35 48 43 8 22 50 47 85 32 11 17 78 48 39 34 97
23 23 23 23 23 23 23 23 23 23 23 23 23 23 23 23 23 23 23 23 23 23 23 23 23 23 23 23 23 23
r41 0.991033
89 87 77 49 20 61 46 71 30 84 82 82 16 30 22 19 45 65 62 30 92 65 43 68 10 74 94 5 93 72
82 82 82 82 82 82 82 82 82 82 82 82 82 82 82 82 82 82 82 82 82 82 82 82 82 82 82 82 82 82
r42 0.986372
60 29 72 18 70 40 43 51 23 26 59 45 40 74 85 5 33 13 93 90 48 58 93 22 52 93 12 22 72 87
74 74 74 74 74 74 74 74 74 74 74 74 74 74 74 74 74 74 74 74 74 74 74 74 74 74 74 74 74 74
r43 0.917398
46 46 78 79 81 27 97 99 81 39 40 52 25 40 80 30 30 68 73 83 61 90 33 51 95 47 23 82 21 48
90 90 90 90 90 90 90 90 90 90 90 90 90 90 90 90 90 90 90 90 90 90 90 90 90 90 90 90 90 90
r44 0.732413
68 38 67 87 32 67 69 67 99 21 84 39 94 14 65 62 82 45 20 69 70 66 64 17 81 43 30 29 33 85
15 15 15 15 15 15 15 15 15 15 15 15 15 15 15 15 15 15 15 15 15 15 15 15 15 15 15 15 15 15
r45 0.706851
75 81 48 42 47 12 41 61 91 72 52 97 34 11 76 75 26 42 42 84 99 55 65 42 77 90 68 62 5 62
78 78 78 78 78 78 78 78 78 78 78 78 78 78 78 78 78 78 78 78 78 78 78 78 78 78 78 78 78 78
r46 0.514079
23 14 83 30 47 41 18 17 88 12 46 94 80 18 20 22 56 99 21 8 61 56 80 51 24 40 49 81 15 21
18 18 18 18 18 18 18 18 18 18 18 18 18 18 18 18 18 18 18 18 18 18 18 18 18 18 18 18 18 18
r47 0.891592
96 55 67 37 65 79 25 72 26 16 49 36 31 66 87 27 80 87 84 36 65 32 52 5 76 33 15 90 46 40
18 18 18 18 18 18 18 18 18 18 18 18 18 18 18 18 18 18 18 18 18 18 18 18 18 18 18 18 18 18
r48 0.804873
80 69 49 60 87 18 78 98 62 14 27 28 94 49 8 81 30 36 43 58 83 43 34 13 50 24 52 82 34 87
66 66 66 66 66 66 66 66 66 66 66 66 66 66 66 66 66 66 66 66 66 66 66 66 66 66 66 66 66 66
r49 0.842214
15 67 40 28 45 39 85 54 61 14 48 7 14 27 33 46 65 86 29 6 17 35 48 34 82 28 60 69 89 70
22 22 22 22 22 22 22 22 22 22 22 22 22 22 22 22 22 22 22 22 22 22 22 22 22 22 22 22 22 22
r50 0.652222
55 28 74 89 14 26 47 20 66 49 29 85 77 70 48 60 92 49 70 27 89 96 6 17 56 70 7 24 84 7
53 53 53 53 53 53 53 53 53 53 53 53 53 53 53 53 53 53 53 53 53 53 53 53 53 53 53 53 53 53
