50 30 1 1 10
0 0.25
40276 41082 38059 31409 38957 32684 37081 42186 44027 36126 43589 39922 38475 36877 31710 36315 38468 32057 36173 35932 30972 30562 35226 37873 44007 31917 34608 35185 30333 36879
w1 0.5
3461 1814 3582 1870 1771 3266 3304 2309 2645 3430 3898 3567 2905 2128 2278 3572 1948 1687 3745 1881 2659 1659 4459 1884 3666 3376 3845 2851 3709 1724
w2 0.5
2671 2038 1956 3393 2661 4074 2549 3470 2572 4479 3221 1991 3236 3849 3121 2308 4297 3308 1905 2030 4468 2064 1989 1852 4231 3866 4197 2582 3427 1774
w3 0.5
1950 2664 2117 4196 4178 1692 2245 3500 3116 2225 2221 3607 4313 1922 2229 2474 1720 4037 2879 2602 4357 3796 3092 2062 3527 2458 1759 1961 1737 2385
w4 0.5
2188 3902 2740 1884 3580 2932 2629 2580 1900 3706 3654 4007 3872 4076 1736 1846 1648 4274 3577 2751 4131 2873 1695 1693 1900 3005 2305 2714 3242 3542
w5 0.5
4282 2944 1576 2018 2024 3360 3500 3457 3760 2706 2611 3268 2430 2539 3856 2776 2688 3630 1854 4291 3614 3227 1838 4159 3980 3343 2316 2546 2085 4359
w6 0.5
2220 2803 1811 2738 3680 3671 1738 2989 3284 3297 4100 2404 4227 2491 1760 2504 4031 3891 3210 4174 3357 2289 1512 3016 1769 3355 4185 2815 4293 4044
w7 0.5
2013 2699 3361 3603 2231 2532 3842 3720 1668 2991 3672 2572 2718 2016 2833 4074 1547 2576 3136 4222 4433 3926 4234 3301 4195 3442 2986 2863 3587 2882
w8 0.5
4100 4434 3274 3555 2517 1658 3249 1738 1827 1740 4262 3251 2959 1778 1584 2885 2178 2660 1522 1900 2945 3948 1986 1747 3995 4280 3585 2358 3367 2320
w9 0.5
3319 2606 4397 2375 3623 1908 4124 4213 2587 4365 3976 4338 3176 1606 4423 1913 2284 2935 1935 3036 4381 1735 3875 1980 4231 3655 4417 2441 2523 2237
w10 0.5
1694 3695 3462 2569 2819 4222 2546 2532 2309 2763 2360 2148 4439 2467 2423 1852 3603 3858 2640 2140 3739 2875 1867 4219 2606 4022 4137 3548 2397 2226
r1 0.539487
27 32 68 13 37 96 40 26 39 28 11 48 12 9 88 87 73 75 89 54 20 26 21 89 26 83 39 28 51 29
69 69 69 69 69 69 69 69 69 69 69 69 69 69 69 69 69 69 69 69 69 69 69 69 69 69 69 69 69 69
r2 0.654528
38 78 85 34 16 9 66 39 15 14 43 20 94 30 85 69 20 39 82 41 55 71 62 35 7 83 79 31 52 49
76 76 76 76 76 76 76 76 76 76 76 76 76 76 76 76 76 76 76 76 76 76 76 76 76 76 76 76 76 76
r3 0.888946
62 14 36 63 75 67 73 81 10 85 73 32 70 39 47 10 21 81 57 84 40 88 86 20 67 14 65 13 86 44
33 33 33 33 33 33 33 33 33 33 33 33 33 33 33 33 33 33 33 33 33 33 33 33 33 33 33 33 33 33
r4 0.862168
64 8 25 31 73 99 33 59 69 58 29 8 5 31 25 78 84 6 16 69 88 31 33 94 88 38 80 33 67 22
78 78 78 78 78 78 78 78 78 78 78 78 78 78 78 78 78 78 78 78 78 78 78 78 78 78 78 78 78 78
r5 0.560384
96 52 91 95 80 50 64 38 71 64 36 95 84 11 79 86 22 45 71 46 70 65 34 8 43 62 70 57 41 94
75 75 75 75 75 75 75 75 75 75 75 75 75 75 75 75 75 75 75 75 75 75 75 75 75 75 75 75 75 75
r6 0.980371
63 29 23 10 85 54 76 49 82 68 31 88 47 14 11 84 77 52 54 42 81 58 77 41 28 35 74 19 7 8
57 57 57 57 57 57 57 57 57 57 57 57 57 57 57 57 57 57 57 57 57 57 57 57 57 57 57 57 57 57
r7 0.807308
76 70 14 27 43 58 9 12 81 92 51 90 95 36 64 44 82 7 23 40 76 59 61 8 30 72 10 33 30 70
57 57 57 57 57 57 57 57 57 57 57 57 57 57 57 57 57 57 57 57 57 57 57 57 57 57 57 57 57 57
r8 0.695481
66 25 73 21 26 77 95 15 25 82 11 53 47 50 36 46 65 68 22 21 29 26 46 94 31 74 24 94 31 19
28 28 28 28 28 28 28 28 28 28 28 28 28 28 28 28 28 28 28 28 28 28 28 28 28 28 28 28 28 28
r9 0.916271
93 8 60 70 98 70 88 77 73 41 24 21 72 65 81 38 83 98 59 6 44 53 32 16 72 23 39 83 44 26
22 22 22 22 22 22 22 22 22 22 22 22 22 22 22 22 22 22 22 22 22 22 22 22 22 22 22 22 22 22
r10 0.712213
74 5 21 42 88 93 12 29 18 28 94 78 7 29 58 97 83 59 38 37 84 46 6 99 81 85 43 99 99 76
25 25 25 25 25 25 25 25 25 25 25 25 25 25 25 25 25 25 25 25 25 25 25 25 25 25 25 25 25 25
r11 0.595272
41 13 61 34 17 82 47 38 76 23 40 5 76 34 81 33 67 18 14 11 16 13 87 96 52 86 93 28 11 64
96 96 96 96 96 96 96 96 96 96 96 96 96 96 96 96 96 96 96 96 96 96 96 96 96 96 96 96 96 96
r12 0.940711
54 73 81 36 21 19 10 36 51 7 9 77 83 37 42 93 46 48 10 55 32 98 99 18 91 24 21 55 20 60
21 21 21 21 21 21 21 21 21 21 21 21 21 21 21 21 21 21 21 21 21 21 21 21 21 21 21 21 21 21
r13 0.633353
98 97 46 14 99 77 58 7 82 32 82 19 69 76 58 17 78 10 44 76 9 54 68 28 67 20 40 27 37 6
56 56 56 56 56 56 56 56 56 56 56 56 56 56 56 56 56 56 56 56 56 56 56 56 56 56 56 56 56 56
r14 0.858757
94 38 95 72 88 94 54 21 76 65 85 49 20 95 27 25 36 99 29 83 64 52 50 76 84 73 10 85 26 37
81 81 81 81 81 81 81 81 81 81 81 81 81 81 81 81 81 81 81 81 81 81 81 81 81 81 81 81 81 81
r15 0.924421
73 84 56 67 35 72 43 93 55 88 13 47 12 31 78 11 52 61 67 5 9 44 81 77 49 67 95 79 45 12
47 47 47 47 47 47 47 47 47 47 47 47 47 47 47 47 47 47 47 47 47 47 47 47 47 47 47 47 47 47
r16 0.74169
95 80 24 65 20 17 17 5 23 59 13 49 34 16 96 88 79 93 92 20 75 66 61 39 61 40 79 65 79 89
57 57 57 57 57 57 57 57 57 57 57 57 57 57 57 57 57 57 57 57 57 57 57 57 57 57 57 57 57 57
r17 0.935602
74 37 81 86 49 82 9 8 87 50 34 95 47 22 74 37 11 86 12 72 48 46 30 80 22 91 60 11 45 32
72 72 72 72 72 72 72 72 72 72 72 72 72 72 72 72 72 72 72 72 72 72 72 72 72 72 72 72 72 72
r18 0.673063
54 6 10 33 7 13 17 53 39 12 92 57 79 29 63 65 34 36 10 72 58 86 90 49 43 93 90 70 66 6
31 31 31 31 31 31 31 31 31 31 31 31 31 31 31 31 31 31 31 31 31 31 31 31 31 31 31 31 31 31
r19 0.682765
36 42 7 41 54 52 75 61 44 29 37 65 88 95 94 21 5 67 71 83 54 21 26 47 8 88 13 9 16 22
9 9 9 9 9 9 9 9 9 9 9 9 9 9 9 9 9 9 9 9 9 9 9 9 9 9 9 9 9 9
r20 0.686374
8 77 13 55 53 67 91 74 96 56 62 91 51 75 89 15 47 72 64 60 91 11 60 76 17 64 85 31 65 29
86 86 86 86 86 86 86 86 86 86 86 86 86 86 86 86 86 86 86 86 86 86 86 86 86 86 86 86 86 86
r21 0.504897
91 20 52 55 8 26 52 60 81 43 8 53 29 18 92 94 77 49 85 80 9 58 89 66 43 21 31 65 7 92
64 64 64 64 64 64 64 64 64 64 64 64 64 64 64 64 64 64 64 64 64 64 64 64 64 64 64 64 64 64
r22 0.664542
16 46 13 34 93 68 15 33 68 61 58 81 53 49 55 98 34 32 7 84 22 65 25 35 92 82 34 81 46 24
85 85 85 85 85 85 85 85 85 85 85 85 85 85 85 85 85 85 85 85 85 85 85 85 85 85 85 85 85 85
r23 0.565735
90 83 55 55 91 81 23 52 36 99 97 80 51 92 11 79 92 87 93 57 12 28 49 89 57 27 35 73 13 81
36 36 36 36 36 36 36 36 36 36 36 36 36 36 36 36 36 36 36 36 36 36 36 36 36 36 36 36 36 36
r24 0.531407
83 51 56 64 69 5 92 66 94 72 17 87 75 88 79 63 81 36 70 9 78 57 58 5 84 29 10 66 60 6
31 31 31 31 31 31 31 31 31 31 31 31 31 31 31 31 31 31 31 31 31 31 31 31 31 31 31 31 31 31
r25 0.899439
79 5 18 76 92 79 70 62 92 57 37 80 33 95 62 62 63 63 40 20 19 37 99 43 40 62 95 38 85 35
85 85 85 85 85 85 85 85 85 85 85 85 85 85 85 85 85 85 85 85 85 85 85 85 85 85 85 85 85 85
r26 0.519018
95 37 25 75 5 82 67 57 16 44 83 9 98 45 67 59 80 79 73 14 75 13 49 38 8 82 23 38 64 80
66 66 66 66 66 66 66 66 66 66 66 66 66 66 66 66 66 66 66 66 66 66 66 66 66 66 66 66 66 66
r27 0.795566
86 35 14 65 94 64 73 38 47 77 34 87 41 88 64 20 61 70 91 66 20 29 69 94 44 99 59 24 65 16
34 34 34 34 34 34 34 34 34 34 34 34 34 34 34 34 34 34 34 34 34 34 34 34 34 34 34 34 34 34
r28 0.733393
43 10 37 7 79 67 46 53 96 33 90 84 89 10 42 60 93 8 75 22 72 66 62 69 25 78 34 33 12 75
71 71 71 71 71 71 71 71 71 71 71 71 71 71 71 71 71 71 71 71 71 71 71 71 71 71 71 71 71 71
r29 0.799362
5 47 56 68 89 10 61 19 95 46 9 97 80 64 91 84 36 10 53 97 64 22 20 43 49 48 47 21 17 87
93 93 93 93 93 93 93 93 93 93 93 93 93 93 93 93 93 93 93 93 93 93 93 93 93 93 93 93 93 93
r30 0.672152
50 77 24 55 39 38 47 77 39 44 57 98 32 38 31 38 87 26 97 6 41 40 47 81 80 60 93 67 54 8
97 97 97 97 97 97 97 97 97 97 97 97 97 97 97 97 97 97 97 97 97 97 97 97 97 97 97 97 97 97
r31 0.789678
18 51 19 52 93 91 86 34 46 82 62 79 13 95 63 31 92 62 67 30 6 46 10 62 36 72 16 39 70 12
20 20 20 20 20 20 20 20 20 20 20 20 20 20 20 20 20 20 20 20 20 20 20 20 20 20 20 20 20 20
r32 0.513525
31 32 51 20 16 80 61 90 39 40 95 34 96 27 24 58 86 49 59 32 54 21 61 23 29 95 85 36 12 66
89 89 89 89 89 89 89 89 89 89 89 89 89 89 89 89 89 89 89 89 89 89 89 89 89 89 89 89 89 89
r33 0.623657
37 51 6 15 12 88 49 44 84 76 37 11 95 90 92 44 47 22 90 63 78 10 85 70 91 21 75 54 8 11
44 44 44 44 44 44 44 44 44 44 44 44 44 44 44 44 44 44 44 44 44 44 44 44 44 44 44 44 44 44
r34 0.87296
43 47 61 31 89 97 12 65 35 18 60 22 8 96 64 25 83 25 95 88 10 65 76 23 37 27 26 43 64 59
92 92 92 92 92 92 92 92 92 92 92 92 92 92 92 92 92 92 92 92 92 92 92 92 92 92 92 92 92 92
r35 0.816611
50 30 90 48 38 55 75 51 12 89 51 8 54 68 83 71 63 69 73 26 42 91 58 65 18 97 29 72 86 28
73 73 73 73 73 73 73 73 73 73 73 73 73 73 73 73 73 73 73 73 73 73 73 73 73 73 73 73 73 73
r36 0.796594
61 77 83 16 49 32 21 38 78 24 84 47 5 52 10 69 25 28 8 17 82 65 30 76 89 94 62 14 67 91
63 63 63 63 63 63 63 63 63 63 63 63 63 63 63 63 63 63 63 63 63 63 63 63 63 63 63 63 63 63
r37 0.504156
46 37 14 70 53 45 49 69 29 91 66 74 93 32 94 19 36 11 96 96 33 69 83 27 28 92 87 20 52 12
80 80 80 80 80 80 80 80 80 80 80 80 80 80 80 80 80 80 80 80 80 80 80 80 80 80 80 80 80 80
r38 0.608308
87 61 89 32 10 56 53 93 22 27 84 50 22 98 81 25 91 74 54 57 57 76 80 50 63 92 94 71 70 85
12 12 12 12 12 12 12 12 12 12 12 12 12 12 12 12 12 12 12 12 12 12 12 12 12 12 12 12 12 12
r39 0.671633
94 84 49 50 34 43 67 54 24 17 71 19 90 88 10 65 42 62 19 16 39 61 74 32 56 42 97 41 50 54
80 80 80 80 80 80 80 80 80 80 80 80 80 80 80 80 80 80 80 80 80 80 80 80 80 80 80 80 80 80
r40 0.522115
30 86 61 65 53 15 84 63 78 98 50 67 5 12 9 59 24 17 93 80 87 25 36 26 22 70 68 68 50 9
95 95 95 95 95 95 95 95 95 95 95 95 95 95 95 95 95 95 95 95 95 95 95 95 95 95 95 95 95 95
r41 0.804194
57 34 41 67 18 96 46 13 46 13 10 51 14 64 70 27 55 50 11 75 79 32 90 46 93 55 88 97 51 61
88 88 88 88 88 88 88 88 88 88 88 88 88 88 88 88 88 88 88 88 88 88 88 88 88 88 88 88 88 88
r42 0.852994
26 70 6 22 13 11 60 18 14 11 28 70 73 47 25 21 53 93 95 77 80 41 70 35 29 65 78 82 50 78
70 70 70 70 70 70 70 70 70 70 70 70 70 70 70 70 70 70 70 70 70 70 70 70 70 70 70 70 70 70
r43 0.72753
68 85 54 74 45 68 83 49 88 51 19 35 71 35 80 64 30 54 41 63 25 72 85 82 47 67 32 26 37 98
67 67 67 67 67 67 67 67 67 67 67 67 67 67 67 67 67 67 67 67 67 67 67 67 67 67 67 67 67 67
r44 0.988633
21 72 25 81 52 66 69 98 81 96 67 16 76 28 39 31 65 97 48 34 79 30 76 47 54 97 76 52 64 74
32 32 32 32 32 32 32 32 32 32 32 32 32 32 32 32 32 32 32 32 32 32 32 32 32 32 32 32 32 32
r45 0.654549
52 59 87 19 29 83 92 25 50 8 94 73 39 22 38 34 62 67 13 84 41 52 38 38 29 85 95 95 14 73
35 35 35 35 35 35 35 35 35 35 35 35 35 35 35 35 35 35 35 35 35 35 35 35 35 35 35 35 35 35
r46 0.867333
22 72 50 5 64 71 47 65 62 21 99 79 51 33 38 16 39 22 52 86 55 82 12 37 77 7 46 47 34 99
72 72 72 72 72 72 72 72 72 72 72 72 72 72 72 72 72 72 72 72 72 72 72 72 72 72 72 72 72 72
r47 0.530226
19 49 33 85 92 90 44 10 87 20 56 17 53 67 51 70 16 38 22 94 45 54 68 45 92 13 74 92 80 20
61 61 61 61 61 61 61 61 61 61 61 61 61 61 61 61 61 61 61 61 61 61 61 61 61 61 61 61 61 61
r48 0.500521
86 77 54 74 18 59 61 34 12 70 82 75 22 50 83 55 67 77 92 19 46 37 8 54 9 92 31 24 53 22
81 81 81 81 81 81 81 81 81 81 81 81 81 81 81 81 81 81 81 81 81 81 81 81 81 81 81 81 81 81
r49 0.943047
32 8 10 86 61 36 91 31 18 63 48 63 46 95 31 24 85 42 62 19 45 13 23 38 36 40 83 50 18 17
42 42 42 42 42 42 42 42 42 42 42 42 42 42 42 42 42 42 42 42 42 42 42 42 42 42 42 42 42 42
r50 0.93261
44 29 76 75 17 5 85 75 45 49 22 41 72 41 26 11 95 40 51 8 56 81 36 88 65 81 98 74 20 41
90 90 90 90 90 90 90 90 90 90 90 90 90 90 90 90 90 90 90 90 90 90 90 90 90 90 90 90 90 90
