50 30 7 1 20
0 0.25
42122 34568 30210 43117 33691 39133 38553 44812 41959 33953 43530 33203 43497 33395 41954 39185 31115 37076 33045 40166 44062 30456 44066 37052 35629 31081 39669 39662 37026 32148
w1 0.5
2648 2568 1811 4118 3259 1945 3671 3424 1904 1976 1954 2459 3826 2701 2414 4363 4168 3842 1761 2334 2904 2217 4400 4308 1846 2481 1977 2860 3508 4477
w2 0.5
2008 2545 3273 1626 1657 3718 4150 3581 4474 1978 4387 2434 4304 2940 3700 4168 2608 3042 4429 3442 1798 2498 3694 1606 3196 2027 2083 1557 4387 2412
w3 0.5
1896 3457 2144 2374 3966 1715 2024 3399 1689 2855 3286 2975 2659 2078 2175 2679 3186 4069 2960 2480 4367 3958 1674 1825 3007 2554 2408 3064 2441 3672
w4 0.5
3189 2630 2579 4064 2096 3146 1940 4348 3336 3295 3486 2163 1807 4065 3191 2986 3103 2760 1799 4084 2980 1609 1610 3305 3116 2664 1566 2032 3606 3738
w5 0.5
2295 2220 3899 2211 3169 2545 2652 3017 1733 4447 2003 2749 2106 1568 4440 3593 3172 3052 4244 3108 1884 4353 3218 3690 2970 4383 3756 3854 3841 3346
w6 0.5
1988 4067 1925 2700 2736 3322 4204 1605 3556 1503 2108 2157 2110 2529 2097 4203 1553 4001 3947 3161 4386 4152 2231 3576 2974 2466 3184 2329 1807 2382
w7 0.5
2296 1949 3428 3848 3537 2250 3552 3994 1658 3555 1955 2315 1517 2984 3264 1572 3389 2766 4371 2402 2652 4024 3133 2080 2498 4100 3764 3327 1759 1998
w8 0.5
2907 2800 4110 2255 2189 1861 1659 1684 2371 4067 2139 3187 4084 3623 1951 4157 2864 3217 4028 3766 1721 3904 2399 2301 1903 2351 1917 4082 2611 2416
w9 0.5
4370 4068 1727 2126 1757 2440 2637 1941 3312 2204 2580 1999 2141 2055 2802 1798 3771 1872 1678 3037 2093 4435 3937 3247 1838 2140 4016 1772 3603 2284
w10 0.5
3474 1852 2617 4452 2110 3557 2589 2903 2369 3646 3984 3220 4287 1891 1875 1937 4163 2247 2467 3052 3192 2402 2489 2291 3092 3482 1808 3365 2585 2592
w11 0.5
1559 3297 2723 1511 3907 1781 2953 2310 3002 2099 2146 2075 1886 2890 2450 2323 2905 3197 3290 4457 2241 1545 2799 3033 3137 1781 3693 2354 2866 1785
w12 0.5
2926 3582 3684 3289 3341 4317 1742 4152 2820 2341 2150 3747 3079 3540 1697 4254 2297 3746 3397 2255 4487 3442 3554 3020 2079 3835 2213 3286 2553 2851
w13 0.5
4331 2285 3431 3121 4479 3601 3715 4131 2273 1909 2133 1520 3488 1526 1717 3243 2323 3963 2140 3078 3950 4434 2484 2823 2365 2171 3888 4151 3225 2591
w14 0.5
3056 3377 3182 1677 3356 2283 4245 3339 3056 1654 4324 3076 3642 4350 3293 2737 2174 3108 3729 4104 2558 3663 2441 4233 1529 3112 3622 4180 1837 1713
w15 0.5
3394 3942 2613 3923 3150 3396 4020 2341 2304 4174 2166 3880 3669 2016 3025 1906 3042 1633 4136 2999 3043 3651 3940 2777 3680 2552 2251 3361 3242 2816
w16 0.5
2488 2259 4257 2263 4261 3153 1784 2103 3957 1810 2769 3689 3979 3637 2214 4386 2532 2699 4374 4383 4242 3525 3823 2871 3058 2227 3622 2271 3969 2291
w17 0.5
2309 3050 3320 3073 3163 2325 3709 3766 2134 4019 2387 4323 3499 1877 2037 3737 3261 3588 3963 3144 3330 2988 2467 2054 1898 3546 4176 2669 3016 1967
w18 0.5
3825 3869 4256 2750 2885 2081 1959 2151 2715 1831 3391 2890 3830 3768 3427 3419 2529 2867 2882 1525 1698 1722 2492 2252 2121 1538 2280 3290 3406 3100
w19 0.5
3084 2821 3983 1686 4206 1565 2146 2210 3132 2477 4101 1523 2159 3721 3802 4430 2102 2170 3164 2127 2720 3386 3471 3824 4359 3861 1956 3502 2768 3556
w20 0.5
1704 2230 2712 1890 1936 3129 2536 2646 2114 3865 2599 2137 1876 2172 1791 1806 2774 2813 3470 3753 4033 2709 2724 3709 2920 2086 4166 2274 3706 3222
r1 0.621661
32 5 50 51 49 14 84 35 66 29 49 23 86 91 96 8 81 9 46 82 60 28 11 22 34 17 7 77 47 79
57 57 57 57 57 57 57 57 57 57 57 57 57 57 57 57 57 57 57 57 57 57 57 57 57 57 57 57 57 57
r2 0.675977
99 22 26 13 99 56 72 28 6 90 11 89 83 11 70 84 53 52 41 76 59 59 7 68 58 79 15 37 33 79
17 17 17 17 17 17 17 17 17 17 17 17 17 17 17 17 17 17 17 17 17 17 17 17 17 17 17 17 17 17
r3 0.793471
35 38 92 86 10 17 84 92 24 73 72 30 41 57 75 85 90 48 41 49 50 10 99 26 17 34 51 91 43 79
85 85 85 85 85 85 85 85 85 85 85 85 85 85 85 85 85 85 85 85 85 85 85 85 85 85 85 85 85 85
r4 0.707477
77 59 19 90 41 11 11 14 78 33 47 32 9 33 23 52 69 64 95 74 64 18 84 90 65 75 33 41 60 6
50 50 50 50 50 50 50 50 50 50 50 50 50 50 50 50 50 50 50 50 50 50 50 50 50 50 50 50 50 50
r5 0.575962
64 25 90 70 28 97 45 56 44 73 60 72 91 10 39 52 5 10 16 15 89 98 75 65 31 16 22 29 61 52
79 79 79 79 79 79 79 79 79 79 79 79 79 79 79 79 79 79 79 79 79 79 79 79 79 79 79 79 79 79
r6 0.664807
69 84 92 66 30 49 8 98 6 72 86 11 11 38 8 14 47 16 98 45 86 60 69 95 78 90 53 27 69 71
92 92 92 92 92 92 92 92 92 92 92 92 92 92 92 92 92 92 92 92 92 92 92 92 92 92 92 92 92 92
r7 0.74502
81 94 77 30 97 75 29 67 58 32 73 92 36 82 36 47 78 76 30 38 42 22 13 33 71 33 94 39 22 30
86 86 86 86 86 86 86 86 86 86 86 86 86 86 86 86 86 86 86 86 86 86 86 86 86 86 86 86 86 86
r8 0.751184
64 26 19 36 50 81 87 77 52 79 10 31 15 49 6 83 72 37 26 89 45 51 57 70 45 91 87 71 75 86
88 88 88 88 88 88 88 88 88 88 88 88 88 88 88 88 88 88 88 88 88 88 88 88 88 88 88 88 88 88
r9 0.738609
99 64 54 78 51 28 30 27 31 53 37 75 55 18 47 87 36 34 29 82 86 95 27 75 82 90 50 65 75 78
69 69 69 69 69 69 69 69 69 69 69 69 69 69 69 69 69 69 69 69 69 69 69 69 69 69 69 69 69 69
r10 0.775844
20 53 89 41 75 13 67 28 43 39 75 56 79 62 84 13 84 66 91 79 85 66 58 73 13 24 48 86 85 23
29 29 29 29 29 29 29 29 29 29 29 29 29 29 29 29 29 29 29 29 29 29 29 29 29 29 29 29 29 29
r11 0.54353
15 39 43 23 98 64 61 37 39 14 13 94 93 18 78 56 10 54 42 71 12 15 77 28 55 63 11 74 84 9
39 39 39 39 39 39 39 39 39 39 39 39 39 39 39 39 39 39 39 39 39 39 39 39 39 39 39 39 39 39
r12 0.632382
75 12 41 36 65 70 67 75 79 61 65 89 36 22 94 82 56 63 87 66 40 12 18 98 18 84 80 22 24 71
57 57 57 57 57 57 57 57 57 57 57 57 57 57 57 57 57 57 57 57 57 57 57 57 57 57 57 57 57 57
r13 0.947597
90 30 44 61 89 16 37 51 76 26 79 93 18 59 49 76 46 12 16 53 26 11 67 10 86 81 26 55 39 17
30 30 30 30 30 30 30 30 30 30 30 30 30 30 30 30 30 30 30 30 30 30 30 30 30 30 30 30 30 30
r14 0.629486
69 85 29 80 19 75 54 38 51 47 51 10 89 27 51 96 35 97 19 38 61 22 22 42 43 72 76 56 97 6
90 90 90 90 90 90 90 90 90 90 90 90 90 90 90 90 90 90 90 90 90 90 90 90 90 90 90 90 90 90
r15 0.59927
19 41 98 86 90 33 38 38 79 40 24 98 84 17 33 81 32 66 42 49 83 79 84 52 53 40 50 54 28 11
34 34 34 34 34 34 34 34 34 34 34 34 34 34 34 34 34 34 34 34 34 34 34 34 34 34 34 34 34 34
r16 0.801758
29 29 38 57 59 68 33 91 87 31 75 99 59 53 28 23 87 69 98 64 54 48 17 86 93 63 14 96 92 49
43 43 43 43 43 43 43 43 43 43 43 43 43 43 43 43 43 43 43 43 43 43 43 43 43 43 43 43 43 43
r17 0.727232
76 68 29 44 97 17 28 28 88 25 80 41 48 98 26 15 93 85 64 41 97 47 31 57 57 27 46 6 66 60
71 71 71 71 71 71 71 71 71 71 71 71 71 71 71 71 71 71 71 71 71 71 71 71 71 71 71 71 71 71
r18 0.67393
92 76 26 9 99 46 89 24 26 28 65 24 49 75 15 34 36 51 28 78 75 80 32 97 23 33 60 79 96 95
5 5 5 5 5 5 5 5 5 5 5 5 5 5 5 5 5 5 5 5 5 5 5 5 5 5 5 5 5 5
r19 0.840999
23 87 67 64 76 84 83 96 49 7 45 21 14 71 52 61 91 30 36 71 58 30 87 83 86 63 77 78 60 59
46 46 46 46 46 46 46 46 46 46 46 46 46 46 46 46 46 46 46 46 46 46 46 46 46 46 46 46 46 46
r20 0.869782
13 39 20 89 22 16 38 22 54 51 31 22 98 84 14 26 17 77 76 43 64 56 26 27 30 99 82 85 45 57
28 28 28 28 28 28 28 28 28 28 28 28 28 28 28 28 28 28 28 28 28 28 28 28 28 28 28 28 28 28
r21 0.704318
40 40 11 49 70 28 95 22 52 17 17 33 26 35 46 99 8 81 63 57 99 83 82 98 65 64 40 23 88 82
12 12 12 12 12 12 12 12 12 12 12 12 12 12 12 12 12 12 12 12 12 12 12 12 12 12 12 12 12 12
r22 0.76668
18 66 88 39 61 7 83 74 16 16 95 47 54 91 47 35 55 99 34 38 82 29 95 46 61 18 31 44 22 49
58 58 58 58 58 58 58 58 58 58 58 58 58 58 58 58 58 58 58 58 58 58 58 58 58 58 58 58 58 58
r23 0.52153
46 67 72 45 47 46 57 58 38 96 13 30 43 40 77 43 67 15 25 91 7 63 50 21 87 89 38 36 47 63
46 46 46 46 46 46 46 46 46 46 46 46 46 46 46 46 46 46 46 46 46 46 46 46 46 46 46 46 46 46
r24 0.960561
15 28 72 53 77 28 84 73 33 14 14 68 83 52 32 90 69 21 92 29 66 10 16 52 44 44 91 99 83 74
30 30 30 30 30 30 30 30 30 30 30 30 30 30 30 30 30 30 30 30 30 30 30 30 30 30 30 30 30 30
r25 0.929438
94 44 75 19 28 46 47 34 55 13 17 99 40 7 68 56 91 89 22 97 98 66 38 42 58 37 25 32 59 16
27 27 27 27 27 27 27 27 27 27 27 27 27 27 27 27 27 27 27 27 27 27 27 27 27 27 27 27 27 27
r26 0.891398
95 65 75 41 13 9 88 18 18 87 53 17 52 7 8 41 24 97 39 83 35 74 41 68 91 65 27 7 88 73
54 54 54 54 54 54 54 54 54 54 54 54 54 54 54 54 54 54 54 54 54 54 54 54 54 54 54 54 54 54
r27 0.86076
26 21 44 27 9 57 40 88 10 49 40 9 50 73 26 47 10 9 78 76 45 43 67 7 62 67 90 36 21 70
67 67 67 67 67 67 67 67 67 67 67 67 67 67 67 67 67 67 67 67 67 67 67 67 67 67 67 67 67 67
r28 0.519903
11 62 87 63 95 75 65 44 12 70 86 78 91 34 80 92 9 56 34 44 20 36 6 82 24 34 99 89 96 39
73 73 73 73 73 73 73 73 73 73 73 73 73 73 73 73 73 73 73 73 73 73 73 73 73 73 73 73 73 73
r29 0.962243
57 62 88 33 25 30 37 87 16 12 75 45 84 67 46 37 96 85 53 32 84 35 51 18 31 38 15 62 11 14
56 56 56 56 56 56 56 56 56 56 56 56 56 56 56 56 56 56 56 56 56 56 56 56 56 56 56 56 56 56
r30 0.7958
44 88 86 69 23 73 81 27 48 23 12 12 62 44 8 44 92 32 28 25 79 42 51 17 49 14 20 55 65 75
24 24 24 24 24 24 24 24 24 24 24 24 24 24 24 24 24 24 24 24 24 24 24 24 24 24 24 24 24 24
r31 0.825936
7 68 79 75 46 6 20 61 13 27 23 50 30 63 39 55 86 59 34 25 11 43 66 17 55 22 74 30 38 72
86 86 86 86 86 86 86 86 86 86 86 86 86 86 86 86 86 86 86 86 86 86 86 86 86 86 86 86 86 86
r32 0.831103
65 13 81 67 29 43 72 48 58 22 74 21 54 26 5 13 55 22 16 90 84 25 45 6 94 67 36 67 54 69
99 99 99 99 99 99 99 99 99 99 99 99 99 99 99 99 99 99 99 99 99 99 99 99 99 99 99 99 99 99
r33 0.802328
81 78 7 21 51 50 74 65 21 88 19 42 85 25 89 7 33 76 86 54 18 84 45 81 21 12 32 82 12 46
60 60 60 60 60 60 60 60 60 60 60 60 60 60 60 60 60 60 60 60 60 60 60 60 60 60 60 60 60 60
r34 0.753906
59 98 68 7 69 30 20 57 45 55 42 62 44 42 87 18 28 41 28 10 82 9 23 86 33 5 90 72 61 75
89 89 89 89 89 89 89 89 89 89 89 89 89 89 89 89 89 89 89 89 89 89 89 89 89 89 89 89 89 89
r35 0.517003
57 19 43 79 35 92 21 85 32 78 26 69 66 39 89 99 63 91 78 64 14 65 90 12 52 62 65 28 51 77
93 93 93 93 93 93 93 93 93 93 93 93 93 93 93 93 93 93 93 93 93 93 93 93 93 93 93 93 93 93
r36 0.900685
33 79 27 23 96 9 47 71 30 13 34 62 97 34 22 86 12 78 92 69 68 99 22 27 64 42 70 42 32 70
31 31 31 31 31 31 31 31 31 31 31 31 31 31 31 31 31 31 31 31 31 31 31 31 31 31 31 31 31 31
r37 0.894643
53 76 40 57 23 8 79 31 38 41 25 64 58 11 68 34 99 38 94 95 52 22 57 89 87 94 21 55 25 74
97 97 97 97 97 97 97 97 97 97 97 97 97 97 97 97 97 97 97 97 97 97 97 97 97 97 97 97 97 97
r38 0.774071
34 24 68 37 98 91 67 37 17 31 87 23 95 21 19 30 16 12 77 33 64 66 17 55 79 67 72 51 61 42
96 96 96 96 96 96 96 96 96 96 96 96 96 96 96 96 96 96 96 96 96 96 96 96 96 96 96 96 96 96
r39 0.957869
62 25 56 53 84 88 65 16 76 81 8 89 92 33 5 96 10 30 60 68 43 12 44 7 79 90 64 18 84 51
71 71 71 71 71 71 71 71 71 71 71 71 71 71 71 71 71 71 71 71 71 71 71 71 71 71 71 71 71 71
r40 0.529556
25 91 53 10 54 64 78 32 64 68 21 92 65 18 94 88 70 59 28 78 98 30 54 86 89 68 70 41 36 13
9 9 9 9 9 9 9 9 9 9 9 9 9 9 9 9 9 9 9 9 9 9 9 9 9 9 9 9 9 9
r41 0.665213
57 59 47 18 34 74 77 94 88 66 60 6 60 45 71 16 68 46 15 93 96 93 80 61 60 18 89 68 22 43
61 61 61 61 61 61 61 61 61 61 61 61 61 61 61 61 61 61 61 61 61 61 61 61 61 61 61 61 61 61
r42 0.936354
9 82 28 75 57 23 63 23 75 61 76 20 33 87 80 71 94 73 67 87 50 25 47 63 15 12 78 50 66 47
44 44 44 44 44 44 44 44 44 44 44 44 44 44 44 44 44 44 44 44 44 44 44 44 44 44 44 44 44 44
r43 0.523658
67 42 78 82 98 94 54 59 70 69 87 54 46 56 46 20 23 30 62 44 73 26 51 77 99 96 43 46 40 10
67 67 67 67 67 67 67 67 67 67 67 67 67 67 67 67 67 67 67 67 67 67 67 67 67 67 67 67 67 67
r44 0.838064
43 79 43 37 33 97 99 95 82 50 41 38 91 53 53 22 16 89 87 37 40 64 33 33 5 71 68 7 35 65
44 44 44 44 44 44 44 44 44 44 44 44 44 44 44 44 44 44 44 44 44 44 44 44 44 44 44 44 44 44
r45 0.705399
82 10 69 77 6 64 56 52 6 86 43 54 36 57 65 26 44 94 58 6 27 87 98 90 52 5 26 14 45 91
50 50 50 50 50 50 50 50 50 50 50 50 50 50 50 50 50 50 50 50 50 50 50 50 50 50 50 50 50 50
r46 0.808839
20 93 95 79 49 47 80 32 86 35 64 43 92 85 80 87 40 81 11 27 76 94 72 73 17 81 18 8 32 35
97 97 97 97 97 97 97 97 97 97 97 97 97 97 97 97 97 97 97 97 97 97 97 97 97 97 97 97 97 97
r47 0.669069
93 23 70 40 96 97 23 28 61 59 17 43 39 99 79 17 8 98 88 97 70 61 14 49 72 17 73 99 12 17
24 24 24 24 24 24 24 24 24 24 24 24 24 24 24 24 24 24 24 24 24 24 24 24 24 24 24 24 24 24
r48 0.720814
89 40 25 84 56 48 45 15 61 81 46 57 60 58 60 58 43 54 29 96 63 70 65 73 43 64 80 52 84 77
79 79 79 79 79 79 79 79 79 79 79 79 79 79 79 79 79 79 79 79 79 79 79 79 79 79 79 79 79 79
r49 0.835885
5 54 65 45 92 75 98 73 18 56 33 71 13 83 11 60 9 8 23 74 65 88 14 30 65 61 11 42 38 73
52 52 52 52 52 52 52 52 52 52 52 52 52 52 52 52 52 52 52 52 52 52 52 52 52 52 52 52 52 52
r50 0.562961
14 75 14 82 71 82 95 27 12 64 32 87 70 87 92 70 8 63 33 88 73 58 54 34 61 88 64 31 37 94
48 48 48 48 48 48 48 48 48 48 48 48 48 48 48 48 48 48 48 48 48 48 48 48 48 48 48 48 48 48
