50 30 4 1 10
0 0.25
44791 42202 35236 36991 30299 34093 35706 41220 38872 30942 41866 39607 44114 34925 36449 33157 31961 34908 30872 30071 35664 34399 44959 32543 40392 36588 41515 36949 42179 30795
w1 0.5
1822 2849 2142 2813 3500 3587 2871 2720 3459 3814 2938 4066 3280 2216 1868 3437 4177 4128 1662 4248 4144 3061 1559 3687 4454 2147 3555 2755 2678 1702
w2 0.5
3001 3051 2154 1666 2051 4242 3390 3624 3201 2704 2414 3120 4484 3130 3840 3774 3159 3468 3936 2907 3464 2849 3318 3004 3155 4317 2059 1762 2848 2261
w3 0.5
4349 3812 2429 1867 1715 2171 3757 3839 4225 2313 1754 3197 2650 3736 2537 1924 2396 1857 1712 4155 3821 3061 2974 2325 2069 2791 2884 2331 4139 3997
w4 0.5
4340 3661 3536 2060 3877 1559 4317 3568 4284 2131 3822 2981 3633 3411 4018 4057 4307 1727 1621 3962 4049 3182 2788 2226 4103 4432 3611 1935 4071 3460
w5 0.5
4264 2622 2429 1824 1999 2489 1993 4067 2625 2976 3742 4107 2109 2653 3977 2018 2812 1557 2139 2274 4106 4174 3915 1832 3777 3847 4295 1564 3770 3256
w6 0.5
3534 1730 4387 4210 2229 2728 1704 2148 3854 3180 1742 3813 4142 3247 3642 1660 1559 3699 2300 2686 3305 1974 2101 3990 4251 4448 4137 1668 4070 3245
w7 0.5
3105 3475 3513 3167 1556 1742 3371 2205 4448 2404 2799 3761 2046 1547 2903 2558 1606 2103 3358 3144 4260 3832 3745 4102 3936 4045 3740 4104 3616 2837
w8 0.5
2573 1813 2595 1592 1869 3189 3816 2926 3489 1720 4226 2750 2618 1625 1506 3676 2083 2109 2887 3728 2221 2571 3325 2176 2007 3223 1768 1963 2691 3105
w9 0.5
4116 3418 2493 4208 4140 1534 3524 2918 3524 4096 2996 2126 2214 3121 2132 1743 3705 3093 3130 3285 4167 4201 2110 1843 2061 4185 2111 2876 2376 4068
w10 0.5
1992 2987 4119 1701 2979 1505 4077 1749 3881 3674 3246 1508 1740 1867 2492 1983 4424 4438 3965 3561 4105 3667 1524 1800 1580 4209 2763 2956 2086 2331
r1 0.700056
55 21 73 61 29 46 16 15 95 52 40 60 66 70 66 86 83 16 54 55 63 73 17 85 53 40 79 86 98 56
56 56 56 56 56 56 56 56 56 56 56 56 56 56 56 56 56 56 56 56 56 56 56 56 56 56 56 56 56 56
r2 0.985108
27 12 94 68 23 6 63 70 39 20 34 9 81 20 84 93 66 36 53 40 48 36 85 80 15 71 75 63 24 26
33 33 33 33 33 33 33 33 33 33 33 33 33 33 33 33 33 33 33 33 33 33 33 33 33 33 33 33 33 33
r3 0.810224
24 11 52 23 69 20 57 82 49 61 60 61 42 53 27 73 99 59 18 35 44 93 42 15 65 5 32 87 31 70
21 21 21 21 21 21 21 21 21 21 21 21 21 21 21 21 21 21 21 21 21 21 21 21 21 21 21 21 21 21
r4 0.919025
65 65 43 80 22 25 26 75 81 82 17 31 7 85 27 61 98 57 6 88 91 13 54 92 37 38 23 8 51 65
80 80 80 80 80 80 80 80 80 80 80 80 80 80 80 80 80 80 80 80 80 80 80 80 80 80 80 80 80 80
r5 0.736322
23 89 48 44 15 24 22 90 33 48 92 19 71 50 14 25 48 95 17 57 46 6 89 79 24 92 30 81 72 38
12 12 12 12 12 12 12 12 12 12 12 12 12 12 12 12 12 12 12 12 12 12 12 12 12 12 12 12 12 12
r6 0.593139
53 32 35 69 46 25 97 86 14 13 57 59 23 75 5 15 84 57 56 85 43 32 9 33 54 85 97 87 90 85
15 15 15 15 15 15 15 15 15 15 15 15 15 15 15 15 15 15 15 15 15 15 15 15 15 15 15 15 15 15
r7 0.957943
42 9 55 62 6 42 68 15 91 24 30 63 24 40 47 73 91 32 14 23 33 42 69 16 39 56 6 22 63 41
28 28 28 28 28 28 28 28 28 28 28 28 28 28 28 28 28 28 28 28 28 28 28 28 28 28 28 28 28 28
r8 0.745758
79 59 43 18 24 53 6 44 75 65 60 15 12 34 98 37 43 18 65 77 82 76 13 39 74 30 97 12 51 95
49 49 49 49 49 49 49 49 49 49 49 49 49 49 49 49 49 49 49 49 49 49 49 49 49 49 49 49 49 49
r9 0.952385
88 40 74 38 38 15 14 98 70 21 8 96 20 40 36 33 97 13 16 74 19 47 45 41 41 53 87 36 94 14
83 83 83 83 83 83 83 83 83 83 83 83 83 83 83 83 83 83 83 83 83 83 83 83 83 83 83 83 83 83
r10 0.958644
54 18 83 64 24 78 31 40 81 25 55 18 56 81 16 62 89 82 76 36 27 14 69 72 97 6 64 11 81 43
53 53 53 53 53 53 53 53 53 53 53 53 53 53 53 53 53 53 53 53 53 53 53 53 53 53 53 53 53 53
r11 0.677822
33 91 75 11 22 13 85 42 60 98 91 41 14 53 27 88 26 55 13 32 25 77 29 23 41 33 99 80 81 34
36 36 36 36 36 36 36 36 36 36 36 36 36 36 36 36 36 36 36 36 36 36 36 36 36 36 36 36 36 36
r12 0.933404
9 17 39 17 97 77 69 93 65 11 99 15 30 88 36 81 96 63 6 73 85 24 15 18 20 90 91 49 23 97
66 66 66 66 66 66 66 66 66 66 66 66 66 66 66 66 66 66 66 66 66 66 66 66 66 66 66 66 66 66
r13 0.686116
5 33 9 74 98 97 36 6 96 46 31 81 74 12 77 35 10 48 20 26 58 30 41 45 21 82 60 18 48 77
27 27 27 27 27 27 27 27 27 27 27 27 27 27 27 27 27 27 27 27 27 27 27 27 27 27 27 27 27 27
r14 0.900042
28 17 8 25 49 9 19 90 33 95 65 40 70 95 43 18 12 64 68 37 6 10 53 83 62 66 29 39 85 67
45 45 45 45 45 45 45 45 45 45 45 45 45 45 45 45 45 45 45 45 45 45 45 45 45 45 45 45 45 45
r15 0.544039
45 31 25 50 42 13 75 38 70 15 5 65 50 18 69 15 78 6 16 83 51 91 45 17 17 80 94 76 22 5
53 53 53 53 53 53 53 53 53 53 53 53 53 53 53 53 53 53 53 53 53 53 53 53 53 53 53 53 53 53
r16 0.612651
70 9 63 78 79 96 45 87 93 7 37 11 71 47 84 72 55 64 23 44 10 32 53 82 24 30 99 21 78 61
42 42 42 42 42 42 42 42 42 42 42 42 42 42 42 42 42 42 42 42 42 42 42 42 42 42 42 42 42 42
r17 0.530033
6 24 42 94 64 29 88 67 59 91 35 6 76 8 54 37 23 90 39 48 43 21 67 68 17 83 43 74 23 84
37 37 37 37 37 37 37 37 37 37 37 37 37 37 37 37 37 37 37 37 37 37 37 37 37 37 37 37 37 37
r18 0.671421
71 18 61 93 6 28 52 90 59 50 63 59 99 95 77 89 35 25 30 48 84 93 61 65 37 32 83 18 61 7
18 18 18 18 18 18 18 18 18 18 18 18 18 18 18 18 18 18 18 18 18 18 18 18 18 18 18 18 18 18
r19 0.753237
74 25 16 95 69 6 51 20 64 10 16 59 79 98 86 97 28 35 78 21 91 43 50 23 23 63 79 25 73 8
35 35 35 35 35 35 35 35 35 35 35 35 35 35 35 35 35 35 35 35 35 35 35 35 35 35 35 35 35 35
r20 0.527914
46 40 90 44 86 10 8 88 22 59 64 20 46 58 43 73 34 56 61 72 7 79 91 62 55 13 33 55 40 73
76 76 76 76 76 76 76 76 76 76 76 76 76 76 76 76 76 76 76 76 76 76 76 76 76 76 76 76 76 76
r21 0.907646
67 25 91 69 25 76 86 80 37 98 23 88 41 88 22 90 49 86 89 25 74 48 72 80 76 27 20 46 99 94
51 51 51 51 51 51 51 51 51 51 51 51 51 51 51 51 51 51 51 51 51 51 51 51 51 51 51 51 51 51
r22 0.758337
42 32 37 15 16 14 45 14 29 33 48 17 47 38 61 33 24 81 8 67 53 83 41 72 98 82 68 92 34 31
9 9 9 9 9 9 9 9 9 9 9 9 9 9 9 9 9 9 9 9 9 9 9 9 9 9 9 9 9 9
r23 0.766328
38 76 67 47 21 73 68 46 21 80 88 51 38 21 67 16 21 35 61 99 68 33 95 50 97 84 76 25 85 45
73 73 73 73 73 73 73 73 73 73 73 73 73 73 73 73 73 73 73 73 73 73 73 73 73 73 73 73 73 73
r24 0.512273
40 62 34 14 30 75 27 7 60 71 40 76 38 48 93 65 9 89 33 35 81 79 29 63 52 49 48 92 23 64
10 10 10 10 10 10 10 10 10 10 10 10 10 10 10 10 10 10 10 10 10 10 10 10 10 10 10 10 10 10
r25 0.700144
39 61 46 11 81 48 66 52 81 40 82 26 30 48 31 16 73 61 93 49 85 56 97 31 96 89 46 60 92 97
76 76 76 76 76 76 76 76 76 76 76 76 76 76 76 76 76 76 76 76 76 76 76 76 76 76 76 76 76 76
r26 0.590354
22 35 39 62 93 83 40 30 63 62 55 11 85 67 76 46 57 26 28 10 23 54 6 9 93 59 96 90 35 22
45 45 45 45 45 45 45 45 45 45 45 45 45 45 45 45 45 45 45 45 45 45 45 45 45 45 45 45 45 45
r27 0.824323
77 8 42 57 41 68 20 98 20 23 80 82 95 26 36 21 46 41 36 92 43 40 85 94 34 72 29 51 18 70
95 95 95 95 95 95 95 95 95 95 95 95 95 95 95 95 95 95 95 95 95 95 95 95 95 95 95 95 95 95
r28 0.645715
34 44 11 97 60 9 18 78 81 92 73 7 26 86 45 62 22 38 97 55 20 91 81 88 17 29 98 82 21 85
53 53 53 53 53 53 53 53 53 53 53 53 53 53 53 53 53 53 53 53 53 53 53 53 53 53 53 53 53 53
r29 0.764289
59 45 81 61 55 57 42 44 27 42 65 11 79 25 25 17 22 72 30 11 53 15 23 74 13 98 90 90 48 38
16 16 16 16 16 16 16 16 16 16 16 16 16 16 16 16 16 16 16 16 16 16 16 16 16 16 16 16 16 16
r30 0.845077
90 60 33 44 98 69 66 37 35 69 16 52 90 26 66 62 51 72 16 58 88 82 66 86 73 53 34 11 64 33
81 81 81 81 81 81 81 81 81 81 81 81 81 81 81 81 81 81 81 81 81 81 81 81 81 81 81 81 81 81
r31 0.809489
11 90 84 75 54 18 10 20 29 57 10 47 24 68 90 88 76 48 76 58 11 59 28 59 85 31 21 19 12 67
5 5 5 5 5 5 5 5 5 5 5 5 5 5 5 5 5 5 5 5 5 5 5 5 5 5 5 5 5 5
r32 0.533023
81 86 6 94 88 21 20 46 24 60 62 87 50 47 60 91 21 18 97 75 39 57 58 62 73 69 70 37 69 77
84 84 84 84 84 84 84 84 84 84 84 84 84 84 84 84 84 84 84 84 84 84 84 84 84 84 84 84 84 84
r33 0.797258
82 38 52 96 50 90 20 10 52 99 53 91 59 44 12 69 41 83 8 93 38 66 63 7 33 93 68 10 74 15
66 66 66 66 66 66 66 66 66 66 66 66 66 66 66 66 66 66 66 66 66 66 66 66 66 66 66 66 66 66
r34 0.811012
18 53 90 8 65 93 52 64 46 43 23 85 48 84 23 28 88 14 61 51 69 63 76 62 31 78 37 38 44 86
75 75 75 75 75 75 75 75 75 75 75 75 75 75 75 75 75 75 75 75 75 75 75 75 75 75 75 75 75 75
r35 0.548906
65 57 96 55 6 57 93 42 75 78 85 59 94 13 44 8 69 87 72 32 63 32 55 39 61 85 75 47 60 30
78 78 78 78 78 78 78 78 78 78 78 78 78 78 78 78 78 78 78 78 78 78 78 78 78 78 78 78 78 78
r36 0.594451
71 73 81 28 66 23 95 42 8 51 36 16 91 36 80 75 5 9 36 32 59 70 88 41 45 32 96 70 10 18
50 50 50 50 50 50 50 50 50 50 50 50 50 50 50 50 50 50 50 50 50 50 50 50 50 50 50 50 50 50
r37 0.597371
31 96 50 49 91 84 52 40 17 60 28 48 40 98 48 44 34 73 95 96 58 36 42 86 29 9 91 42 51 62
26 26 26 26 26 26 26 26 26 26 26 26 26 26 26 26 26 26 26 26 26 26 26 26 26 26 26 26 26 26
r38 0.876858
68 23 47 52 67 79 64 27 7 9 62 5 49 98 32 22 90 28 76 23 62 59 47 64 47 85 15 9 8 88
60 60 60 60 60 60 60 60 60 60 60 60 60 60 60 60 60 60 60 60 60 60 60 60 60 60 60 60 60 60
r39 0.504515
7 20 71 78 76 90 80 80 50 80 29 48 9 44 36 33 17 54 87 71 94 51 18 76 62 20 79 47 75 47
47 47 47 47 47 47 47 47 47 47 47 47 47 47 47 47 47 47 47 47 47 47 47 47 47 47 47 47 47 47
r40 0.625098
18 52 35 9 32 12 54 9 33 94 14 72 27 39 81 77 26 49 71 70 63 47 32 75 23 71 50 62 18 24
21 21 21 21 21 21 21 21 21 21 21 21 21 21 21 21 21 21 21 21 21 21 21 21 21 21 21 21 21 21
r41 0.661207
48 30 95 55 76 99 83 67 10 53 90 41 34 64 63 79 32 30 39 71 57 14 89 25 56 48 38 75 64 59
43 43 43 43 43 43 43 43 43 43 43 43 43 43 43 43 43 43 43 43 43 43 43 43 43 43 43 43 43 43
r42 0.58812
35 59 60 31 42 28 37 90 18 73 22 77 33 93 9 58 32 72 12 38 61 32 89 6 63 64 62 22 99 66
7 7 7 7 7 7 7 7 7 7 7 7 7 7 7 7 7 7 7 7 7 7 7 7 7 7 7 7 7 7
r43 0.81583
59 60 59 79 89 47 92 63 64 66 88 57 67 44 81 39 51 19 92 76 5 93 39 61 55 53 60 21 52 86
38 38 38 38 38 38 38 38 38 38 38 38 38 38 38 38 38 38 38 38 38 38 38 38 38 38 38 38 38 38
r44 0.516487
90 83 33 37 76 88 93 39 76 47 99 20 25 38 64 39 28 40 36 21 71 92 69 21 52 82 66 35 21 70
76 76 76 76 76 76 76 76 76 76 76 76 76 76 76 76 76 76 76 76 76 76 76 76 76 76 76 76 76 76
r45 0.921803
6 40 29 89 30 61 63 72 60 78 92 90 39 28 18 71 59 32 39 51 96 56 95 78 22 30 91 87 98 94
37 37 37 37 37 37 37 37 37 37 37 37 37 37 37 37 37 37 37 37 37 37 37 37 37 37 37 37 37 37
r46 0.889467
62 86 59 20 49 28 75 25 17 65 59 37 79 28 91 11 62 39 99 15 31 74 29 53 66 13 52 60 46 49
87 87 87 87 87 87 87 87 87 87 87 87 87 87 87 87 87 87 87 87 87 87 87 87 87 87 87 87 87 87
r47 0.549399
43 20 80 67 90 5 76 52 56 14 28 79 97 31 39 37 30 49 60 5 74 14 63 82 58 23 25 99 7 25
31 31 31 31 31 31 31 31 31 31 31 31 31 31 31 31 31 31 31 31 31 31 31 31 31 31 31 31 31 31
r48 0.777622
8 10 27 8 81 75 57 90 95 36 88 27 67 22 49 17 74 46 83 80 9 62 38 25 83 34 27 8 61 65
41 41 41 41 41 41 41 41 41 41 41 41 41 41 41 41 41 41 41 41 41 41 41 41 41 41 41 41 41 41
r49 0.737944
63 65 52 35 22 39 28 50 24 50 18 38 91 27 13 38 10 88 42 67 24 59 47 53 82 51 11 44 84 71
15 15 15 15 15 15 15 15 15 15 15 15 15 15 15 15 15 15 15 15 15 15 15 15 15 15 15 15 15 15
r50 0.963264
59 75 47 90 98 92 15 45 7 48 36 29 53 69 31 39 9 94 55 63 38 8 42 84 12 82 65 75 89 10
8 8 8 8 8 8 8 8 8 8 8 8 8 8 8 8 8 8 8 8 8 8 8 8 8 8 8 8 8 8
