200 30 0 1 15
0 0.25
34548 40702 36734 31731 36951 31488 37486 44433 41502 43743 36237 41867 44830 41760 36993 42955 39923 31664 31412 42685 36983 37952 38436 33970 32707 42998 42298 37202 37410 40141
w1 0.5
1810 4343 3463 3542 2646 1951 2380 2080 4453 4475 2669 1672 4305 2429 3017 2261 3704 1681 3673 1741 3016 2626 1529 3987 2685 2528 1637 4239 4290 3130
w2 0.5
1601 2973 4431 3643 4120 2234 1875 2052 2539 1851 3573 2711 2008 1854 1580 3121 4059 2114 2295 1652 3630 3773 1682 3469 2310 3062 3958 2049 2852 2588
w3 0.5
2953 4414 2948 2448 4386 3682 3176 1938 1721 3527 4363 3284 4035 1717 3364 2657 1628 3978 3804 2133 3461 3429 2667 2430 4239 4229 1889 1788 2933 2977
w4 0.5
1739 2891 1753 2687 2777 4287 4363 3567 1508 3742 3782 3292 3630 4352 2156 2139 4480 1987 4443 2465 3948 3724 3632 1878 3463 3361 2619 4103 1795 4449
w5 0.5
2034 3192 3865 3573 1822 3652 3789 4241 4012 3031 3524 2804 2161 3376 3812 2800 3708 1651 3095 1674 4099 2671 3806 1830 1634 3020 3301 1589 3315 3250
w6 0.5
4201 1943 3066 3626 2617 2218 2915 2358 1730 4447 4382 3386 2460 3610 3051 4113 2819 3202 3060 3345 3154 4232 2651 3484 1718 4171 2637 2160 3338 4388
w7 0.5
3391 2183 2928 2518 3652 3998 3933 1510 1581 4232 1745 3467 2193 3855 2018 2158 2174 4073 3718 4019 2727 3802 2523 2063 4373 2546 3552 2033 4385 3792
w8 0.5
3276 1827 3674 1646 3979 3173 4080 3990 3254 3812 4235 2221 1857 3590 3092 2867 1617 3017 2438 4488 1596 1740 2511 2511 1965 3558 1563 2498 3795 3856
w9 0.5
2923 4183 2419 3070 3663 4444 3002 3153 3198 2666 3240 4272 3376 2682 3216 1743 2799 1733 2681 2788 1829 3274 4151 2840 3739 3561 2903 2090 2856 2611
w10 0.5
4280 2295 2106 3202 4458 2051 1704 3463 4101 2870 2555 3873 1746 3737 2589 2342 2037 2822 3523 3677 3503 2649 3680 2195 1889 2742 3951 2831 4450 2062
w11 0.5
1582 2857 3476 3284 3167 4027 3840 2482 3629 2211 3537 3354 2809 2775 4444 3651 3664 3118 3027 3193 2474 4176 2373 3169 1917 3967 2972 3248 3918 3535
w12 0.5
4000 2244 3243 3137 4264 3122 2477 2246 2603 3540 1636 4458 1850 3263 1754 4353 2779 3724 3232 4472 1698 2909 2697 3720 3678 2165 2192 2427 1935 1579
w13 0.5
1787 2676 4288 3424 2440 3263 4402 3538 4366 3442 3674 1676 4144 2789 1930 4350 4068 1507 3082 4040 1705 1843 2590 3925 4022 3607 1970 2301 4042 2401
w14 0.5
4329 3577 3487 3606 1517 2250 3508 3556 2468 2802 3082 2645 2799 4372 3427 3001 4292 3434 1935 4185 3992 2279 2275 3769 2153 4382 1591 3306 4276 2493
w15 0.5
4457 1570 4139 3563 1588 2241 2923 3996 3210 1578 2930 1707 2877 3154 3986 1730 2947 3273 2165 2632 3117 3296 3759 2386 3949 3641 2478 3107 3769 3823
r1 0.799565
28 86 92 93 53 47 34 60 75 82 64 52 21 12 72 90 82 75 7 59 6 16 18 48 79 93 40 75 76 7
84 99 89 76 93 39 23 24 91 94 6 52 43 20 59 13 10 42 80 10 93 81 18 11 29 93 96 62 68 72
r2 0.765929
69 50 25 62 84 41 78 75 32 77 27 67 92 79 75 94 18 55 96 11 34 15 15 55 5 11 17 65 79 74
15 45 24 35 7 9 68 77 76 95 54 96 63 43 72 35 35 85 83 31 91 14 41 98 64 41 10 74 99 81
r3 0.770246
26 67 41 25 68 10 94 42 5 49 35 60 84 7 91 19 87 71 46 75 80 79 71 44 18 73 15 17 51 58
26 69 23 62 89 83 67 83 22 65 29 52 25 14 54 13 25 38 76 66 11 56 46 77 93 56 50 8 68 96
r4 0.838518
65 74 48 51 57 13 31 72 70 53 24 87 59 71 96 79 6 69 46 12 23 84 81 16 40 31 16 5 24 67
86 81 41 31 29 91 36 56 63 6 6 79 89 60 50 82 39 52 51 77 56 69 61 38 77 93 61 86 90 81
r5 0.721739
59 84 5 84 72 33 40 32 35 38 11 21 93 54 98 32 98 46 10 54 13 63 84 85 54 46 68 41 24 16
15 78 95 12 62 67 40 94 94 67 32 97 83 25 51 78 50 49 25 52 96 33 12 80 15 58 26 76 95 45
r6 0.566936
24 82 14 81 46 46 73 37 14 5 34 89 23 81 68 68 27 88 20 23 18 24 96 28 78 22 99 73 60 86
75 79 65 81 57 11 27 27 40 33 28 70 23 46 48 83 11 70 68 23 86 81 42 82 9 20 96 6 85 56
r7 0.662556
32 50 35 82 53 55 9 89 83 32 56 98 70 99 81 76 66 46 94 52 27 34 31 29 49 28 30 32 76 11
81 9 53 17 83 7 67 87 88 47 17 44 43 82 43 21 56 6 63 50 51 85 76 77 14 23 97 36 50 71
r8 0.584892
75 88 37 55 90 96 42 78 44 51 19 79 34 57 95 82 59 58 29 10 44 6 79 50 24 74 79 66 45 19
89 17 99 27 67 90 23 6 65 59 53 80 38 79 34 34 61 85 84 85 87 25 86 67 71 10 41 47 68 78
r9 0.83288
90 57 77 57 44 92 58 7 52 8 79 82 82 13 13 43 91 93 29 78 18 12 42 81 15 75 28 78 53 78
33 43 33 10 92 69 98 48 71 47 51 50 29 34 56 38 69 44 28 93 19 41 98 57 23 13 32 43 83 78
r10 0.708048
18 47 19 11 16 14 51 80 56 94 27 78 28 75 13 93 19 36 83 34 72 78 86 87 83 15 28 67 85 42
76 99 81 90 7 89 5 53 66 56 47 89 31 68 64 39 58 76 70 38 10 40 17 88 24 95 95 47 62 81
r11 0.85747
77 59 26 79 46 26 29 12 74 68 96 98 36 58 37 86 34 5 25 39 37 37 24 56 32 19 96 87 92 74
25 69 34 43 48 75 61 69 82 33 38 76 31 69 34 63 56 60 60 76 91 92 10 15 46 37 26 42 24 19
r12 0.995415
83 42 80 29 14 39 93 89 67 31 62 93 93 88 53 46 48 14 19 39 98 24 46 44 53 67 78 73 81 87
12 62 26 84 83 36 23 76 25 85 5 79 75 90 67 29 33 15 35 47 49 30 63 90 70 16 54 45 81 33
r13 0.575695
90 51 73 73 79 88 46 99 74 43 75 49 30 42 70 58 52 5 97 93 31 57 80 93 69 34 35 47 62 60
33 49 11 98 19 85 86 58 81 60 93 56 7 24 93 72 74 42 73 72 35 96 29 15 86 90 41 21 35 96
r14 0.853442
45 79 61 60 61 47 15 42 5 8 90 7 27 80 74 97 22 44 66 52 37 87 59 23 75 93 37 10 89 13
68 34 85 26 86 46 68 96 81 68 5 71 70 24 52 42 18 66 78 79 16 16 64 70 31 39 63 63 41 49
r15 0.94504
79 54 30 62 95 90 56 76 59 56 48 26 72 92 60 86 58 39 62 66 47 26 37 73 60 92 37 96 42 6
97 18 55 24 75 50 15 31 27 66 79 67 84 52 56 45 35 11 76 92 73 23 19 7 91 71 94 28 65 33
r16 0.981147
43 76 79 19 27 86 42 46 49 19 10 33 63 61 73 93 67 49 82 37 67 96 39 56 65 34 79 27 59 6
81 98 74 57 14 96 43 48 39 84 62 44 18 22 97 83 12 62 30 90 94 89 83 34 45 48 60 22 70 19
r17 0.696572
14 89 6 23 83 42 67 19 26 26 59 36 44 53 20 51 15 45 38 10 31 22 36 72 62 91 86 33 7 6
74 17 87 72 35 70 14 94 85 33 21 41 64 57 89 76 5 97 18 39 7 45 56 38 14 15 26 95 40 28
r18 0.787363
40 80 82 68 48 88 62 30 21 78 66 78 35 52 51 36 49 62 67 48 99 20 78 13 30 99 5 66 25 90
75 60 67 54 28 15 43 83 40 56 61 98 31 89 48 75 22 92 37 84 41 36 99 16 41 26 16 38 87 36
r19 0.628633
88 87 14 14 95 49 92 32 98 50 31 29 39 74 96 56 63 33 37 96 61 33 13 94 55 21 29 39 49 49
94 37 34 6 43 29 47 35 56 45 78 79 67 17 50 63 66 14 89 98 7 47 29 15 39 79 28 63 15 72
r20 0.624568
7 39 5 45 63 47 73 16 85 51 91 49 60 41 12 23 47 93 22 50 38 43 57 72 22 81 35 32 50 37
31 52 71 31 90 31 74 60 43 56 8 31 5 63 64 9 82 9 98 96 54 33 39 8 5 53 81 32 77 29
r21 0.822375
76 33 35 63 60 6 23 95 57 23 23 57 79 82 62 61 86 57 54 37 85 85 38 82 35 19 14 12 40 71
13 17 5 41 72 57 39 88 49 92 11 67 46 85 49 5 43 33 54 89 62 36 74 95 18 9 12 25 14 47
r22 0.658322
56 85 55 26 42 87 14 86 79 17 50 22 98 92 23 38 22 69 28 79 6 94 72 16 96 76 33 7 20 22
21 69 7 69 90 42 53 96 25 32 13 71 46 8 63 61 42 77 31 62 56 29 53 28 40 49 96 66 48 17
r23 0.843958
81 82 28 68 24 76 64 42 5 72 10 46 73 65 8 12 42 31 69 93 55 19 19 87 61 15 53 9 24 33
63 5 16 86 68 32 62 29 69 59 97 71 6 67 36 6 74 73 32 40 67 79 54 78 66 15 85 17 17 10
r24 0.650078
7 56 59 68 81 18 92 47 73 86 19 74 53 50 72 27 24 99 62 83 78 14 58 41 21 43 53 30 48 94
98 51 47 57 16 25 67 8 68 40 90 79 11 40 26 78 63 45 74 22 25 49 31 78 86 45 22 36 70 62
r25 0.56684
10 70 22 21 87 85 25 52 25 12 31 32 47 53 7 7 90 77 25 16 26 48 86 9 88 5 41 56 63 63
24 68 30 42 82 18 27 99 65 44 11 89 68 50 39 71 50 29 48 70 37 66 15 24 71 96 21 12 52 79
r26 0.654633
45 93 7 27 8 26 26 65 66 29 51 34 71 85 97 21 15 42 83 44 9 94 60 72 87 77 76 39 53 43
7 93 33 10 17 36 31 38 94 89 59 45 21 31 31 18 47 38 53 31 77 54 22 35 26 9 12 94 43 60
r27 0.929504
51 63 44 63 91 68 94 85 54 53 28 70 79 51 81 27 84 34 50 58 83 67 85 6 71 92 95 11 50 29
45 93 87 85 56 76 50 50 61 99 96 81 70 75 32 48 94 13 77 41 67 57 8 49 55 71 42 47 74 84
r28 0.927156
77 56 97 30 29 47 73 82 43 69 64 13 44 91 53 36 5 30 72 64 79 73 13 34 41 47 76 16 28 45
31 97 93 28 28 22 67 96 99 10 65 63 16 6 52 64 34 49 87 99 10 66 72 15 93 10 58 66 21 78
r29 0.537513
76 96 67 99 15 34 92 12 37 54 67 48 52 19 12 82 60 91 78 65 58 47 76 48 52 31 14 69 9 18
16 80 11 76 79 22 7 68 29 39 22 91 82 70 8 87 49 63 78 27 26 33 69 97 76 21 28 83 85 29
r30 0.789097
10 7 70 81 21 72 50 45 12 64 34 86 34 34 70 78 92 46 5 18 74 66 12 48 83 32 31 65 57 24
59 59 26 26 40 40 91 82 77 95 47 11 81 73 40 49 52 30 90 49 40 61 16 48 9 91 75 32 56 29
r31 0.629153
83 70 31 21 10 22 98 82 17 42 86 91 16 26 37 60 48 27 6 84 80 14 32 85 97 99 17 54 29 61
59 9 31 85 25 36 5 21 18 17 58 99 5 66 23 37 23 66 56 25 50 37 34 74 22 29 71 31 78 95
r32 0.584806
96 15 16 22 46 16 38 57 26 91 53 26 55 68 59 73 35 12 93 77 44 25 49 58 49 20 82 24 12 66
50 8 77 61 25 20 73 55 69 94 44 20 17 94 83 68 67 15 76 58 85 20 75 34 71 21 46 53 40 50
r33 0.893429
53 88 43 71 6 13 23 67 99 62 82 14 56 66 77 21 73 53 71 58 66 46 87 34 62 30 82 94 75 93
73 29 82 16 92 80 22 15 47 18 73 30 27 26 88 5 39 61 50 10 20 13 48 99 42 7 30 21 96 5
r34 0.660456
26 89 78 15 69 92 23 13 10 88 35 33 14 23 30 46 77 72 48 89 81 92 85 20 94 15 37 88 13 47
57 31 33 32 39 97 21 57 10 27 45 38 52 51 56 74 92 30 46 41 16 24 30 97 40 24 9 69 12 17
r35 0.64334
41 41 86 75 35 8 29 37 27 69 70 74 17 24 48 10 49 89 43 61 11 68 58 46 84 59 12 89 72 20
51 10 53 34 77 83 37 6 20 59 67 86 30 79 10 73 81 51 60 24 12 63 84 62 6 66 22 13 55 86
r36 0.525852
88 73 32 62 56 62 63 71 21 27 54 44 6 59 17 83 11 69 99 15 32 81 70 33 44 84 38 94 67 58
89 55 31 21 17 82 78 72 51 92 94 5 36 92 57 45 72 60 12 69 67 36 47 37 62 86 18 92 80 80
r37 0.767265
32 74 82 41 54 58 13 5 47 99 97 75 89 54 17 61 14 24 30 77 53 69 11 12 55 25 99 32 97 50
93 30 25 76 66 74 31 72 71 73 68 68 45 57 20 57 16 26 74 41 95 27 11 99 34 58 24 33 86 21
r38 0.898408
43 93 52 10 64 78 74 32 48 42 95 88 95 12 46 11 34 20 44 26 39 47 25 65 98 44 90 84 58 66
60 93 56 13 95 17 83 69 44 29 9 37 14 96 44 55 99 70 67 40 92 98 83 17 63 81 54 54 62 9
r39 0.823518
97 66 27 90 78 11 59 20 35 63 52 44 56 88 92 55 59 56 91 48 55 71 57 15 49 11 64 11 12 74
25 7 40 48 92 15 54 48 30 81 12 74 22 63 63 14 16 22 63 7 62 15 73 19 25 19 23 82 25 30
r40 0.651716
32 85 85 21 95 39 65 23 17 69 92 35 29 55 41 40 69 96 39 31 11 9 43 29 23 61 11 40 86 56
78 16 41 63 29 33 95 89 51 12 58 41 39 83 88 73 20 55 69 55 78 76 59 21 5 78 77 8 18 61
r41 0.88335
69 92 52 93 25 47 83 69 51 38 10 83 18 90 56 34 45 25 84 24 93 43 40 90 21 18 93 32 71 49
20 40 41 67 30 59 11 13 28 55 44 33 38 57 23 86 86 61 11 70 80 5 11 20 90 24 30 81 51 96
r42 0.94508
33 64 28 59 23 35 64 46 82 5 71 20 58 86 6 44 47 9 12 24 6 15 40 92 34 62 70 78 56 92
42 84 56 65 40 71 92 97 14 74 97 80 86 55 64 84 92 8 89 96 28 90 11 60 79 37 22 46 15 73
r43 0.696166
55 87 18 90 59 10 87 68 77 82 46 63 34 7 48 23 10 37 19 30 24 22 85 96 55 8 42 65 73 76
15 28 64 25 16 20 27 95 83 99 77 26 63 12 28 11 27 34 40 42 59 59 56 42 55 8 45 90 66 18
r44 0.827461
39 27 96 50 42 23 45 23 23 23 44 78 27 65 81 49 94 21 83 50 72 37 87 25 40 29 15 6 40 73
74 74 96 67 21 35 83 61 53 98 76 90 76 95 55 57 42 46 70 25 88 39 54 73 59 90 97 66 88 34
r45 0.831946
5 33 27 21 63 10 75 14 8 51 96 76 47 48 30 84 89 95 6 74 35 56 47 86 43 42 53 28 68 85
83 69 18 8 85 73 10 60 79 11 9 75 82 48 23 10 29 9 5 30 76 32 78 23 19 21 57 64 42 26
r46 0.953477
90 59 25 72 29 31 30 9 37 34 79 16 77 95 21 6 96 19 28 72 43 7 88 54 20 45 15 57 63 59
75 50 15 92 23 40 23 48 44 52 74 20 61 48 12 74 49 9 85 69 76 29 71 64 75 84 7 86 38 65
r47 0.664364
13 53 98 31 85 21 71 26 66 42 38 24 85 46 93 31 47 76 95 20 97 64 77 72 48 79 55 81 41 93
87 49 43 85 72 28 98 40 46 61 77 79 80 62 22 71 88 64 47 84 80 41 45 57 13 88 33 64 66 66
r48 0.647559
13 92 35 77 17 31 18 58 87 90 34 68 53 49 36 38 10 78 19 82 19 59 36 24 47 64 80 11 28 34
56 36 23 84 13 35 15 26 85 97 14 17 62 59 61 93 92 63 71 12 46 82 66 77 99 11 39 76 14 62
r49 0.578022
90 26 49 98 54 59 22 36 54 31 45 16 82 98 10 74 62 73 78 8 56 42 80 52 48 19 28 54 73 31
19 63 50 61 62 96 20 76 32 69 99 70 81 81 68 83 52 30 56 31 30 9 68 8 56 13 22 77 62 88
r50 0.643943
51 50 37 10 43 50 81 71 16 77 38 89 58 6 72 11 29 29 37 54 33 97 57 82 10 72 59 67 60 59
40 11 7 70 17 45 20 90 13 28 68 43 18 23 45 82 26 69 11 55 23 37 52 73 19 57 45 70 21 97
r51 0.539047
8 28 27 17 66 39 5 71 62 68 15 72 83 52 55 10 21 58 60 36 90 13 9 6 62 46 71 79 43 93
33 44 18 55 56 79 86 53 48 48 18 55 18 97 7 68 7 20 26 59 51 14 67 53 15 27 94 82 6 35
r52 0.903703
74 88 81 27 65 67 76 10 12 89 57 25 86 59 85 85 74 12 42 22 18 6 70 28 28 62 10 26 92 77
55 66 63 33 85 25 92 61 27 5 48 79 25 31 38 11 14 9 15 51 26 28 52 89 51 76 51 54 97 40
r53 0.662247
98 86 75 83 8 68 42 30 68 85 9 85 16 39 88 25 43 98 71 62 23 24 51 67 92 97 18 89 37 41
36 35 25 12 15 28 75 52 51 40 37 55 25 46 87 14 66 30 9 35 87 28 51 35 87 43 29 5 29 58
r54 0.864288
85 58 65 96 82 37 48 30 72 78 80 89 24 64 98 85 90 5 17 74 28 63 7 15 6 31 12 28 85 48
81 70 99 46 66 81 75 12 11 47 85 83 36 9 48 32 86 35 32 99 6 52 62 8 59 61 35 66 84 17
r55 0.715998
82 10 8 46 83 78 53 86 22 38 70 53 42 15 77 25 42 6 24 43 53 82 44 12 40 71 70 24 83 77
81 62 79 84 5 63 62 53 49 79 83 16 29 22 26 99 43 60 5 62 96 54 41 40 58 76 8 29 92 83
r56 0.699579
45 77 54 46 40 13 91 82 84 75 93 14 89 17 10 32 72 10 90 68 56 28 5 15 97 8 36 89 86 34
60 29 8 11 67 41 20 58 23 99 30 16 10 20 25 15 44 90 21 31 58 72 55 56 79 52 56 15 38 40
r57 0.724303
64 45 97 28 81 17 78 96 13 9 12 19 21 30 29 60 20 42 87 70 12 39 26 83 86 75 94 21 15 32
12 74 72 9 97 50 18 75 46 26 76 51 37 89 76 59 47 91 93 31 58 5 65 80 84 48 55 75 64 65
r58 0.901042
36 72 69 30 19 82 97 58 6 71 9 38 60 77 92 7 65 86 33 23 83 90 95 64 35 47 39 92 9 39
60 37 8 30 62 22 9 60 75 10 28 76 41 83 53 33 86 18 16 16 34 95 99 29 56 34 69 91 26 73
r59 0.533057
11 30 6 65 47 10 22 20 13 45 91 49 29 42 74 12 52 86 20 81 78 19 8 34 46 72 22 64 42 44
43 45 69 44 11 14 50 28 29 55 69 17 99 90 54 73 97 7 56 14 83 34 26 83 61 67 52 75 31 90
r60 0.866083
35 81 11 41 90 53 62 16 8 28 29 7 18 75 73 12 77 29 21 58 56 39 41 14 6 89 84 30 76 96
92 8 78 95 45 65 46 99 74 49 27 95 49 40 70 19 44 48 43 57 6 91 92 39 5 90 25 82 20 96
r61 0.821945
5 53 5 42 16 43 41 85 87 60 80 33 95 50 47 39 90 83 88 91 74 80 28 72 71 48 54 83 42 29
88 39 78 85 76 89 28 14 71 12 69 51 41 61 93 80 92 84 63 80 72 38 61 95 10 29 41 56 12 75
r62 0.709387
14 58 77 82 44 97 91 15 10 57 58 43 15 52 23 7 36 82 79 8 17 37 96 19 61 34 70 69 9 47
61 18 98 36 95 42 30 83 50 35 40 8 70 47 55 89 49 83 68 25 84 77 58 80 91 19 14 58 80 18
r63 0.805451
28 98 67 23 38 92 98 83 28 35 83 90 77 39 76 23 19 41 43 98 18 96 75 6 13 84 59 88 94 57
24 22 52 86 37 85 79 35 65 99 65 49 89 42 80 66 60 94 99 96 93 18 92 68 19 5 50 71 86 41
r64 0.868098
59 75 89 88 58 68 24 23 64 81 67 50 21 47 13 73 42 13 69 32 26 62 92 37 59 42 8 45 79 28
48 35 96 37 23 54 97 39 72 58 18 37 8 34 79 17 7 18 25 69 42 43 28 35 75 82 69 79 25 48
r65 0.617205
75 95 94 91 49 88 30 19 46 40 51 49 69 30 58 69 41 78 35 78 21 58 13 92 40 75 68 57 23 67
22 91 60 13 82 9 96 9 20 42 45 66 84 11 89 42 75 30 21 10 5 34 60 11 23 93 81 86 50 96
r66 0.978975
87 8 73 69 9 70 71 25 9 16 86 88 22 75 28 90 97 41 92 98 70 53 9 89 46 85 72 88 81 20
53 66 23 24 35 25 86 6 45 87 14 28 73 29 99 96 19 93 37 8 91 7 53 92 88 91 74 61 77 53
r67 0.752898
19 89 46 49 14 29 48 54 17 57 77 85 78 73 81 92 67 18 93 55 17 43 48 6 35 19 59 12 67 29
34 81 18 73 28 24 97 71 70 14 25 48 91 99 18 72 88 77 82 78 33 92 22 73 90 49 87 46 53 52
r68 0.94754
33 81 49 56 5 47 24 71 53 42 16 45 38 26 14 23 99 89 97 29 78 16 94 65 57 78 11 10 30 73
81 56 51 31 9 52 73 26 20 23 63 28 60 93 46 67 13 45 53 7 66 31 18 57 91 70 36 94 72 58
r69 0.753026
14 19 80 19 63 50 40 75 65 95 95 26 85 41 88 93 82 38 96 45 64 14 98 52 77 31 46 46 84 13
95 94 24 72 10 82 19 45 54 80 37 49 6 22 86 86 15 65 24 11 10 80 18 5 32 87 31 70 33 16
r70 0.523831
7 95 93 12 74 13 49 29 88 81 70 86 95 56 69 10 18 88 14 21 65 24 21 92 11 45 59 36 56 34
57 55 29 51 62 96 56 8 22 41 84 87 24 79 44 88 81 57 73 90 70 38 11 87 27 17 32 81 49 80
r71 0.926016
35 37 49 89 33 97 92 50 35 73 34 54 49 70 42 30 25 15 18 90 45 24 77 64 34 6 45 78 78 53
76 13 82 23 94 12 17 83 57 48 53 86 97 97 57 40 25 77 47 35 64 85 51 42 49 80 43 87 55 22
r72 0.542714
27 19 47 19 26 59 94 75 7 48 58 97 42 12 34 59 81 76 86 46 58 38 83 8 18 23 87 66 37 24
90 57 38 34 68 59 85 62 31 85 7 84 82 42 92 16 93 73 84 80 19 43 18 94 43 28 18 30 86 47
r73 0.743305
96 82 7 64 38 88 24 64 73 23 45 52 60 37 63 51 11 44 31 22 79 41 17 22 61 27 47 48 69 88
21 63 67 24 27 97 9 46 61 74 65 7 26 22 36 81 68 42 25 91 57 5 29 69 19 86 88 59 31 54
r74 0.685477
17 15 60 40 12 64 78 66 38 43 65 59 58 96 40 23 36 58 15 88 55 39 54 69 22 42 28 48 91 71
88 6 78 48 41 85 10 19 48 43 55 10 95 10 7 35 28 35 85 38 20 40 73 66 10 90 8 33 36 91
r75 0.585752
92 74 61 30 57 66 42 5 10 89 11 5 94 10 32 22 37 15 56 52 50 26 18 55 13 18 81 41 6 77
57 91 52 19 18 6 77 55 98 79 44 6 79 38 11 9 53 40 19 9 87 61 27 97 17 35 12 90 69 14
r76 0.717691
97 16 37 15 17 15 63 16 89 7 17 66 38 21 67 86 56 78 87 41 39 14 38 48 41 46 38 7 52 6
29 49 17 58 56 27 65 19 35 52 19 47 18 52 60 77 35 17 55 22 50 86 28 83 35 61 26 68 64 70
r77 0.758659
16 76 43 68 98 6 79 33 53 93 72 66 42 33 40 69 42 90 86 87 73 11 67 8 65 86 69 29 56 32
11 68 8 46 33 98 47 9 28 95 98 93 58 37 26 93 7 60 80 85 44 54 92 11 54 54 89 23 75 46
r78 0.503508
11 51 27 36 47 70 40 70 62 35 63 21 68 81 14 70 38 90 52 77 41 41 81 90 90 70 11 65 13 54
43 19 5 66 47 44 33 80 15 90 15 70 8 78 49 18 45 82 5 93 60 41 34 38 31 22 8 34 82 17
r79 0.8107
28 81 84 71 25 14 51 32 96 58 98 5 34 44 18 71 26 15 64 78 51 91 16 74 13 20 6 87 29 84
10 52 62 89 20 80 95 63 12 92 22 7 92 48 46 7 19 65 17 76 43 60 67 55 31 72 67 32 56 88
r80 0.672957
37 71 48 53 51 44 13 56 33 27 58 25 70 97 24 85 62 33 58 5 88 22 52 16 89 16 44 42 99 50
96 37 21 42 82 65 78 90 21 11 15 71 28 80 68 47 62 30 75 20 31 60 37 75 71 23 87 15 58 86
r81 0.958854
23 74 91 97 36 69 85 52 72 95 23 95 72 87 42 35 14 17 47 40 72 77 13 44 92 95 51 50 81 9
97 97 75 88 91 11 55 76 58 27 71 73 23 44 57 60 71 67 70 15 99 39 87 12 75 77 7 27 27 81
r82 0.757937
75 98 10 66 6 60 43 56 79 14 29 97 50 79 55 21 46 22 29 42 56 16 50 32 88 49 51 13 27 71
29 97 66 34 61 67 86 99 23 66 10 47 60 53 23 12 69 64 29 93 7 78 7 49 7 87 90 50 92 18
r83 0.685816
15 82 48 71 49 32 67 67 93 70 11 50 23 30 58 84 86 79 75 85 54 74 31 56 61 22 6 51 35 22
68 45 96 13 14 42 40 73 9 30 43 13 76 58 35 31 43 18 7 18 99 57 87 30 10 45 47 12 91 74
r84 0.921899
17 20 65 23 57 5 91 59 28 32 64 99 85 94 27 28 9 26 38 8 78 22 31 81 63 70 88 51 45 11
8 57 23 65 72 76 62 63 35 85 90 94 81 73 85 8 93 89 30 32 90 5 46 18 81 9 80 66 56 22
r85 0.732964
71 88 21 43 64 75 7 91 61 89 82 42 59 64 43 53 54 65 77 41 62 23 51 41 28 31 7 76 49 69
29 20 58 42 56 19 17 55 8 70 44 85 10 99 50 48 49 96 10 26 34 67 44 80 5 64 11 8 37 52
r86 0.6777
65 24 95 21 36 13 71 39 75 12 21 80 8 66 28 52 59 30 73 88 93 15 68 93 74 72 93 9 21 60
62 81 79 58 94 15 63 62 49 38 70 66 19 70 29 39 23 81 65 88 69 55 98 35 45 70 99 36 74 20
r87 0.939557
97 67 86 88 78 49 51 24 83 18 82 94 83 9 30 98 85 90 87 51 42 82 78 80 52 77 16 23 93 99
55 87 66 41 75 41 83 23 58 63 33 37 57 14 38 82 12 20 70 91 67 12 74 42 87 23 20 95 42 13
r88 0.994645
92 58 30 67 91 10 83 46 68 16 76 22 25 14 97 30 27 67 21 86 71 87 28 56 11 43 51 45 48 43
34 40 93 56 5 81 62 83 25 30 91 96 45 14 7 42 39 29 9 52 15 72 37 39 28 40 74 72 80 23
r89 0.784104
58 97 62 58 78 21 38 95 44 30 91 84 39 91 26 70 20 27 19 28 94 48 62 20 83 36 84 60 51 91
66 10 85 26 63 60 42 97 56 81 24 47 62 55 35 83 25 51 7 36 74 97 80 33 14 60 61 93 18 13
r90 0.713897
18 66 97 73 26 37 67 77 15 86 22 73 41 52 56 58 95 56 90 69 50 67 94 59 24 56 49 34 64 30
11 74 88 8 47 14 37 15 84 48 96 98 21 35 47 69 88 40 25 75 6 70 39 96 26 56 52 70 85 13
r91 0.882022
82 77 92 29 84 29 36 68 72 33 63 85 60 7 55 48 42 72 21 44 40 52 40 61 8 84 29 89 92 18
77 71 91 69 95 75 94 32 40 63 57 95 49 14 97 96 54 37 68 70 76 8 23 13 62 23 92 86 9 81
r92 0.604112
52 87 51 44 59 42 71 94 6 25 86 47 34 84 43 84 21 8 51 89 12 66 97 69 82 86 52 86 67 48
68 19 33 20 58 87 54 27 79 52 44 65 94 71 46 34 52 59 38 98 48 45 62 42 11 44 28 55 30 90
r93 0.982688
6 28 8 57 13 57 76 84 10 20 46 96 86 88 31 38 44 64 34 85 6 91 27 12 32 48 59 57 35 54
45 34 78 48 86 86 6 62 70 8 74 13 99 58 96 30 91 38 86 22 23 87 10 42 91 37 82 50 87 18
r94 0.884073
47 75 76 30 58 74 84 25 77 58 33 76 13 27 7 97 60 88 19 75 73 25 14 64 57 92 12 44 10 9
69 49 79 45 74 34 19 55 54 91 10 82 64 19 9 66 16 61 52 27 36 22 47 46 78 97 38 85 41 40
r95 0.605434
84 65 44 55 94 58 7 45 46 12 28 11 23 29 69 34 86 18 57 22 35 96 60 11 93 93 91 32 33 75
34 14 37 74 61 29 29 63 69 68 68 92 71 86 19 37 18 5 51 70 19 78 63 75 84 57 65 73 84 91
r96 0.980747
5 77 81 59 6 11 22 71 71 85 60 42 69 74 74 82 71 25 49 86 96 12 58 77 64 23 47 45 11 90
53 12 65 34 63 66 37 77 37 8 60 90 45 29 61 20 11 33 37 55 16 33 59 66 8 21 81 50 61 88
r97 0.63092
95 98 41 55 64 73 32 94 77 87 84 22 16 45 34 19 70 67 66 78 92 26 44 92 42 26 43 95 14 76
7 6 74 43 56 35 16 80 26 85 68 10 5 76 48 34 91 15 93 54 89 86 75 30 75 14 51 18 10 57
r98 0.967087
58 60 50 11 88 58 87 14 44 52 17 44 28 57 70 16 67 64 66 53 47 38 79 22 48 27 36 53 80 22
60 38 75 7 42 60 57 29 69 93 76 78 34 96 35 5 13 95 64 71 48 8 9 27 25 49 47 53 97 27
r99 0.579214
57 43 53 94 98 11 23 64 99 91 43 31 88 70 31 96 65 87 64 14 90 68 33 12 15 75 61 12 94 26
59 52 64 12 46 59 15 65 20 12 53 58 38 41 29 61 34 86 48 93 92 35 59 26 42 69 93 95 73 88
r100 0.989012
40 77 37 78 33 44 40 49 48 89 99 81 27 25 42 57 12 82 47 99 14 98 22 49 64 13 41 35 93 58
59 30 32 88 8 58 33 44 7 76 30 98 55 52 24 89 6 28 69 46 27 78 44 42 27 6 47 64 36 40
r101 0.734655
65 43 76 65 96 6 6 95 74 31 94 26 76 15 16 77 38 77 20 57 55 57 94 78 58 41 39 86 73 53
70 35 88 46 96 85 44 94 80 16 23 71 37 94 81 45 68 19 22 81 72 70 38 63 48 91 97 79 74 70
r102 0.55401
98 17 83 94 97 24 85 75 35 8 43 65 94 25 7 60 36 25 41 5 90 74 64 35 62 58 11 33 28 35
72 26 47 52 17 42 72 98 17 99 98 55 64 90 72 67 50 9 84 83 9 71 57 65 98 16 23 9 44 44
r103 0.912047
62 78 61 75 20 33 70 29 32 65 77 89 55 49 53 97 50 34 80 52 5 34 17 95 45 33 96 81 72 35
90 34 10 51 6 26 79 68 50 8 34 27 89 81 69 42 79 19 71 59 63 68 89 73 60 31 6 56 13 70
r104 0.746167
96 89 46 95 12 22 63 54 25 89 77 15 71 43 49 50 54 18 6 18 78 87 83 39 19 84 87 24 51 71
19 47 57 60 42 64 77 98 18 94 87 87 6 58 27 51 5 77 61 7 87 39 89 70 70 8 51 55 24 94
r105 0.953395
41 75 93 76 36 70 71 46 62 58 34 63 14 53 11 14 27 67 16 14 99 6 76 66 6 24 21 26 18 39
59 52 14 50 28 45 17 91 87 74 49 18 38 58 66 41 65 89 9 76 95 5 74 69 66 73 88 80 94 7
r106 0.697489
51 26 92 71 66 10 62 50 79 11 60 14 62 24 51 27 10 52 95 5 49 70 66 15 43 55 87 34 54 7
76 5 28 69 71 86 74 30 34 50 33 89 60 90 10 8 14 15 52 7 13 96 72 74 8 12 26 91 38 75
r107 0.74597
72 18 75 40 99 46 65 33 92 91 20 49 78 25 49 88 33 96 90 41 92 59 15 95 63 34 86 93 6 76
99 74 89 72 11 89 18 69 19 7 60 34 48 38 52 92 23 77 85 10 18 77 61 25 70 24 54 56 14 56
r108 0.530151
27 19 78 30 8 88 94 20 91 51 46 36 82 93 26 5 70 11 8 80 81 64 98 51 81 52 99 90 5 26
96 24 41 71 50 44 60 41 59 48 85 6 79 67 91 97 64 59 6 67 36 82 29 34 30 10 79 26 92 79
r109 0.828085
96 84 60 43 25 17 79 77 60 61 75 37 25 63 34 82 22 35 49 51 14 70 80 39 75 59 58 68 39 98
54 32 79 11 70 99 24 46 73 76 8 48 13 25 9 40 7 23 70 49 69 77 19 50 16 87 9 66 55 40
r110 0.907506
67 43 9 34 40 25 76 10 97 76 51 7 96 55 42 96 73 10 45 43 82 56 85 90 43 89 57 90 27 18
91 86 54 93 21 86 18 89 91 15 65 42 15 58 92 52 51 66 57 91 6 39 48 86 30 83 72 79 74 94
r111 0.52868
78 43 55 94 29 69 80 21 76 45 58 86 95 48 36 47 11 88 35 12 25 75 90 47 59 62 26 30 54 12
87 32 51 40 23 72 6 98 88 74 40 44 58 32 87 89 71 93 74 7 97 91 74 87 38 30 46 56 55 92
r112 0.774872
24 12 75 39 79 73 37 68 47 69 9 5 97 88 86 68 78 61 67 75 52 39 59 83 64 97 39 17 90 95
52 11 7 24 43 82 92 72 47 36 42 51 34 36 39 20 99 17 76 64 84 26 98 40 9 62 37 40 74 24
r113 0.585532
28 35 39 66 14 28 38 56 60 75 99 89 11 38 9 8 47 78 67 31 96 65 63 97 24 96 34 91 20 62
11 40 93 46 6 99 69 40 56 26 12 55 12 19 86 14 19 33 84 81 57 80 43 20 77 59 13 11 50 26
r114 0.589981
61 56 95 63 55 64 95 11 83 7 59 90 18 45 99 32 70 80 10 27 60 45 40 34 5 45 38 47 66 99
99 25 55 91 80 10 53 75 14 36 77 68 23 88 13 20 20 78 95 26 98 56 66 38 82 63 75 20 11 42
r115 0.97341
59 66 94 39 69 47 14 78 78 83 46 96 71 54 13 84 29 9 10 27 57 68 57 39 32 33 55 38 67 66
37 26 30 31 60 94 73 66 72 48 49 18 42 18 64 50 97 88 51 99 13 8 67 65 43 91 90 90 26 57
r116 0.755908
78 78 85 35 69 56 96 41 96 43 51 38 53 12 81 50 93 32 49 6 36 13 63 71 5 54 58 23 8 11
77 82 82 60 14 51 13 8 85 9 46 33 40 94 38 21 41 31 45 82 29 73 90 84 41 87 35 94 11 39
r117 0.718667
18 77 40 24 25 48 27 7 50 65 36 85 59 66 98 92 92 43 74 18 17 62 94 53 49 30 45 52 61 43
33 71 17 68 90 37 14 18 40 59 78 68 44 35 34 42 24 23 77 94 33 86 56 27 37 97 49 77 50 7
r118 0.860937
73 29 43 64 58 52 74 93 8 49 61 44 79 90 78 99 10 56 90 38 42 43 61 71 40 7 48 82 10 57
57 75 78 96 36 37 45 10 27 46 55 84 85 31 71 64 27 77 17 17 12 51 55 68 23 88 68 63 70 73
r119 0.85862
48 91 21 77 28 58 82 48 99 34 32 82 58 95 43 80 69 55 90 77 6 42 42 24 30 10 83 93 75 96
18 21 87 31 93 13 81 72 56 78 99 80 60 57 72 98 34 42 53 24 16 51 62 50 68 87 53 48 77 28
r120 0.833614
41 28 15 31 33 92 96 84 70 95 61 27 52 34 25 78 68 70 98 79 18 60 26 81 44 74 29 19 95 65
6 33 89 17 60 22 9 56 99 71 48 60 93 92 89 15 70 57 77 68 33 90 25 52 72 65 26 93 79 18
r121 0.570401
47 48 89 99 62 90 55 61 58 95 22 48 87 8 58 57 58 35 23 83 26 43 35 90 5 54 83 76 67 42
54 14 82 40 10 45 28 57 6 81 52 20 30 39 24 80 89 74 16 9 57 34 44 85 24 45 39 7 21 98
r122 0.710408
10 24 8 15 64 28 68 63 9 20 75 31 52 91 12 38 65 20 42 20 46 81 5 65 23 39 64 37 37 98
99 42 23 99 50 79 27 18 39 29 33 15 55 77 6 59 15 67 71 49 79 17 31 79 74 46 15 36 78 44
r123 0.801687
79 49 77 29 26 97 42 60 26 70 67 76 45 69 33 55 33 99 5 12 14 28 86 83 69 96 16 48 37 46
23 16 87 92 40 13 89 77 69 15 45 36 84 85 97 14 40 27 13 37 34 19 60 17 98 30 10 14 70 43
r124 0.758146
54 40 74 90 48 64 64 14 71 9 43 52 86 40 61 27 63 70 59 89 81 17 7 79 39 9 86 9 47 35
86 94 70 60 81 16 24 45 22 88 50 60 40 36 93 97 55 53 64 12 42 45 21 41 22 55 43 5 56 85
r125 0.948153
76 98 97 57 11 19 98 28 7 45 81 39 73 71 33 29 24 92 33 58 35 49 92 49 99 35 49 55 17 76
89 89 71 86 43 74 97 41 95 99 78 76 36 52 47 64 73 63 54 6 18 81 47 10 30 43 40 71 90 50
r126 0.674464
39 13 62 77 82 60 16 77 56 89 50 87 41 89 49 14 52 98 12 66 79 51 68 6 86 9 72 76 54 13
52 85 21 12 59 99 67 70 73 20 57 24 5 93 13 49 5 58 44 9 21 20 53 84 21 39 85 85 13 36
r127 0.5686
18 12 64 73 8 31 40 76 44 92 95 44 83 6 85 80 59 26 84 72 41 37 56 54 69 39 36 77 70 26
34 84 30 94 57 33 22 89 10 61 82 5 97 65 6 82 42 57 8 26 29 41 56 78 87 22 17 23 94 82
r128 0.677045
63 67 22 17 96 40 7 6 93 81 98 91 43 97 73 80 54 74 98 76 12 51 54 95 68 66 18 59 45 52
83 6 20 97 18 13 34 20 11 28 93 9 16 36 98 84 16 50 55 15 26 63 61 72 58 27 35 68 81 75
r129 0.746965
76 33 59 87 41 85 99 47 10 93 48 21 29 47 6 41 89 53 48 12 16 6 79 66 28 14 35 10 81 48
66 55 76 22 42 17 8 41 56 13 34 99 30 56 43 28 89 29 73 37 36 82 38 15 48 59 21 75 64 98
r130 0.571445
50 91 45 87 5 45 25 56 50 55 53 72 8 88 92 92 18 66 26 49 45 59 57 88 18 70 61 74 65 76
94 15 65 36 97 65 76 23 19 23 70 64 88 73 49 80 62 62 43 83 9 83 39 58 69 50 25 30 24 86
r131 0.779266
96 63 46 91 26 22 14 37 38 76 93 26 46 42 6 8 97 42 83 98 25 22 53 89 67 73 16 84 59 12
94 53 67 41 44 88 55 53 22 85 26 12 11 67 50 10 67 44 47 50 39 64 64 87 54 29 57 62 10 17
r132 0.806572
65 37 34 9 22 85 54 37 67 72 44 74 39 86 76 98 27 23 48 61 82 9 45 33 33 98 88 35 12 57
32 69 86 61 70 6 43 24 38 11 91 74 77 27 61 53 25 83 71 65 45 50 66 82 76 92 80 64 27 87
r133 0.566486
56 5 13 26 6 48 42 36 54 30 10 28 49 66 76 66 47 44 28 84 87 90 66 63 82 47 27 6 34 40
53 83 37 61 6 35 9 44 66 56 66 72 76 16 35 53 77 77 89 6 61 76 88 28 39 70 70 58 71 96
r134 0.959188
76 28 77 78 59 79 19 25 32 80 89 8 88 25 56 66 97 46 64 59 19 52 82 54 19 49 12 85 42 98
7 19 27 79 92 78 55 8 98 82 83 88 86 69 10 39 35 7 77 91 58 92 43 40 43 57 81 50 39 24
r135 0.977836
38 68 18 27 46 68 30 41 48 10 26 31 74 31 65 6 31 40 92 84 29 32 25 67 81 98 14 21 22 55
54 52 23 64 71 61 30 93 95 73 99 21 99 70 45 61 69 71 93 58 55 22 83 72 81 64 71 91 77 85
r136 0.901825
38 62 88 9 20 18 98 15 83 94 29 82 61 69 41 30 40 31 81 87 49 64 60 27 25 31 15 98 16 57
27 46 16 15 51 31 26 46 39 9 40 63 87 96 32 25 24 64 51 97 51 92 61 11 20 81 34 30 76 46
r137 0.92508
84 87 14 35 19 35 76 53 36 13 13 20 7 40 40 23 99 84 20 50 76 73 57 88 51 83 16 28 29 87
26 11 75 32 41 86 59 15 36 91 20 44 11 19 76 47 37 75 28 49 22 99 22 71 85 69 55 93 89 76
r138 0.935984
82 52 43 21 35 97 28 63 85 43 99 92 58 75 36 87 47 59 34 65 55 51 36 40 17 86 30 6 60 8
14 42 55 52 58 83 46 81 46 29 22 46 21 72 18 52 59 61 8 88 26 58 37 54 91 46 38 21 45 93
r139 0.822594
32 72 98 83 55 41 61 93 65 78 36 81 50 50 30 7 8 33 87 26 84 21 75 75 63 10 91 8 98 13
54 28 77 52 11 32 88 67 22 54 46 51 32 88 93 55 87 96 83 75 22 67 91 89 39 51 95 28 54 90
r140 0.990449
15 10 52 21 34 41 81 51 87 27 97 16 12 90 66 95 83 47 67 97 11 58 87 46 10 79 69 56 66 97
57 77 7 9 90 36 45 71 79 29 90 74 41 98 61 7 90 45 49 57 42 56 12 26 94 14 97 60 66 64
r141 0.514197
38 56 24 28 84 62 95 60 86 82 34 27 80 88 27 67 33 68 21 67 21 29 86 15 35 83 67 96 44 21
13 77 69 33 98 50 90 90 11 73 72 37 93 50 25 20 14 50 80 31 15 97 52 96 9 82 76 69 79 21
r142 0.743505
90 55 17 85 5 7 75 8 73 45 41 66 87 61 78 96 9 58 24 19 52 71 12 54 54 83 23 30 96 5
14 84 55 27 69 53 26 42 56 94 79 92 60 66 51 38 59 52 89 76 66 41 47 73 90 96 53 10 26 50
r143 0.79536
31 58 55 95 11 76 34 60 68 13 49 28 71 92 59 28 44 48 99 7 84 46 75 72 40 26 74 61 68 80
89 94 36 44 89 39 18 21 94 81 29 44 6 93 36 60 21 76 5 17 78 82 55 51 51 90 69 25 49 37
r144 0.717803
31 34 75 17 68 85 33 60 66 55 99 67 45 32 25 58 5 25 70 76 99 25 24 50 16 88 71 60 22 66
90 48 95 62 57 60 47 83 20 13 35 16 73 75 44 90 33 41 12 95 17 12 20 33 57 28 21 28 80 38
r145 0.930281
78 81 30 33 39 70 16 51 78 43 63 48 18 99 38 43 40 46 35 50 50 47 78 7 71 92 28 48 27 17
13 98 91 39 31 30 6 39 76 76 77 36 25 87 35 55 30 68 93 60 15 43 7 85 46 70 74 69 16 97
r146 0.887101
95 66 55 26 88 56 60 65 33 34 93 50 21 26 5 46 86 91 98 96 34 97 78 72 65 53 38 76 47 14
95 42 75 48 60 64 99 17 26 29 46 19 74 62 37 75 5 23 63 95 19 92 89 90 62 54 43 95 30 85
r147 0.650404
24 80 63 76 41 62 88 62 87 31 73 58 88 11 30 85 29 88 77 41 81 66 31 43 21 66 35 43 51 40
58 67 17 21 43 53 76 31 15 60 54 80 18 39 83 44 24 13 32 93 46 10 59 72 45 72 38 76 16 81
r148 0.982949
48 25 83 83 73 59 11 80 19 60 60 29 94 44 68 15 49 93 8 90 98 59 59 41 32 89 17 40 70 25
6 15 45 84 90 15 40 96 90 51 56 47 76 47 83 44 57 29 34 57 19 33 16 70 66 43 59 75 78 26
r149 0.901366
33 37 61 23 47 94 16 34 45 67 76 21 11 57 58 60 81 87 17 93 17 29 63 78 64 20 53 40 41 45
17 70 77 70 85 21 64 97 47 10 61 21 26 68 73 79 28 54 67 38 47 76 59 11 55 23 26 5 55 59
r150 0.75705
26 20 38 12 34 97 6 76 7 62 92 26 27 65 97 48 17 61 81 59 38 37 62 88 52 80 85 8 40 31
70 58 44 5 62 73 98 63 49 97 26 39 20 45 99 18 88 13 74 69 68 12 98 27 92 51 8 78 54 40
r151 0.587274
90 45 22 53 18 17 16 60 11 34 94 27 75 90 40 63 99 11 30 64 16 28 86 8 74 86 78 28 23 80
45 14 25 59 62 36 71 70 91 77 5 82 99 75 72 36 38 68 40 60 32 51 84 16 54 55 97 30 79 18
r152 0.816715
27 27 75 81 58 43 51 46 20 48 28 17 23 96 45 54 64 80 14 89 31 90 5 78 46 94 8 22 12 10
35 31 32 10 9 83 45 53 29 57 96 53 69 17 49 12 66 10 87 72 94 16 60 91 89 6 86 89 20 90
r153 0.728347
22 26 52 23 6 92 71 31 49 68 79 16 80 25 23 43 30 7 12 22 18 67 13 99 65 91 88 80 79 79
30 96 98 77 16 99 66 83 30 13 51 9 24 28 29 39 63 52 41 70 69 52 38 74 51 98 63 37 79 42
r154 0.806093
35 14 76 46 14 42 29 36 50 72 41 66 92 62 5 55 14 39 26 75 86 59 47 34 54 10 66 33 47 75
32 77 81 8 23 87 42 45 24 85 14 60 51 7 19 49 54 29 83 75 96 66 31 43 95 81 48 59 11 87
r155 0.542413
64 12 38 80 95 76 22 19 58 31 71 9 30 85 50 80 11 30 55 5 91 79 43 84 60 87 43 63 74 69
94 36 73 32 13 68 5 30 79 58 53 50 60 79 33 10 59 36 36 11 36 27 85 72 8 42 59 43 6 30
r156 0.563633
58 78 27 66 43 25 88 23 78 42 65 38 21 93 44 75 27 72 78 55 91 64 27 95 6 78 38 99 6 43
94 59 18 19 23 56 36 11 74 14 48 40 48 64 30 84 36 52 53 12 5 44 71 27 39 69 6 70 66 7
r157 0.641929
58 23 71 76 74 7 83 46 14 28 81 54 85 8 38 18 53 83 25 53 27 88 75 59 58 73 29 21 75 31
73 34 49 42 7 20 44 82 61 50 11 39 99 88 43 34 6 91 17 27 41 40 15 13 91 65 82 20 81 54
r158 0.513547
80 87 92 83 7 33 65 61 76 68 95 75 56 38 7 58 26 19 77 62 51 84 68 42 50 50 54 28 99 92
75 80 76 64 63 76 90 25 37 66 89 32 38 42 63 40 95 84 52 69 44 95 54 12 38 96 54 84 24 53
r159 0.830943
30 47 56 85 23 43 11 55 9 92 83 40 34 43 75 27 27 24 88 63 20 42 67 50 38 21 31 55 67 5
44 92 48 92 78 66 36 81 19 37 70 94 72 96 37 45 20 56 64 9 20 76 46 79 26 77 96 53 29 60
r160 0.98806
52 93 60 27 57 88 5 68 26 67 62 90 64 94 32 79 50 92 83 62 68 27 42 87 99 35 40 25 90 85
88 39 76 45 59 33 34 56 96 52 24 55 42 83 49 70 59 91 59 40 54 24 62 88 11 58 23 43 78 10
r161 0.753577
44 5 11 95 30 37 52 23 84 71 73 24 51 19 89 10 10 45 45 56 64 99 44 68 57 59 11 35 64 32
93 9 32 97 96 54 31 48 72 16 19 42 35 62 56 21 68 59 61 10 12 22 10 49 82 62 8 89 90 68
r162 0.799628
69 46 74 65 95 6 11 65 17 22 7 44 80 56 57 48 12 18 53 19 32 58 60 15 18 64 96 5 29 17
80 93 55 52 55 51 53 61 16 62 79 15 98 56 63 55 99 70 68 49 82 92 5 42 99 15 98 95 15 27
r163 0.518093
17 60 39 65 11 87 26 19 46 97 27 44 53 85 94 49 56 59 94 35 52 91 69 51 6 68 44 16 87 49
98 5 9 35 62 16 22 80 27 64 78 49 5 28 35 95 73 83 54 64 15 98 52 79 47 53 44 86 61 32
r164 0.689763
29 39 86 86 47 6 66 70 62 41 16 62 62 43 57 32 26 9 88 36 7 40 13 49 85 52 35 46 76 62
94 97 97 78 83 41 79 47 8 41 80 20 98 42 58 53 69 77 57 57 10 59 92 18 6 77 63 33 20 39
r165 0.720724
37 85 85 17 26 61 59 30 97 37 42 92 74 92 42 44 69 94 96 72 51 86 85 49 60 48 77 73 80 65
80 17 50 62 26 72 23 78 94 17 15 33 9 84 25 44 25 87 35 22 59 81 5 41 27 60 85 5 33 62
r166 0.902521
71 13 67 92 80 85 67 71 97 77 99 99 59 24 43 79 8 73 93 62 52 93 99 74 54 81 71 82 43 34
88 11 42 55 98 19 38 66 85 35 40 81 31 94 97 69 74 6 40 67 63 84 61 59 55 12 40 27 89 75
r167 0.556096
81 90 30 77 9 63 40 86 90 72 67 22 67 64 83 38 62 23 97 23 7 55 77 55 62 15 77 52 85 30
23 64 17 48 38 18 8 70 99 91 42 63 13 9 24 91 39 79 12 37 97 11 87 74 61 50 84 35 94 67
r168 0.617061
28 69 58 61 82 58 31 78 49 65 38 54 67 55 43 6 34 47 38 31 53 23 97 12 65 79 39 59 46 92
68 66 61 26 27 41 77 50 16 26 15 47 73 77 97 16 76 28 55 11 51 8 29 48 12 86 27 47 45 65
r169 0.510729
31 92 32 50 30 6 95 39 25 8 78 93 77 72 6 53 95 56 57 46 56 81 86 61 68 14 8 10 71 39
16 98 28 41 45 51 42 38 82 59 41 60 52 15 32 50 61 24 6 18 65 55 91 51 16 56 57 16 62 26
r170 0.867549
24 67 8 61 15 43 94 92 97 32 49 47 43 73 92 96 92 91 14 57 46 5 6 54 57 55 62 16 76 6
78 92 68 82 54 76 25 45 65 22 73 15 64 13 83 54 9 76 45 15 30 83 12 28 37 61 79 91 72 52
r171 0.612227
45 60 30 91 33 50 36 94 64 9 6 26 14 81 75 18 57 17 25 80 95 33 5 29 89 79 20 62 29 12
10 69 64 32 57 93 74 88 84 35 90 85 56 99 66 28 15 21 40 35 93 35 63 93 59 50 70 71 9 94
r172 0.825153
60 40 38 17 33 12 97 14 42 87 94 91 84 60 19 91 73 52 23 66 82 79 60 39 29 30 10 33 21 81
39 76 21 72 88 46 76 82 55 15 70 46 6 51 98 18 42 72 65 60 38 44 39 90 75 60 17 78 88 33
r173 0.958218
9 72 91 89 15 67 69 62 78 36 8 76 82 6 89 21 73 54 73 9 91 10 91 66 65 9 44 54 34 95
73 36 64 65 22 74 32 86 36 7 22 36 79 99 38 68 17 8 20 86 9 8 91 96 69 56 97 11 7 31
r174 0.893061
62 60 41 77 31 65 63 60 65 81 91 44 77 26 9 90 30 21 73 31 24 64 27 86 17 21 89 17 48 87
88 7 44 26 79 71 83 40 31 48 21 19 87 90 41 89 77 63 10 50 89 30 11 14 13 21 30 97 33 70
r175 0.562253
70 26 39 46 92 19 81 20 63 94 31 47 85 67 36 59 27 39 10 17 61 13 26 69 29 48 66 54 19 47
67 81 65 6 27 54 18 9 66 76 98 93 20 80 60 49 40 83 83 42 92 41 47 15 10 72 58 68 26 69
r176 0.525833
50 73 87 73 27 97 74 89 73 69 82 86 50 39 35 82 19 15 21 11 51 63 18 53 32 72 21 54 41 28
40 87 96 24 57 21 22 31 10 87 95 84 70 42 23 5 21 35 12 37 38 58 93 52 8 25 24 24 71 57
r177 0.715494
41 38 28 93 54 42 21 56 26 14 40 92 48 56 89 65 86 97 97 24 52 90 68 56 13 87 72 79 42 17
83 78 51 8 69 97 42 82 54 60 91 86 52 40 42 42 5 25 36 94 42 83 82 10 36 90 90 9 66 29
r178 0.984636
7 64 49 68 59 86 51 10 47 39 91 91 71 31 30 68 48 58 63 82 42 42 85 73 29 72 74 87 96 88
37 95 49 78 64 8 62 12 13 6 46 97 92 15 25 20 78 65 73 38 48 12 75 33 81 96 5 52 84 96
r179 0.553734
88 85 91 52 88 50 56 94 51 95 88 44 10 10 56 83 70 29 22 18 37 89 43 15 83 40 62 64 33 98
77 22 80 65 66 68 16 23 59 62 15 47 98 20 49 51 95 20 76 14 30 10 96 66 17 79 6 71 43 35
r180 0.760253
49 46 77 15 12 88 30 66 48 40 11 43 52 55 90 48 67 63 54 93 65 50 59 77 29 60 45 64 87 12
76 36 50 54 44 57 39 69 21 79 7 24 23 51 74 13 94 39 68 46 32 33 91 83 7 21 43 47 77 28
r181 0.707966
56 97 8 95 51 39 62 64 19 61 83 34 12 55 39 99 89 7 45 18 35 36 96 37 49 36 76 27 59 28
76 16 22 76 8 65 12 65 27 26 23 10 52 31 57 86 30 43 88 67 56 20 98 52 49 45 84 26 67 40
r182 0.890032
48 60 13 52 22 20 14 44 39 33 47 86 56 99 73 81 43 58 48 91 71 43 41 20 80 25 38 44 57 76
79 6 36 84 53 51 5 59 90 36 87 37 22 43 34 87 21 69 43 61 60 14 97 96 26 77 18 60 22 71
r183 0.996166
72 65 78 22 13 75 73 98 11 58 36 28 93 62 13 15 31 51 68 83 57 65 80 78 40 90 35 57 61 64
50 30 29 25 44 37 95 18 32 6 71 60 27 61 22 32 71 45 75 37 29 32 97 9 10 34 91 41 86 50
r184 0.518769
72 26 51 17 55 47 27 79 45 90 40 64 51 54 88 20 95 63 52 24 90 46 25 93 76 16 31 59 61 28
85 34 46 37 43 93 76 62 72 18 52 9 78 95 59 66 15 54 27 59 70 17 98 90 7 74 6 30 30 60
r185 0.51167
89 91 45 29 81 21 86 51 34 35 55 9 30 11 68 38 57 90 89 27 99 87 14 7 58 16 32 84 71 78
95 57 66 37 81 45 53 64 91 79 94 43 81 24 47 49 54 99 39 44 24 38 31 33 37 85 41 62 69 9
r186 0.665501
58 95 90 39 40 43 95 31 19 89 67 95 14 14 44 63 10 75 7 26 11 31 52 43 16 88 5 77 90 34
35 48 30 25 80 65 60 75 89 74 65 56 67 74 62 11 34 64 79 34 86 85 60 38 28 68 23 26 42 13
r187 0.757474
57 80 86 37 43 46 12 32 17 72 80 79 43 42 83 70 6 62 96 84 47 56 22 67 21 38 88 55 46 41
24 98 21 10 32 56 48 40 83 57 9 63 37 45 97 17 12 96 71 8 80 18 56 95 77 72 33 63 24 71
r188 0.67724
70 17 45 97 69 85 34 49 42 39 13 74 76 7 83 83 98 54 86 76 64 39 68 42 11 93 5 27 64 96
65 34 13 7 29 77 87 58 24 29 89 32 96 62 31 79 42 27 34 28 95 90 59 63 32 65 56 29 87 20
r189 0.838353
47 31 48 68 5 35 23 24 57 10 48 53 67 75 29 10 97 55 30 92 46 85 52 70 47 8 95 32 20 17
73 59 43 22 24 44 52 43 63 6 48 12 54 15 79 79 17 76 34 43 65 72 25 14 43 67 17 35 94 29
r190 0.766222
81 83 82 5 27 31 40 82 33 83 86 82 91 65 58 8 38 85 43 98 57 60 12 95 28 21 30 19 43 70
79 21 53 58 18 75 85 54 54 18 34 41 92 22 6 48 23 40 33 58 35 85 19 40 78 42 53 8 53 88
r191 0.959561
9 23 83 20 90 65 66 45 78 95 81 68 15 79 16 33 19 41 86 47 26 5 82 96 39 32 5 85 21 70
15 22 89 90 34 76 56 95 21 31 88 97 94 98 77 7 31 88 43 14 35 62 15 14 58 46 42 55 31 55
r192 0.671059
72 9 29 7 80 77 94 97 8 82 91 95 80 65 94 8 51 38 18 81 92 25 88 50 66 30 98 93 77 21
31 49 25 55 48 97 29 43 94 33 25 83 25 98 48 19 98 94 49 16 73 41 36 61 87 98 83 82 91 60
r193 0.792048
6 20 67 47 17 91 85 9 24 7 87 41 97 32 56 96 24 5 12 89 42 41 50 26 36 30 8 24 85 98
38 83 18 5 30 27 92 12 31 13 15 15 50 9 40 98 5 59 98 10 48 37 46 90 58 74 20 58 93 97
r194 0.54689
77 69 29 8 92 18 15 20 26 22 31 68 27 66 63 27 22 62 29 65 94 67 52 50 41 67 8 34 61 60
58 38 26 82 41 18 95 49 31 18 66 57 79 85 20 42 10 37 96 34 94 88 97 46 38 38 10 38 68 66
r195 0.812973
96 20 5 38 30 92 79 56 10 42 10 81 28 22 21 33 54 17 62 45 5 56 83 35 90 88 69 55 51 62
73 48 74 73 78 97 65 57 53 67 91 56 46 19 73 62 44 25 74 7 65 72 55 49 7 45 34 71 95 81
r196 0.627052
26 5 38 99 97 98 53 48 63 41 96 9 56 69 63 95 86 37 94 52 6 50 93 9 87 24 72 80 97 98
48 23 96 82 19 90 77 64 38 37 6 31 38 54 93 96 49 79 34 41 28 32 83 21 36 67 38 6 47 35
r197 0.70369
54 95 70 65 86 44 30 21 74 28 48 12 77 41 9 23 17 35 56 41 62 39 54 91 7 87 92 46 23 91
34 69 84 96 34 70 41 56 83 12 79 28 19 53 61 23 72 74 53 28 15 13 60 64 99 59 49 91 5 67
r198 0.6052
36 63 28 62 30 64 19 11 71 90 34 83 44 88 6 13 59 52 33 66 60 88 27 59 44 71 50 45 38 26
72 66 85 95 29 12 57 40 18 25 27 48 8 63 33 7 71 87 54 5 53 14 85 75 68 30 47 15 67 77
r199 0.516592
44 18 31 65 26 80 5 39 6 24 79 6 83 9 5 54 91 54 51 41 60 37 17 28 62 56 35 29 33 64
60 69 74 83 34 92 64 34 29 62 51 5 63 34 10 64 83 93 15 32 35 71 64 44 91 26 95 24 47 25
r200 0.63659
90 54 82 24 44 46 51 68 5 97 68 64 31 73 25 11 64 32 38 94 98 97 38 87 20 30 11 59 50 86
58 40 37 38 57 76 76 8 41 77 97 10 38 25 75 58 31 39 82 62 30 78 56 63 65 69 88 71 28 36
